1.4000e+01 1.1463e-08 7.9767e-09 8.0994e-08 9.3772e-09 1.2928e-08 2.6279e-09
2.0000e+00 6.9524e-07 4.7578e-07 3.9723e-06 5.5922e-07 6.3405e-07 1.4965e-07
2.0000e+01 5.5952e-09 3.8992e-09 3.9647e-08 4.5935e-09 6.3290e-09 1.2861e-09
3.0000e+01 2.4918e-09 1.7427e-09 1.7579e-08 2.0649e-09 2.8073e-09 5.7507e-10
8.0000e+00 3.5782e-08 2.4828e-08 2.4820e-07 2.9147e-08 3.9618e-08 8.1496e-09
4.5000e+01 1.1223e-09 7.9109e-10 7.7766e-09 9.4789e-10 1.2433e-09 2.6066e-10
9.0000e+00 2.8187e-08 1.9549e-08 1.9609e-07 2.2938e-08 3.1301e-08 6.4225e-09
3.4000e+01 1.9460e-09 1.3634e-09 1.3670e-08 1.6198e-09 2.1836e-09 4.4978e-10
1.9000e+01 6.1951e-09 4.3181e-09 4.3939e-08 5.0883e-09 7.0139e-09 1.4243e-09
5.7000e+01 7.1133e-10 5.0622e-10 4.8303e-09 6.1323e-10 7.7263e-10 1.6625e-10
2.3000e+01 4.2243e-09 2.9470e-09 2.9960e-08 3.4777e-09 4.7830e-09 9.7253e-10
4.7000e+01 1.0308e-09 7.2765e-10 7.1244e-09 8.7348e-10 1.1392e-09 2.3968e-10
5.3000e+01 8.1696e-10 5.7942e-10 5.5926e-09 6.9932e-10 8.9452e-10 1.9058e-10
3.9000e+01 1.4832e-09 1.0420e-09 1.0373e-08 1.2430e-09 1.6577e-09 3.4370e-10
5.0000e+00 9.5024e-08 6.5605e-08 6.3550e-07 7.6940e-08 1.0144e-07 2.1394e-08
3.0000e+00 2.8377e-07 1.9479e-07 1.7654e-06 2.2849e-07 2.8180e-07 6.2576e-08
2.7000e+01 3.0691e-09 2.1442e-09 2.1720e-08 2.5366e-09 3.4680e-09 7.0770e-10
2.5000e+01 3.5803e-09 2.4997e-09 2.5347e-08 2.9532e-09 4.0468e-09 8.2481e-10
4.0000e+01 1.4120e-09 9.9249e-10 9.8580e-09 1.1846e-09 1.5754e-09 3.2729e-10
4.6000e+01 1.0742e-09 7.5795e-10 7.4398e-09 9.0940e-10 1.1895e-09 2.4974e-10
2.1000e+01 5.0709e-09 3.5360e-09 3.5954e-08 4.1696e-09 5.7395e-09 1.1665e-09
5.5000e+01 7.6153e-10 5.4087e-10 5.1905e-09 6.5388e-10 8.3025e-10 1.7777e-10
4.2000e+01 1.2835e-09 9.0296e-10 8.9358e-09 1.0793e-09 1.4283e-09 2.9770e-10
4.9000e+01 9.5107e-10 6.7244e-10 6.5506e-09 8.0866e-10 1.0476e-09 2.2137e-10
1.8000e+01 6.9126e-09 4.8146e-09 4.8965e-08 5.6684e-09 7.8163e-09 1.5877e-09
4.4000e+01 1.1726e-09 8.2592e-10 8.1368e-09 9.8868e-10 1.3008e-09 2.7218e-10
4.0000e+00 1.5241e-07 1.0495e-07 9.9302e-07 1.2308e-07 1.5851e-07 3.4052e-08
3.7000e+01 1.6471e-09 1.1555e-09 1.1533e-08 1.3757e-09 1.8426e-09 3.8112e-10
1.3000e+01 1.3336e-08 9.2706e-09 9.3946e-08 1.0893e-08 1.4996e-08 3.0529e-09
6.0000e+00 6.4849e-08 4.4864e-08 4.4130e-07 5.2648e-08 7.0440e-08 1.4679e-08
1.0000e+01 2.2691e-08 1.5758e-08 1.5882e-07 1.8506e-08 2.5351e-08 5.1822e-09
5.4000e+01 7.8820e-10 5.5949e-10 5.3861e-09 6.7594e-10 8.6150e-10 1.8397e-10
5.2000e+01 8.4766e-10 6.0068e-10 5.8114e-09 7.2424e-10 9.2949e-10 1.9761e-10
5.0000e+01 9.1478e-10 6.4725e-10 6.2894e-09 7.7901e-10 1.0058e-09 2.1302e-10
7.0000e+00 4.7234e-08 3.2714e-08 3.2420e-07 3.8376e-08 5.1749e-08 1.0719e-08
2.2000e+01 4.6187e-09 3.2223e-09 3.2753e-08 3.8021e-09 5.2287e-09 1.0632e-09
2.9000e+01 2.6624e-09 1.8615e-09 1.8817e-08 2.2046e-09 3.0049e-09 6.1439e-10
3.3000e+01 2.0603e-09 1.4436e-09 1.4515e-08 1.7148e-09 2.3185e-09 4.7639e-10
1.2000e+01 1.5668e-08 1.0892e-08 1.1027e-07 1.2799e-08 1.7601e-08 3.5859e-09
4.1000e+01 1.3456e-09 9.4635e-10 9.3801e-09 1.1303e-09 1.4992e-09 3.1201e-10
4.8000e+01 9.8988e-10 6.9920e-10 6.8285e-09 8.4001e-10 1.0919e-09 2.3026e-10
4.3000e+01 1.2250e-09 8.6266e-10 8.5222e-09 1.0323e-09 1.3623e-09 2.8439e-10
5.1000e+01 8.8036e-10 6.2341e-10 6.0434e-09 7.5079e-10 9.6654e-10 2.0511e-10
1.7000e+01 7.7515e-09 5.3991e-09 5.4904e-08 6.3556e-09 8.7642e-09 1.7800e-09
3.8000e+01 1.5617e-09 1.0964e-09 1.0930e-08 1.3068e-09 1.7464e-09 3.6166e-10
2.6000e+01 3.3100e-09 2.3117e-09 2.3429e-08 2.7327e-09 3.7407e-09 7.6286e-10
1.5000e+01 9.9728e-09 6.9430e-09 7.0544e-08 8.1678e-09 1.1261e-08 2.2881e-09
3.6000e+01 1.7357e-09 1.2173e-09 1.2186e-08 1.4484e-09 1.9468e-09 4.0165e-10
3.1000e+01 2.3331e-09 1.6327e-09 1.6459e-08 1.9359e-09 2.6285e-09 5.3879e-10
5.6000e+01 7.3603e-10 5.2318e-10 5.0056e-09 6.3315e-10 8.0066e-10 1.7189e-10
1.6000e+01 8.7626e-09 6.0977e-09 6.1992e-08 7.1725e-09 9.8955e-09 2.0101e-09
1.1000e+01 1.8693e-08 1.2983e-08 1.3124e-07 1.5247e-08 2.0949e-08 4.2726e-09
3.5000e+01 1.8342e-09 1.2866e-09 1.2896e-08 1.5300e-09 2.0602e-09 4.2447e-10
2.4000e+01 3.8831e-09 2.7108e-09 2.7509e-08 3.2015e-09 4.3918e-09 8.9442e-10
3.2000e+01 2.1914e-09 1.5340e-09 1.5442e-08 1.8202e-09 2.4662e-09 5.0623e-10
2.8000e+01 2.8568e-09 1.9973e-09 2.0191e-08 2.3639e-09 3.2240e-09 6.5901e-10
5.9000e+01 6.6582e-10 4.7483e-10 4.5064e-09 5.7639e-10 7.2079e-10 1.5583e-10
6.5000e+01 5.5451e-10 3.9797e-10 3.7089e-09 4.8585e-10 5.9298e-10 1.3023e-10
5.8000e+01 6.8784e-10 4.9012e-10 4.6641e-09 5.9437e-10 7.4603e-10 1.6090e-10
6.3000e+01 5.8794e-10 4.2099e-10 3.9491e-09 5.1299e-10 6.3153e-10 1.3793e-10
6.4000e+01 5.7082e-10 4.0912e-10 3.8263e-09 4.9904e-10 6.1181e-10 1.3398e-10
6.1000e+01 6.2515e-10 4.4654e-10 4.2139e-09 5.4295e-10 6.7396e-10 1.4643e-10
7.1000e+01 4.7015e-10 3.3988e-10 3.1068e-09 4.1764e-10 4.9625e-10 1.1086e-10
8.1000e+01 3.6962e-10 2.7097e-10 2.3877e-09 3.3639e-10 3.8029e-10 8.7715e-11
6.0000e+01 6.4499e-10 4.6047e-10 4.3565e-09 5.5930e-10 6.9679e-10 1.5103e-10
6.7000e+01 5.2420e-10 3.7679e-10 3.4900e-09 4.6093e-10 5.5783e-10 1.2320e-10
9.4000e+01 2.8403e-10 2.1311e-10 1.7775e-09 2.6840e-10 2.8134e-10 6.8051e-11
6.6000e+01 5.3916e-10 3.8720e-10 3.5968e-09 4.7312e-10 5.7500e-10 1.2665e-10
6.2000e+01 6.0598e-10 4.3342e-10 4.0785e-09 5.2762e-10 6.5223e-10 1.4207e-10
6.8000e+01 5.0977e-10 3.6697e-10 3.3876e-09 4.4943e-10 5.4141e-10 1.1992e-10
9.5000e+01 2.7892e-10 2.0970e-10 1.7407e-09 2.6436e-10 2.7537e-10 6.6872e-11
6.9000e+01 4.9605e-10 3.5751e-10 3.2898e-09 4.3832e-10 5.2569e-10 1.1676e-10
7.3000e+01 4.4693e-10 3.2382e-10 2.9387e-09 3.9853e-10 4.6919e-10 1.0547e-10
7.2000e+01 4.5829e-10 3.3172e-10 3.0209e-09 4.0792e-10 4.8243e-10 1.0811e-10
7.5000e+01 4.2532e-10 3.0902e-10 2.7840e-09 3.8114e-10 4.4427e-10 1.0051e-10
7.7000e+01 4.0535e-10 2.9528e-10 2.6414e-09 3.6500e-10 4.2128e-10 9.5906e-11
7.8000e+01 3.9579e-10 2.8879e-10 2.5743e-09 3.5745e-10 4.1044e-10 9.3732e-11
8.2000e+01 3.6152e-10 2.6544e-10 2.3301e-09 3.2990e-10 3.7098e-10 8.5854e-11
8.3000e+01 3.5367e-10 2.6013e-10 2.2746e-09 3.2369e-10 3.6199e-10 8.4063e-11
7.4000e+01 4.3584e-10 3.1617e-10 2.8598e-09 3.8969e-10 4.5648e-10 1.0293e-10
8.0000e+01 3.7788e-10 2.7672e-10 2.4475e-09 3.4317e-10 3.8996e-10 8.9641e-11
8.5000e+01 3.3906e-10 2.5019e-10 2.1694e-09 3.1190e-10 3.4497e-10 8.0683e-11
8.6000e+01 3.3214e-10 2.4541e-10 2.1196e-09 3.0631e-10 3.3690e-10 7.9078e-11
7.6000e+01 4.1515e-10 3.0202e-10 2.7112e-09 3.7293e-10 4.3254e-10 9.8163e-11
9.7000e+01 2.6913e-10 2.0319e-10 1.6706e-09 2.5667e-10 2.6396e-10 6.4618e-11
8.4000e+01 3.4622e-10 2.5510e-10 2.2210e-09 3.1768e-10 3.5333e-10 8.2343e-11
7.9000e+01 3.8663e-10 2.8264e-10 2.5097e-09 3.5020e-10 4.0000e-10 9.1648e-11
1.0800e+02 2.2456e-10 1.7391e-10 1.3526e-09 2.2246e-10 2.1216e-10 5.4399e-11
8.9000e+01 3.1241e-10 2.3219e-10 1.9803e-09 2.9083e-10 3.1430e-10 7.4579e-11
9.1000e+01 3.0055e-10 2.2420e-10 1.8951e-09 2.8141e-10 3.0046e-10 7.1843e-11
8.8000e+01 3.1866e-10 2.3638e-10 2.0252e-09 2.9579e-10 3.2158e-10 7.6018e-11
9.3000e+01 2.8935e-10 2.1668e-10 1.8154e-09 2.7256e-10 2.8751e-10 6.9271e-11
7.0000e+01 4.8278e-10 3.4843e-10 3.1964e-09 4.2767e-10 5.1066e-10 1.1374e-10
9.0000e+01 3.0637e-10 2.2814e-10 1.9370e-09 2.8605e-10 3.0727e-10 7.3189e-11
8.7000e+01 3.2527e-10 2.4079e-10 2.0716e-09 3.0095e-10 3.2911e-10 7.7518e-11
9.2000e+01 2.9492e-10 2.2038e-10 1.8546e-09 2.7688e-10 2.9388e-10 7.0538e-11
9.8000e+01 2.6447e-10 2.0006e-10 1.6372e-09 2.5299e-10 2.5852e-10 6.3542e-11
1.0000e+02 2.5546e-10 1.9408e-10 1.5734e-09 2.4604e-10 2.4813e-10 6.1480e-11
1.0600e+02 2.3159e-10 1.7850e-10 1.4031e-09 2.2778e-10 2.2039e-10 5.6016e-11
9.6000e+01 2.7395e-10 2.0641e-10 1.7051e-09 2.6045e-10 2.6958e-10 6.5729e-11
9.9000e+01 2.5993e-10 1.9702e-10 1.6048e-09 2.4945e-10 2.5325e-10 6.2496e-11
1.0200e+02 2.4699e-10 1.8854e-10 1.5133e-09 2.3956e-10 2.3834e-10 5.9547e-11
1.0100e+02 2.5114e-10 1.9126e-10 1.5429e-09 2.4274e-10 2.4316e-10 6.0498e-11
1.0300e+02 2.4293e-10 1.8591e-10 1.4845e-09 2.3648e-10 2.3366e-10 5.8623e-11
1.0500e+02 2.3528e-10 1.8090e-10 1.4295e-09 2.3059e-10 2.2469e-10 5.6861e-11
1.0700e+02 2.2805e-10 1.7618e-10 1.3775e-09 2.2506e-10 2.1622e-10 5.5197e-11
1.0900e+02 2.2114e-10 1.7174e-10 1.3284e-09 2.1992e-10 2.0821e-10 5.3624e-11
1.0400e+02 2.3906e-10 1.8337e-10 1.4566e-09 2.3348e-10 2.2911e-10 5.7730e-11
1.1100e+02 2.1471e-10 1.6760e-10 1.2819e-09 2.1511e-10 2.0063e-10 5.2145e-11
1.1000e+02 2.1789e-10 1.6963e-10 1.3048e-09 2.1748e-10 2.0437e-10 5.2875e-11
1.1200e+02 2.1166e-10 1.6564e-10 1.2596e-09 2.1280e-10 1.9700e-10 5.1438e-11
1.1300e+02 2.0866e-10 1.6373e-10 1.2378e-09 2.1057e-10 1.9345e-10 5.0748e-11
1.1400e+02 2.0575e-10 1.6189e-10 1.2166e-09 2.0840e-10 1.9000e-10 5.0077e-11
1.2400e+02 1.8030e-10 1.4616e-10 1.0320e-09 1.9032e-10 1.5998e-10 4.4255e-11
1.1500e+02 2.0293e-10 1.6007e-10 1.1960e-09 2.0632e-10 1.8664e-10 4.9424e-11
1.2000e+02 1.8967e-10 1.5183e-10 1.1004e-09 1.9685e-10 1.7109e-10 4.6398e-11
1.2800e+02 1.7180e-10 1.4112e-10 9.6986e-10 1.8458e-10 1.4989e-10 4.2313e-11
1.1700e+02 1.9742e-10 1.5661e-10 1.1563e-09 2.0235e-10 1.8018e-10 4.8165e-11
1.2300e+02 1.8256e-10 1.4753e-10 1.0485e-09 1.9185e-10 1.6265e-10 4.4771e-11
1.2100e+02 1.8722e-10 1.5035e-10 1.0827e-09 1.9513e-10 1.6821e-10 4.5841e-11
1.1900e+02 1.9216e-10 1.5337e-10 1.1186e-09 1.9862e-10 1.7404e-10 4.6970e-11
1.1600e+02 2.0013e-10 1.5833e-10 1.1759e-09 2.0428e-10 1.8337e-10 4.8786e-11
1.1800e+02 1.9475e-10 1.5498e-10 1.1372e-09 2.0043e-10 1.7707e-10 4.7560e-11
1.2600e+02 1.7594e-10 1.4356e-10 1.0002e-09 1.8735e-10 1.5481e-10 4.3260e-11
1.2200e+02 1.8485e-10 1.4890e-10 1.0654e-09 1.9348e-10 1.6540e-10 4.5298e-11
1.2500e+02 1.7809e-10 1.4485e-10 1.0159e-09 1.8881e-10 1.5736e-10 4.3752e-11
1.4000e+02 1.5073e-10 1.2943e-10 8.1369e-10 1.7159e-10 1.2467e-10 3.7514e-11
1.2700e+02 1.7386e-10 1.4233e-10 9.8486e-10 1.8593e-10 1.5232e-10 4.2782e-11
1.3300e+02 1.6226e-10 1.3567e-10 8.9975e-10 1.7847e-10 1.3854e-10 4.0143e-11
1.2900e+02 1.6979e-10 1.3995e-10 9.5520e-10 1.8327e-10 1.4751e-10 4.1857e-11
1.3000e+02 1.6782e-10 1.3883e-10 9.4087e-10 1.8200e-10 1.4519e-10 4.1411e-11
1.3600e+02 1.5710e-10 1.3282e-10 8.6127e-10 1.7530e-10 1.3233e-10 3.8965e-11
1.3200e+02 1.6408e-10 1.3668e-10 9.1315e-10 1.7962e-10 1.4071e-10 4.0556e-11
1.3400e+02 1.6049e-10 1.3468e-10 8.8664e-10 1.7738e-10 1.3643e-10 3.9740e-11
1.3900e+02 1.5228e-10 1.3024e-10 8.2520e-10 1.7247e-10 1.2652e-10 3.7865e-11
1.3500e+02 1.5878e-10 1.3374e-10 8.7381e-10 1.7632e-10 1.3436e-10 3.9347e-11
1.3800e+02 1.5384e-10 1.3107e-10 8.3696e-10 1.7338e-10 1.2842e-10 3.8223e-11
1.3700e+02 1.5545e-10 1.3193e-10 8.4898e-10 1.7432e-10 1.3035e-10 3.8589e-11
1.3100e+02 1.6592e-10 1.3775e-10 9.2686e-10 1.8077e-10 1.4293e-10 4.0978e-11
1.4200e+02 1.4775e-10 1.2790e-10 7.9137e-10 1.6995e-10 1.2108e-10 3.6837e-11
1.4100e+02 1.4923e-10 1.2865e-10 8.0241e-10 1.7075e-10 1.2286e-10 3.7172e-11
1.4500e+02 1.4350e-10 1.2581e-10 7.5957e-10 1.6775e-10 1.1598e-10 3.5877e-11
1.4400e+02 1.4489e-10 1.2648e-10 7.6995e-10 1.6845e-10 1.1764e-10 3.6190e-11
1.4700e+02 1.4081e-10 1.2454e-10 7.3943e-10 1.6645e-10 1.1275e-10 3.5272e-11
1.4600e+02 1.4214e-10 1.2516e-10 7.4940e-10 1.6709e-10 1.1434e-10 3.5571e-11
1.4300e+02 1.4631e-10 1.2717e-10 7.8055e-10 1.6919e-10 1.1934e-10 3.6510e-11
1.4900e+02 1.3826e-10 1.2338e-10 7.2008e-10 1.6528e-10 1.0965e-10 3.4695e-11
1.4800e+02 1.3952e-10 1.2395e-10 7.2965e-10 1.6584e-10 1.1118e-10 3.4980e-11
1.5100e+02 1.3582e-10 1.2231e-10 7.0149e-10 1.6422e-10 1.0668e-10 3.4143e-11
1.5000e+02 1.3702e-10 1.2282e-10 7.1069e-10 1.6474e-10 1.0815e-10 3.4416e-11
1.5200e+02 1.3463e-10 1.2182e-10 6.9246e-10 1.6373e-10 1.0524e-10 3.3876e-11
1.5400e+02 1.3234e-10 1.2088e-10 6.7494e-10 1.6286e-10 1.0244e-10 3.3358e-11
1.5300e+02 1.3347e-10 1.2133e-10 6.8362e-10 1.6328e-10 1.0382e-10 3.3614e-11
1.5900e+02 1.2699e-10 1.1891e-10 6.3401e-10 1.6113e-10 9.5912e-11 3.2157e-11
1.5700e+02 1.2906e-10 1.1963e-10 6.4991e-10 1.6174e-10 9.8445e-11 3.2622e-11
1.6000e+02 1.2597e-10 1.1858e-10 6.2628e-10 1.6087e-10 9.4681e-11 3.1931e-11
1.5600e+02 1.3013e-10 1.2003e-10 6.5809e-10 1.6208e-10 9.9750e-11 3.2862e-11
1.5500e+02 1.3122e-10 1.2045e-10 6.6644e-10 1.6245e-10 1.0108e-10 3.3108e-11
1.6200e+02 1.2400e-10 1.1798e-10 6.1127e-10 1.6042e-10 9.2291e-11 3.1493e-11
1.6600e+02 1.2031e-10 1.1701e-10 5.8288e-10 1.5984e-10 8.7776e-11 3.0670e-11
1.6500e+02 1.2120e-10 1.1722e-10 5.8978e-10 1.5995e-10 8.8873e-11 3.0869e-11
1.5800e+02 1.2801e-10 1.1927e-10 6.4188e-10 1.6142e-10 9.7166e-11 3.2387e-11
1.6700e+02 1.1943e-10 1.1681e-10 5.7612e-10 1.5977e-10 8.6699e-11 3.0474e-11
1.6400e+02 1.2211e-10 1.1746e-10 5.9681e-10 1.6008e-10 8.9990e-11 3.1072e-11
1.6100e+02 1.2498e-10 1.1827e-10 6.1870e-10 1.6063e-10 9.3475e-11 3.1709e-11
1.6300e+02 1.2305e-10 1.1771e-10 6.0397e-10 1.6024e-10 9.1130e-11 3.1280e-11
1.6800e+02 1.1856e-10 1.1663e-10 5.6947e-10 1.5971e-10 8.5643e-11 3.0282e-11
1.6900e+02 1.1771e-10 1.1648e-10 5.6295e-10 1.5968e-10 8.4606e-11 3.0095e-11
1.7100e+02 1.1608e-10 1.1622e-10 5.5027e-10 1.5969e-10 8.2589e-11 2.9731e-11
1.7300e+02 1.1450e-10 1.1603e-10 5.3805e-10 1.5981e-10 8.0645e-11 2.9381e-11
1.7000e+02 1.1689e-10 1.1634e-10 5.5655e-10 1.5967e-10 8.3588e-11 2.9911e-11
1.7400e+02 1.1373e-10 1.1596e-10 5.3211e-10 1.5991e-10 7.9700e-11 2.9212e-11
1.7600e+02 1.1222e-10 1.1588e-10 5.2055e-10 1.6018e-10 7.7859e-11 2.8881e-11
1.7200e+02 1.1528e-10 1.1611e-10 5.4410e-10 1.5974e-10 8.1608e-11 2.9555e-11
1.7500e+02 1.1297e-10 1.1591e-10 5.2627e-10 1.6003e-10 7.8771e-11 2.9045e-11
1.7700e+02 1.1149e-10 1.1586e-10 5.1493e-10 1.6035e-10 7.6964e-11 2.8721e-11
1.7800e+02 1.1077e-10 1.1586e-10 5.0941e-10 1.6055e-10 7.6084e-11 2.8563e-11
1.7900e+02 1.1007e-10 1.1588e-10 5.0399e-10 1.6077e-10 7.5220e-11 2.8409e-11
1.8000e+02 1.0937e-10 1.1591e-10 4.9867e-10 1.6101e-10 7.4372e-11 2.8257e-11
1.8100e+02 1.0868e-10 1.1597e-10 4.9345e-10 1.6128e-10 7.3538e-11 2.8108e-11
1.8300e+02 1.0734e-10 1.1612e-10 4.8329e-10 1.6189e-10 7.1915e-11 2.7818e-11
1.8200e+02 1.0801e-10 1.1603e-10 4.8833e-10 1.6157e-10 7.2719e-11 2.7961e-11
1.9700e+02 9.9093e-11 1.1917e-10 4.2175e-10 1.6902e-10 6.2002e-11 2.6054e-11
1.9900e+02 9.8057e-11 1.1988e-10 4.1419e-10 1.7048e-10 6.0770e-11 2.5835e-11
1.8900e+02 1.0358e-10 1.1702e-10 4.5496e-10 1.6431e-10 6.7372e-11 2.7008e-11
1.8400e+02 1.0669e-10 1.1623e-10 4.7835e-10 1.6223e-10 7.1124e-11 2.7676e-11
1.9100e+02 1.0240e-10 1.1744e-10 4.4620e-10 1.6534e-10 6.5960e-11 2.6757e-11
1.8800e+02 1.0418e-10 1.1682e-10 4.5947e-10 1.6385e-10 6.8097e-11 2.7137e-11
1.8500e+02 1.0605e-10 1.1635e-10 4.7350e-10 1.6260e-10 7.0347e-11 2.7538e-11
1.8600e+02 1.0542e-10 1.1649e-10 4.6874e-10 1.6300e-10 6.9584e-11 2.7402e-11
1.9200e+02 1.0183e-10 1.1768e-10 4.4193e-10 1.6589e-10 6.5272e-11 2.6634e-11
1.8700e+02 1.0479e-10 1.1664e-10 4.6406e-10 1.6341e-10 6.8834e-11 2.7268e-11
1.9000e+02 1.0299e-10 1.1722e-10 4.5054e-10 1.6481e-10 6.6660e-11 2.6881e-11
1.9300e+02 1.0127e-10 1.1795e-10 4.3775e-10 1.6646e-10 6.4596e-11 2.6514e-11
1.9800e+02 9.8570e-11 1.1952e-10 4.1794e-10 1.6974e-10 6.1381e-11 2.5943e-11
1.9500e+02 1.0016e-10 1.1853e-10 4.2960e-10 1.6768e-10 6.3277e-11 2.6280e-11
1.9400e+02 1.0071e-10 1.1823e-10 4.3364e-10 1.6705e-10 6.3931e-11 2.6396e-11
1.9600e+02 9.9624e-11 1.1884e-10 4.2564e-10 1.6834e-10 6.2634e-11 2.6166e-11
2.0000e+02 9.7549e-11 1.2027e-10 4.1051e-10 1.7124e-10 6.0169e-11 2.5728e-11
2.0200e+02 9.6548e-11 1.2110e-10 4.0336e-10 1.7285e-10 5.8997e-11 2.5520e-11
2.0400e+02 9.5581e-11 1.2199e-10 3.9647e-10 1.7459e-10 5.7864e-11 2.5318e-11
2.0300e+02 9.6060e-11 1.2154e-10 3.9988e-10 1.7370e-10 5.8426e-11 2.5418e-11
2.0100e+02 9.7045e-11 1.2068e-10 4.0690e-10 1.7203e-10 5.9578e-11 2.5623e-11
2.0700e+02 9.4175e-11 1.2348e-10 3.8660e-10 1.7743e-10 5.6232e-11 2.5027e-11
2.0900e+02 9.3261e-11 1.2457e-10 3.8033e-10 1.7946e-10 5.5189e-11 2.4840e-11
2.0500e+02 9.5107e-11 1.2247e-10 3.9312e-10 1.7551e-10 5.7311e-11 2.5219e-11
2.1300e+02 9.1506e-11 1.2697e-10 3.6847e-10 1.8391e-10 5.3201e-11 2.4481e-11
2.0600e+02 9.4638e-11 1.2296e-10 3.8983e-10 1.7645e-10 5.6767e-11 2.5122e-11
2.0800e+02 9.3716e-11 1.2401e-10 3.8344e-10 1.7843e-10 5.5706e-11 2.4933e-11
2.1100e+02 9.2370e-11 1.2574e-10 3.7429e-10 1.8162e-10 5.4178e-11 2.4658e-11
2.1000e+02 9.2812e-11 1.2515e-10 3.7728e-10 1.8052e-10 5.4679e-11 2.4748e-11
2.1700e+02 8.9829e-11 1.2970e-10 3.5748e-10 1.8890e-10 5.1338e-11 2.4142e-11
2.1600e+02 9.0242e-11 1.2899e-10 3.6015e-10 1.8760e-10 5.1792e-11 2.4225e-11
2.1200e+02 9.1936e-11 1.2634e-10 3.7135e-10 1.8275e-10 5.3686e-11 2.4569e-11
2.1400e+02 9.1082e-11 1.2762e-10 3.6564e-10 1.8511e-10 5.2724e-11 2.4395e-11
2.1500e+02 9.0660e-11 1.2830e-10 3.6287e-10 1.8634e-10 5.2254e-11 2.4310e-11
2.1800e+02 8.9418e-11 1.3044e-10 3.5486e-10 1.9022e-10 5.0891e-11 2.4060e-11
2.2000e+02 8.8612e-11 1.3199e-10 3.4977e-10 1.9297e-10 5.0017e-11 2.3899e-11
2.1900e+02 8.9013e-11 1.3121e-10 3.5229e-10 1.9158e-10 5.0450e-11 2.3979e-11
2.2100e+02 8.8217e-11 1.3278e-10 3.4730e-10 1.9441e-10 4.9591e-11 2.3820e-11
2.2200e+02 8.7828e-11 1.3360e-10 3.4488e-10 1.9589e-10 4.9172e-11 2.3742e-11
2.2300e+02 8.7441e-11 1.3444e-10 3.4250e-10 1.9740e-10 4.8759e-11 2.3666e-11
2.2400e+02 8.7057e-11 1.3530e-10 3.4017e-10 1.9896e-10 4.8352e-11 2.3590e-11
2.2500e+02 8.6677e-11 1.3619e-10 3.3788e-10 2.0055e-10 4.7952e-11 2.3514e-11
2.2600e+02 8.6302e-11 1.3711e-10 3.3563e-10 2.0218e-10 4.7558e-11 2.3440e-11
2.2700e+02 8.5928e-11 1.3805e-10 3.3343e-10 2.0384e-10 4.7171e-11 2.3367e-11
2.2800e+02 8.5557e-11 1.3902e-10 3.3127e-10 2.0554e-10 4.6789e-11 2.3294e-11
2.2900e+02 8.5190e-11 1.4001e-10 3.2916e-10 2.0728e-10 4.6414e-11 2.3222e-11
2.3100e+02 8.4467e-11 1.4203e-10 3.2505e-10 2.1091e-10 4.5680e-11 2.3081e-11
2.3000e+02 8.4826e-11 1.4101e-10 3.2708e-10 2.0907e-10 4.6044e-11 2.3151e-11
2.3200e+02 8.4112e-11 1.4308e-10 3.2305e-10 2.1278e-10 4.5322e-11 2.3011e-11
2.3500e+02 8.3064e-11 1.4640e-10 3.1730e-10 2.1867e-10 4.4280e-11 2.2807e-11
2.3400e+02 8.3410e-11 1.4528e-10 3.1918e-10 2.1666e-10 4.4622e-11 2.2874e-11
2.3300e+02 8.3759e-11 1.4417e-10 3.2110e-10 2.1470e-10 4.4970e-11 2.2942e-11
2.3800e+02 8.2035e-11 1.4994e-10 3.1187e-10 2.2498e-10 4.3286e-11 2.2608e-11
2.3700e+02 8.2377e-11 1.4873e-10 3.1365e-10 2.2284e-10 4.3612e-11 2.2674e-11
2.3600e+02 8.2720e-11 1.4755e-10 3.1545e-10 2.2074e-10 4.3944e-11 2.2740e-11
2.3900e+02 8.1695e-11 1.5119e-10 3.1014e-10 2.2717e-10 4.2965e-11 2.2543e-11
2.4300e+02 8.0369e-11 1.5641e-10 3.0352e-10 2.3641e-10 4.1728e-11 2.2287e-11
2.4000e+02 8.1359e-11 1.5247e-10 3.0843e-10 2.2940e-10 4.2648e-11 2.2478e-11
2.4100e+02 8.1026e-11 1.5376e-10 3.0676e-10 2.3169e-10 4.2337e-11 2.2414e-11
2.4200e+02 8.0696e-11 1.5507e-10 3.0513e-10 2.3402e-10 4.2030e-11 2.2350e-11
2.4400e+02 8.0044e-11 1.5778e-10 3.0195e-10 2.3885e-10 4.1430e-11 2.2225e-11
2.4500e+02 7.9720e-11 1.5917e-10 3.0041e-10 2.4134e-10 4.1138e-11 2.2163e-11
2.4600e+02 7.9398e-11 1.6060e-10 2.9889e-10 2.4388e-10 4.0849e-11 2.2101e-11
2.4700e+02 7.9078e-11 1.6206e-10 2.9741e-10 2.4648e-10 4.0565e-11 2.2040e-11
2.4800e+02 7.8759e-11 1.6355e-10 2.9596e-10 2.4913e-10 4.0285e-11 2.1979e-11
2.5100e+02 7.7809e-11 1.6820e-10 2.9176e-10 2.5738e-10 3.9470e-11 2.1798e-11
2.5200e+02 7.7494e-11 1.6981e-10 2.9042e-10 2.6023e-10 3.9207e-11 2.1739e-11
2.5000e+02 7.8124e-11 1.6662e-10 2.9313e-10 2.5458e-10 3.9738e-11 2.1858e-11
2.5400e+02 7.6871e-11 1.7311e-10 2.8781e-10 2.6611e-10 3.8692e-11 2.1620e-11
2.4900e+02 7.8441e-11 1.6507e-10 2.9453e-10 2.5183e-10 4.0009e-11 2.1918e-11
2.5300e+02 7.7182e-11 1.7144e-10 2.8910e-10 2.6314e-10 3.8948e-11 2.1679e-11
2.5500e+02 7.6562e-11 1.7480e-10 2.8654e-10 2.6913e-10 3.8440e-11 2.1562e-11
2.5600e+02 7.6255e-11 1.7652e-10 2.8530e-10 2.7221e-10 3.8192e-11 2.1503e-11
2.5800e+02 7.5644e-11 1.8006e-10 2.8289e-10 2.7854e-10 3.7707e-11 2.1387e-11
2.5700e+02 7.5949e-11 1.7828e-10 2.8408e-10 2.7534e-10 3.7948e-11 2.1445e-11
2.5900e+02 7.5341e-11 1.8187e-10 2.8171e-10 2.8179e-10 3.7470e-11 2.1329e-11
2.6000e+02 7.5038e-11 1.8371e-10 2.8056e-10 2.8510e-10 3.7237e-11 2.1272e-11
2.6100e+02 7.4736e-11 1.8558e-10 2.7943e-10 2.8846e-10 3.7007e-11 2.1214e-11
2.6200e+02 7.4434e-11 1.8749e-10 2.7832e-10 2.9188e-10 3.6780e-11 2.1157e-11
2.6300e+02 7.4134e-11 1.8943e-10 2.7723e-10 2.9535e-10 3.6556e-11 2.1100e-11
2.6400e+02 7.3835e-11 1.9140e-10 2.7616e-10 2.9887e-10 3.6336e-11 2.1043e-11
2.6500e+02 7.3537e-11 1.9341e-10 2.7511e-10 3.0245e-10 3.6120e-11 2.0986e-11
2.6700e+02 7.2945e-11 1.9748e-10 2.7306e-10 3.0977e-10 3.5695e-11 2.0873e-11
2.6900e+02 7.2356e-11 2.0166e-10 2.7109e-10 3.1731e-10 3.5283e-11 2.0760e-11
2.6600e+02 7.3240e-11 1.9543e-10 2.7408e-10 3.0608e-10 3.5906e-11 2.0929e-11
2.7000e+02 7.2063e-11 2.0379e-10 2.7012e-10 3.2116e-10 3.5082e-11 2.0704e-11
2.7200e+02 7.1480e-11 2.0814e-10 2.6824e-10 3.2902e-10 3.4687e-11 2.0591e-11
2.6800e+02 7.2650e-11 1.9956e-10 2.7207e-10 3.1351e-10 3.5488e-11 2.0816e-11
2.7400e+02 7.0901e-11 2.1258e-10 2.6642e-10 3.3710e-10 3.4304e-11 2.0479e-11
2.7500e+02 7.0612e-11 2.1484e-10 2.6553e-10 3.4120e-10 3.4117e-11 2.0423e-11
2.7300e+02 7.1190e-11 2.1035e-10 2.6732e-10 3.3303e-10 3.4494e-11 2.0535e-11
2.7100e+02 7.1771e-11 2.0596e-10 2.6917e-10 3.2506e-10 3.4883e-11 2.0647e-11
2.7600e+02 7.0324e-11 2.1712e-10 2.6465e-10 3.4535e-10 3.3932e-11 2.0367e-11
2.8000e+02 6.9177e-11 2.2652e-10 2.6126e-10 3.6236e-10 3.3219e-11 2.0143e-11
2.7900e+02 6.9463e-11 2.2414e-10 2.6209e-10 3.5805e-10 3.3393e-11 2.0199e-11
2.7700e+02 7.0037e-11 2.1944e-10 2.6379e-10 3.4955e-10 3.3750e-11 2.0311e-11
2.7800e+02 6.9750e-11 2.2178e-10 2.6293e-10 3.5378e-10 3.3570e-11 2.0255e-11
2.8100e+02 6.8893e-11 2.2890e-10 2.6044e-10 3.6670e-10 3.3047e-11 2.0087e-11
2.8200e+02 6.8608e-11 2.3129e-10 2.5963e-10 3.7108e-10 3.2877e-11 2.0031e-11
2.8300e+02 6.8325e-11 2.3369e-10 2.5883e-10 3.7549e-10 3.2710e-11 1.9975e-11
2.8500e+02 6.7762e-11 2.3855e-10 2.5726e-10 3.8436e-10 3.2382e-11 1.9863e-11
2.8400e+02 6.8044e-11 2.3611e-10 2.5804e-10 3.7991e-10 3.2545e-11 1.9919e-11
2.8700e+02 6.7201e-11 2.4347e-10 2.5571e-10 3.9331e-10 3.2064e-11 1.9750e-11
2.8600e+02 6.7481e-11 2.4100e-10 2.5648e-10 3.8883e-10 3.2222e-11 1.9807e-11
2.9100e+02 6.6088e-11 2.5332e-10 2.5270e-10 4.1137e-10 3.1453e-11 1.9525e-11
2.8800e+02 6.6922e-11 2.4594e-10 2.5495e-10 3.9781e-10 3.1908e-11 1.9694e-11
2.8900e+02 6.6643e-11 2.4840e-10 2.5419e-10 4.0232e-10 3.1754e-11 1.9638e-11
2.9000e+02 6.6365e-11 2.5086e-10 2.5344e-10 4.0684e-10 3.1602e-11 1.9581e-11
2.9200e+02 6.5810e-11 2.5577e-10 2.5196e-10 4.1588e-10 3.1305e-11 1.9468e-11
2.9300e+02 6.5532e-11 2.5821e-10 2.5122e-10 4.2038e-10 3.1160e-11 1.9412e-11
2.9500e+02 6.4979e-11 2.6308e-10 2.4976e-10 4.2932e-10 3.0874e-11 1.9298e-11
2.9400e+02 6.5255e-11 2.6064e-10 2.5049e-10 4.2487e-10 3.1016e-11 1.9355e-11
2.9600e+02 6.4705e-11 2.6550e-10 2.4904e-10 4.3375e-10 3.0734e-11 1.9241e-11
2.9800e+02 6.4157e-11 2.7030e-10 2.4760e-10 4.4249e-10 3.0460e-11 1.9127e-11
2.9700e+02 6.4431e-11 2.6792e-10 2.4832e-10 4.3814e-10 3.0596e-11 1.9184e-11
2.9900e+02 6.3885e-11 2.7266e-10 2.4688e-10 4.4680e-10 3.0326e-11 1.9070e-11
3.0000e+02 6.3614e-11 2.7499e-10 2.4616e-10 4.5105e-10 3.0193e-11 1.9013e-11
3.0100e+02 6.3343e-11 2.7727e-10 2.4545e-10 4.5525e-10 3.0062e-11 1.8956e-11
3.0400e+02 6.2530e-11 2.8396e-10 2.4330e-10 4.6742e-10 2.9680e-11 1.8783e-11
3.0500e+02 6.2260e-11 2.8610e-10 2.4258e-10 4.7132e-10 2.9555e-11 1.8726e-11
3.0700e+02 6.1723e-11 2.9022e-10 2.4115e-10 4.7884e-10 2.9311e-11 1.8610e-11
3.0200e+02 6.3072e-11 2.7954e-10 2.4473e-10 4.5938e-10 2.9933e-11 1.8899e-11
3.0600e+02 6.1991e-11 2.8818e-10 2.4187e-10 4.7513e-10 2.9432e-11 1.8668e-11
3.0900e+02 6.1189e-11 2.9410e-10 2.3971e-10 4.8596e-10 2.9073e-11 1.8494e-11
3.0800e+02 6.1456e-11 2.9219e-10 2.4043e-10 4.8246e-10 2.9191e-11 1.8552e-11
3.0300e+02 6.2800e-11 2.8177e-10 2.4402e-10 4.6344e-10 2.9805e-11 1.8841e-11
3.1100e+02 6.0656e-11 2.9774e-10 2.3826e-10 4.9261e-10 2.8841e-11 1.8377e-11
3.1000e+02 6.0922e-11 2.9595e-10 2.3898e-10 4.8934e-10 2.8956e-11 1.8436e-11
3.1300e+02 6.0125e-11 3.0112e-10 2.3679e-10 4.9874e-10 2.8614e-11 1.8260e-11
3.1200e+02 6.0390e-11 2.9946e-10 2.3753e-10 4.9574e-10 2.8727e-11 1.8319e-11
3.1500e+02 5.9596e-11 3.0421e-10 2.3532e-10 5.0431e-10 2.8393e-11 1.8143e-11
3.1400e+02 5.9861e-11 3.0270e-10 2.3606e-10 5.0160e-10 2.8503e-11 1.8202e-11
3.1600e+02 5.9333e-11 3.0564e-10 2.3457e-10 5.0686e-10 2.8284e-11 1.8084e-11
3.2200e+02 5.7765e-11 3.1221e-10 2.3002e-10 5.1878e-10 2.7658e-11 1.7729e-11
3.1700e+02 5.9070e-11 3.0697e-10 2.3383e-10 5.0926e-10 2.8177e-11 1.8025e-11
3.1800e+02 5.8808e-11 3.0821e-10 2.3308e-10 5.1151e-10 2.8071e-11 1.7966e-11
3.2000e+02 5.8285e-11 3.1040e-10 2.3156e-10 5.1550e-10 2.7862e-11 1.7848e-11
3.2300e+02 5.7505e-11 3.1297e-10 2.2925e-10 5.2015e-10 2.7557e-11 1.7670e-11
3.2100e+02 5.8024e-11 3.1135e-10 2.3079e-10 5.1723e-10 2.7759e-11 1.7789e-11
3.1900e+02 5.8546e-11 3.0935e-10 2.3232e-10 5.1359e-10 2.7966e-11 1.7907e-11
3.2500e+02 5.6989e-11 3.1420e-10 2.2768e-10 5.2234e-10 2.7360e-11 1.7551e-11
3.2400e+02 5.7247e-11 3.1363e-10 2.2847e-10 5.2134e-10 2.7458e-11 1.7610e-11
3.2800e+02 5.6223e-11 3.1523e-10 2.2530e-10 5.2425e-10 2.7071e-11 1.7372e-11
3.2700e+02 5.6478e-11 3.1500e-10 2.2610e-10 5.2380e-10 2.7166e-11 1.7432e-11
3.3000e+02 5.5714e-11 3.1536e-10 2.2368e-10 5.2459e-10 2.6883e-11 1.7253e-11
3.2900e+02 5.5968e-11 3.1534e-10 2.2449e-10 5.2451e-10 2.6977e-11 1.7312e-11
3.2600e+02 5.6733e-11 3.1465e-10 2.2689e-10 5.2316e-10 2.7262e-11 1.7491e-11
3.3100e+02 5.5461e-11 3.1527e-10 2.2287e-10 5.2449e-10 2.6791e-11 1.7193e-11
3.3200e+02 5.5209e-11 3.1507e-10 2.2205e-10 5.2421e-10 2.6699e-11 1.7133e-11
3.3300e+02 5.4958e-11 3.1478e-10 2.2122e-10 5.2375e-10 2.6609e-11 1.7073e-11
3.3400e+02 5.4707e-11 3.1438e-10 2.2039e-10 5.2310e-10 2.6519e-11 1.7013e-11
3.3600e+02 5.4209e-11 3.1329e-10 2.1872e-10 5.2131e-10 2.6342e-11 1.6894e-11
3.3500e+02 5.4457e-11 3.1388e-10 2.1956e-10 5.2230e-10 2.6430e-11 1.6954e-11
3.3700e+02 5.3960e-11 3.1260e-10 2.1788e-10 5.2016e-10 2.6255e-11 1.6834e-11
3.3800e+02 5.3713e-11 3.1181e-10 2.1703e-10 5.1884e-10 2.6168e-11 1.6774e-11
3.3900e+02 5.3466e-11 3.1092e-10 2.1617e-10 5.1737e-10 2.6082e-11 1.6714e-11
3.4100e+02 5.2976e-11 3.0885e-10 2.1446e-10 5.1395e-10 2.5913e-11 1.6594e-11
3.4200e+02 5.2732e-11 3.0767e-10 2.1360e-10 5.1203e-10 2.5829e-11 1.6534e-11
3.4300e+02 5.2488e-11 3.0642e-10 2.1273e-10 5.0996e-10 2.5746e-11 1.6475e-11
3.4000e+02 5.3221e-11 3.0993e-10 2.1532e-10 5.1574e-10 2.5997e-11 1.6654e-11
3.4700e+02 5.1526e-11 3.0062e-10 2.0923e-10 5.0037e-10 2.5420e-11 1.6235e-11
3.4400e+02 5.2246e-11 3.0508e-10 2.1186e-10 5.0776e-10 2.5664e-11 1.6415e-11
3.4500e+02 5.2005e-11 3.0367e-10 2.1098e-10 5.0542e-10 2.5582e-11 1.6355e-11
3.4800e+02 5.1288e-11 2.9898e-10 2.0835e-10 4.9767e-10 2.5341e-11 1.6176e-11
3.4600e+02 5.1765e-11 3.0218e-10 2.1011e-10 5.0296e-10 2.5501e-11 1.6295e-11
3.5200e+02 5.0347e-11 2.9178e-10 2.0481e-10 4.8590e-10 2.5027e-11 1.5937e-11
3.4900e+02 5.1051e-11 2.9728e-10 2.0746e-10 4.9488e-10 2.5261e-11 1.6116e-11
3.5000e+02 5.0815e-11 2.9550e-10 2.0658e-10 4.9198e-10 2.5182e-11 1.6056e-11
3.5300e+02 5.0114e-11 2.8984e-10 2.0392e-10 4.8273e-10 2.4949e-11 1.5878e-11
3.5100e+02 5.0581e-11 2.9367e-10 2.0569e-10 4.8898e-10 2.5104e-11 1.5997e-11
3.5500e+02 4.9651e-11 2.8581e-10 2.0214e-10 4.7619e-10 2.4796e-11 1.5759e-11
3.5600e+02 4.9422e-11 2.8372e-10 2.0126e-10 4.7281e-10 2.4721e-11 1.5700e-11
3.5400e+02 4.9882e-11 2.8784e-10 2.0303e-10 4.7949e-10 2.4873e-11 1.5819e-11
3.5700e+02 4.9193e-11 2.8160e-10 2.0037e-10 4.6939e-10 2.4645e-11 1.5641e-11
3.5800e+02 4.8966e-11 2.7944e-10 1.9948e-10 4.6591e-10 2.4570e-11 1.5582e-11
3.5900e+02 4.8739e-11 2.7724e-10 1.9860e-10 4.6240e-10 2.4496e-11 1.5523e-11
3.6000e+02 4.8513e-11 2.7503e-10 1.9771e-10 4.5883e-10 2.4422e-11 1.5464e-11
3.6400e+02 4.7621e-11 2.6594e-10 1.9419e-10 4.4429e-10 2.4129e-11 1.5230e-11
3.6500e+02 4.7400e-11 2.6363e-10 1.9332e-10 4.4061e-10 2.4057e-11 1.5171e-11
3.6300e+02 4.7842e-11 2.6824e-10 1.9507e-10 4.4797e-10 2.4202e-11 1.5288e-11
3.6200e+02 4.8065e-11 2.7052e-10 1.9595e-10 4.5162e-10 2.4275e-11 1.5347e-11
3.6100e+02 4.8289e-11 2.7278e-10 1.9683e-10 4.5524e-10 2.4348e-11 1.5405e-11
3.6700e+02 4.6962e-11 2.5898e-10 1.9158e-10 4.3320e-10 2.3914e-11 1.5055e-11
3.6600e+02 4.7180e-11 2.6131e-10 1.9245e-10 4.3690e-10 2.3985e-11 1.5113e-11
3.6900e+02 4.6528e-11 2.5430e-10 1.8986e-10 4.2578e-10 2.3771e-11 1.4939e-11
3.7100e+02 4.6099e-11 2.4959e-10 1.8816e-10 4.1839e-10 2.3630e-11 1.4823e-11
3.7200e+02 4.5886e-11 2.4724e-10 1.8731e-10 4.1470e-10 2.3560e-11 1.4765e-11
3.6800e+02 4.6745e-11 2.5665e-10 1.9072e-10 4.2949e-10 2.3842e-11 1.4997e-11
3.7300e+02 4.5675e-11 2.4490e-10 1.8647e-10 4.1103e-10 2.3490e-11 1.4708e-11
3.7000e+02 4.6313e-11 2.5195e-10 1.8901e-10 4.2208e-10 2.3701e-11 1.4881e-11
3.7700e+02 4.4841e-11 2.3564e-10 1.8317e-10 3.9654e-10 2.3212e-11 1.4480e-11
3.7600e+02 4.5047e-11 2.3793e-10 1.8399e-10 4.0013e-10 2.3282e-11 1.4537e-11
3.7400e+02 4.5465e-11 2.4257e-10 1.8564e-10 4.0738e-10 2.3420e-11 1.4651e-11
3.7900e+02 4.4431e-11 2.3111e-10 1.8155e-10 3.8944e-10 2.3075e-11 1.4367e-11
3.7500e+02 4.5255e-11 2.4024e-10 1.8481e-10 4.0374e-10 2.3351e-11 1.4594e-11
3.7800e+02 4.4635e-11 2.3336e-10 1.8236e-10 3.9297e-10 2.3144e-11 1.4423e-11
3.8000e+02 4.4228e-11 2.2887e-10 1.8075e-10 3.8593e-10 2.3007e-11 1.4310e-11
3.8100e+02 4.4026e-11 2.2665e-10 1.7996e-10 3.8245e-10 2.2939e-11 1.4254e-11
3.8200e+02 4.3825e-11 2.2445e-10 1.7918e-10 3.7901e-10 2.2870e-11 1.4198e-11
3.8600e+02 4.3035e-11 2.1579e-10 1.7611e-10 3.6562e-10 2.2600e-11 1.3976e-11
3.8300e+02 4.3626e-11 2.2225e-10 1.7840e-10 3.7560e-10 2.2802e-11 1.4142e-11
3.8400e+02 4.3428e-11 2.2008e-10 1.7763e-10 3.7224e-10 2.2735e-11 1.4087e-11
3.8500e+02 4.3231e-11 2.1792e-10 1.7687e-10 3.6891e-10 2.2667e-11 1.4031e-11
3.8700e+02 4.2840e-11 2.1367e-10 1.7537e-10 3.6237e-10 2.2533e-11 1.3921e-11
3.8900e+02 4.2454e-11 2.0953e-10 1.7389e-10 3.5600e-10 2.2399e-11 1.3812e-11
3.8800e+02 4.2647e-11 2.1158e-10 1.7463e-10 3.5916e-10 2.2465e-11 1.3866e-11
3.9000e+02 4.2263e-11 2.0750e-10 1.7317e-10 3.5287e-10 2.2332e-11 1.3757e-11
3.9100e+02 4.2074e-11 2.0550e-10 1.7245e-10 3.4980e-10 2.2265e-11 1.3703e-11
3.9200e+02 4.1885e-11 2.0353e-10 1.7174e-10 3.4677e-10 2.2198e-11 1.3649e-11
3.9300e+02 4.1698e-11 2.0158e-10 1.7104e-10 3.4378e-10 2.2132e-11 1.3595e-11
3.9400e+02 4.1512e-11 1.9967e-10 1.7035e-10 3.4084e-10 2.2065e-11 1.3542e-11
3.9500e+02 4.1326e-11 1.9778e-10 1.6966e-10 3.3794e-10 2.1999e-11 1.3488e-11
3.9600e+02 4.1143e-11 1.9593e-10 1.6899e-10 3.3510e-10 2.1933e-11 1.3435e-11
3.9700e+02 4.0960e-11 1.9409e-10 1.6832e-10 3.3230e-10 2.1867e-11 1.3382e-11
4.0000e+02 4.0419e-11 1.8874e-10 1.6636e-10 3.2418e-10 2.1669e-11 1.3225e-11
3.9900e+02 4.0598e-11 1.9050e-10 1.6700e-10 3.2684e-10 2.1735e-11 1.3277e-11
3.9800e+02 4.0778e-11 1.9228e-10 1.6766e-10 3.2955e-10 2.1801e-11 1.3330e-11
4.0100e+02 4.0241e-11 1.8700e-10 1.6572e-10 3.2157e-10 2.1603e-11 1.3173e-11
4.0200e+02 4.0064e-11 1.8530e-10 1.6509e-10 3.1901e-10 2.1538e-11 1.3121e-11
4.0300e+02 3.9888e-11 1.8363e-10 1.6447e-10 3.1648e-10 2.1472e-11 1.3070e-11
4.0600e+02 3.9370e-11 1.7880e-10 1.6265e-10 3.0920e-10 2.1277e-11 1.2917e-11
4.0700e+02 3.9199e-11 1.7724e-10 1.6205e-10 3.0686e-10 2.1211e-11 1.2867e-11
4.0500e+02 3.9541e-11 1.8038e-10 1.6325e-10 3.1158e-10 2.1342e-11 1.2968e-11
4.0400e+02 3.9714e-11 1.8199e-10 1.6385e-10 3.1401e-10 2.1407e-11 1.3019e-11
4.0900e+02 3.8862e-11 1.7420e-10 1.6089e-10 3.0233e-10 2.1082e-11 1.2767e-11
4.0800e+02 3.9030e-11 1.7570e-10 1.6147e-10 3.0457e-10 2.1146e-11 1.2817e-11
4.1000e+02 3.8695e-11 1.7272e-10 1.6032e-10 3.0012e-10 2.1017e-11 1.2717e-11
4.1100e+02 3.8530e-11 1.7127e-10 1.5975e-10 2.9797e-10 2.0952e-11 1.2668e-11
4.1300e+02 3.8202e-11 1.6846e-10 1.5864e-10 2.9379e-10 2.0823e-11 1.2570e-11
4.1700e+02 3.7562e-11 1.6314e-10 1.5650e-10 2.8594e-10 2.0566e-11 1.2378e-11
4.1600e+02 3.7720e-11 1.6443e-10 1.5703e-10 2.8784e-10 2.0630e-11 1.2426e-11
4.1800e+02 3.7405e-11 1.6188e-10 1.5598e-10 2.8408e-10 2.0502e-11 1.2331e-11
4.1900e+02 3.7249e-11 1.6063e-10 1.5546e-10 2.8227e-10 2.0438e-11 1.2284e-11
4.2000e+02 3.7094e-11 1.5942e-10 1.5495e-10 2.8050e-10 2.0374e-11 1.2237e-11
4.1500e+02 3.7880e-11 1.6575e-10 1.5756e-10 2.8978e-10 2.0694e-11 1.2474e-11
4.2200e+02 3.6788e-11 1.5705e-10 1.5394e-10 2.7708e-10 2.0247e-11 1.2145e-11
4.2100e+02 3.6940e-11 1.5822e-10 1.5444e-10 2.7877e-10 2.0310e-11 1.2191e-11
4.1400e+02 3.8040e-11 1.6709e-10 1.5810e-10 2.9176e-10 2.0758e-11 1.2522e-11
4.2300e+02 3.6636e-11 1.5590e-10 1.5345e-10 2.7543e-10 2.0183e-11 1.2099e-11
4.1200e+02 3.8365e-11 1.6985e-10 1.5920e-10 2.9585e-10 2.0887e-11 1.2619e-11
4.2400e+02 3.6486e-11 1.5478e-10 1.5296e-10 2.7382e-10 2.0120e-11 1.2053e-11
4.2700e+02 3.6043e-11 1.5155e-10 1.5151e-10 2.6923e-10 1.9931e-11 1.1919e-11
4.2500e+02 3.6337e-11 1.5368e-10 1.5247e-10 2.7225e-10 2.0057e-11 1.2008e-11
4.2600e+02 3.6189e-11 1.5260e-10 1.5199e-10 2.7072e-10 1.9994e-11 1.1963e-11
4.2900e+02 3.5752e-11 1.4952e-10 1.5056e-10 2.6636e-10 1.9805e-11 1.1830e-11
4.2800e+02 3.5897e-11 1.5052e-10 1.5103e-10 2.6777e-10 1.9868e-11 1.1874e-11
4.3100e+02 3.5467e-11 1.4759e-10 1.4963e-10 2.6363e-10 1.9680e-11 1.1743e-11
4.3000e+02 3.5609e-11 1.4854e-10 1.5010e-10 2.6498e-10 1.9743e-11 1.1787e-11
4.3500e+02 3.4908e-11 1.4396e-10 1.4781e-10 2.5862e-10 1.9432e-11 1.1573e-11
4.3600e+02 3.4772e-11 1.4310e-10 1.4736e-10 2.5746e-10 1.9371e-11 1.1531e-11
4.3300e+02 3.5185e-11 1.4573e-10 1.4871e-10 2.6106e-10 1.9556e-11 1.1657e-11
4.3400e+02 3.5046e-11 1.4484e-10 1.4826e-10 2.5982e-10 1.9494e-11 1.1615e-11
4.3200e+02 3.5325e-11 1.4665e-10 1.4917e-10 2.6232e-10 1.9618e-11 1.1700e-11
4.3700e+02 3.4636e-11 1.4226e-10 1.4691e-10 2.5633e-10 1.9309e-11 1.1490e-11
4.4000e+02 3.4236e-11 1.3986e-10 1.4558e-10 2.5315e-10 1.9126e-11 1.1367e-11
4.3900e+02 3.4368e-11 1.4064e-10 1.4602e-10 2.5417e-10 1.9187e-11 1.1408e-11
4.3800e+02 3.4501e-11 1.4144e-10 1.4647e-10 2.5524e-10 1.9248e-11 1.1448e-11
4.4100e+02 3.4104e-11 1.3910e-10 1.4514e-10 2.5215e-10 1.9066e-11 1.1327e-11
4.4300e+02 3.3845e-11 1.3765e-10 1.4427e-10 2.5026e-10 1.8945e-11 1.1247e-11
4.4200e+02 3.3974e-11 1.3837e-10 1.4470e-10 2.5119e-10 1.9005e-11 1.1287e-11
4.4400e+02 3.3717e-11 1.3695e-10 1.4383e-10 2.4936e-10 1.8885e-11 1.1208e-11
4.4500e+02 3.3591e-11 1.3627e-10 1.4340e-10 2.4849e-10 1.8825e-11 1.1169e-11
4.4700e+02 3.3340e-11 1.3496e-10 1.4253e-10 2.4685e-10 1.8706e-11 1.1093e-11
4.4600e+02 3.3465e-11 1.3561e-10 1.4297e-10 2.4765e-10 1.8766e-11 1.1131e-11
4.4800e+02 3.3217e-11 1.3433e-10 1.4210e-10 2.4607e-10 1.8647e-11 1.1055e-11
4.4900e+02 3.3094e-11 1.3372e-10 1.4167e-10 2.4532e-10 1.8588e-11 1.1017e-11
4.5100e+02 3.2852e-11 1.3254e-10 1.4082e-10 2.4392e-10 1.8471e-11 1.0943e-11
4.5000e+02 3.2973e-11 1.3312e-10 1.4125e-10 2.4461e-10 1.8530e-11 1.0980e-11
4.5300e+02 3.2614e-11 1.3143e-10 1.3996e-10 2.4264e-10 1.8355e-11 1.0870e-11
4.5400e+02 3.2497e-11 1.3090e-10 1.3953e-10 2.4204e-10 1.8297e-11 1.0834e-11
4.5200e+02 3.2733e-11 1.3198e-10 1.4039e-10 2.4326e-10 1.8413e-11 1.0906e-11
4.5700e+02 3.2151e-11 1.2941e-10 1.3825e-10 2.4041e-10 1.8126e-11 1.0728e-11
4.5500e+02 3.2381e-11 1.3039e-10 1.3911e-10 2.4146e-10 1.8240e-11 1.0798e-11
4.5800e+02 3.2037e-11 1.2894e-10 1.3783e-10 2.3992e-10 1.8070e-11 1.0694e-11
4.5600e+02 3.2265e-11 1.2989e-10 1.3868e-10 2.4092e-10 1.8183e-11 1.0763e-11
4.5900e+02 3.1925e-11 1.2849e-10 1.3740e-10 2.3946e-10 1.8013e-11 1.0659e-11
4.6000e+02 3.1814e-11 1.2806e-10 1.3697e-10 2.3902e-10 1.7958e-11 1.0625e-11
4.6100e+02 3.1703e-11 1.2764e-10 1.3655e-10 2.3862e-10 1.7902e-11 1.0592e-11
4.6400e+02 3.1377e-11 1.2646e-10 1.3527e-10 2.3756e-10 1.7737e-11 1.0492e-11
4.6200e+02 3.1593e-11 1.2723e-10 1.3612e-10 2.3824e-10 1.7847e-11 1.0558e-11
4.6600e+02 3.1165e-11 1.2575e-10 1.3441e-10 2.3698e-10 1.7629e-11 1.0428e-11
4.6500e+02 3.1270e-11 1.2610e-10 1.3484e-10 2.3726e-10 1.7683e-11 1.0460e-11
4.6300e+02 3.1485e-11 1.2684e-10 1.3569e-10 2.3789e-10 1.7792e-11 1.0525e-11
4.6700e+02 3.1060e-11 1.2541e-10 1.3398e-10 2.3674e-10 1.7575e-11 1.0396e-11
4.6800e+02 3.0956e-11 1.2509e-10 1.3356e-10 2.3651e-10 1.7521e-11 1.0365e-11
4.6900e+02 3.0853e-11 1.2478e-10 1.3313e-10 2.3631e-10 1.7468e-11 1.0334e-11
4.7000e+02 3.0750e-11 1.2448e-10 1.3270e-10 2.3614e-10 1.7416e-11 1.0303e-11
4.7100e+02 3.0649e-11 1.2420e-10 1.3227e-10 2.3599e-10 1.7363e-11 1.0272e-11
4.7300e+02 3.0449e-11 1.2369e-10 1.3142e-10 2.3576e-10 1.7260e-11 1.0212e-11
4.7200e+02 3.0549e-11 1.2394e-10 1.3185e-10 2.3586e-10 1.7311e-11 1.0242e-11
4.7600e+02 3.0155e-11 1.2301e-10 1.3014e-10 2.3560e-10 1.7107e-11 1.0125e-11
4.7400e+02 3.0350e-11 1.2345e-10 1.3099e-10 2.3568e-10 1.7208e-11 1.0183e-11
4.7500e+02 3.0252e-11 1.2323e-10 1.3056e-10 2.3563e-10 1.7158e-11 1.0154e-11
4.7700e+02 3.0059e-11 1.2281e-10 1.2971e-10 2.3560e-10 1.7057e-11 1.0096e-11
4.8000e+02 2.9776e-11 1.2228e-10 1.2843e-10 2.3572e-10 1.6909e-11 1.0012e-11
4.7800e+02 2.9964e-11 1.2263e-10 1.2928e-10 2.3561e-10 1.7007e-11 1.0068e-11
4.7900e+02 2.9870e-11 1.2245e-10 1.2885e-10 2.3565e-10 1.6958e-11 1.0040e-11
4.8200e+02 2.9591e-11 1.2199e-10 1.2757e-10 2.3591e-10 1.6812e-11 9.9578e-12
4.8400e+02 2.9410e-11 1.2175e-10 1.2672e-10 2.3620e-10 1.6717e-11 9.9047e-12
4.8300e+02 2.9500e-11 1.2186e-10 1.2715e-10 2.3604e-10 1.6764e-11 9.9311e-12
4.8100e+02 2.9683e-11 1.2213e-10 1.2800e-10 2.3580e-10 1.6860e-11 9.9849e-12
4.8500e+02 2.9320e-11 1.2164e-10 1.2630e-10 2.3638e-10 1.6670e-11 9.8785e-12
4.8600e+02 2.9231e-11 1.2156e-10 1.2587e-10 2.3658e-10 1.6623e-11 9.8527e-12
4.8900e+02 2.8970e-11 1.2137e-10 1.2460e-10 2.3730e-10 1.6486e-11 9.7771e-12
4.8800e+02 2.9056e-11 1.2142e-10 1.2502e-10 2.3704e-10 1.6531e-11 9.8020e-12
4.8700e+02 2.9144e-11 1.2148e-10 1.2545e-10 2.3680e-10 1.6577e-11 9.8272e-12
4.9000e+02 2.8884e-11 1.2134e-10 1.2418e-10 2.3759e-10 1.6441e-11 9.7524e-12
4.9100e+02 2.8799e-11 1.2131e-10 1.2376e-10 2.3790e-10 1.6397e-11 9.7281e-12
4.9200e+02 2.8715e-11 1.2129e-10 1.2334e-10 2.3822e-10 1.6353e-11 9.7041e-12
4.9500e+02 2.8468e-11 1.2131e-10 1.2208e-10 2.3933e-10 1.6223e-11 9.6337e-12
4.9300e+02 2.8632e-11 1.2129e-10 1.2292e-10 2.3857e-10 1.6309e-11 9.6804e-12
4.9400e+02 2.8549e-11 1.2130e-10 1.2250e-10 2.3894e-10 1.6266e-11 9.6569e-12
4.9600e+02 2.8386e-11 1.2134e-10 1.2167e-10 2.3974e-10 1.6181e-11 9.6109e-12
4.9700e+02 2.8306e-11 1.2138e-10 1.2125e-10 2.4018e-10 1.6139e-11 9.5883e-12
4.9900e+02 2.8147e-11 1.2150e-10 1.2043e-10 2.4110e-10 1.6057e-11 9.5441e-12
4.9800e+02 2.8226e-11 1.2144e-10 1.2084e-10 2.4063e-10 1.6098e-11 9.5661e-12
5.0000e+02 2.8069e-11 1.2157e-10 1.2002e-10 2.4159e-10 1.6016e-11 9.5224e-12
5.0100e+02 2.7991e-11 1.2166e-10 1.1961e-10 2.4210e-10 1.5976e-11 9.5009e-12
5.0200e+02 2.7915e-11 1.2176e-10 1.1920e-10 2.4263e-10 1.5937e-11 9.4798e-12
5.0300e+02 2.7838e-11 1.2187e-10 1.1879e-10 2.4318e-10 1.5898e-11 9.4589e-12
5.0400e+02 2.7763e-11 1.2199e-10 1.1839e-10 2.4375e-10 1.5859e-11 9.4383e-12
5.0500e+02 2.7688e-11 1.2212e-10 1.1799e-10 2.4434e-10 1.5821e-11 9.4180e-12
5.0700e+02 2.7540e-11 1.2242e-10 1.1719e-10 2.4556e-10 1.5746e-11 9.3782e-12
5.0600e+02 2.7613e-11 1.2227e-10 1.1759e-10 2.4494e-10 1.5783e-11 9.3980e-12
5.0800e+02 2.7467e-11 1.2259e-10 1.1679e-10 2.4621e-10 1.5709e-11 9.3587e-12
5.0900e+02 2.7394e-11 1.2277e-10 1.1640e-10 2.4687e-10 1.5673e-11 9.3395e-12
5.1000e+02 2.7323e-11 1.2296e-10 1.1601e-10 2.4755e-10 1.5637e-11 9.3206e-12
5.1300e+02 2.7111e-11 1.2360e-10 1.1484e-10 2.4969e-10 1.5532e-11 9.2653e-12
5.1200e+02 2.7181e-11 1.2338e-10 1.1523e-10 2.4896e-10 1.5567e-11 9.2835e-12
5.1500e+02 2.6973e-11 1.2408e-10 1.1408e-10 2.5120e-10 1.5465e-11 9.2298e-12
5.1600e+02 2.6905e-11 1.2434e-10 1.1370e-10 2.5198e-10 1.5432e-11 9.2124e-12
5.1100e+02 2.7252e-11 1.2316e-10 1.1562e-10 2.4824e-10 1.5602e-11 9.3019e-12
5.1400e+02 2.7042e-11 1.2383e-10 1.1446e-10 2.5043e-10 1.5498e-11 9.2474e-12
5.1700e+02 2.6838e-11 1.2460e-10 1.1332e-10 2.5277e-10 1.5399e-11 9.1953e-12
5.1800e+02 2.6770e-11 1.2488e-10 1.1295e-10 2.5358e-10 1.5367e-11 9.1784e-12
5.2000e+02 2.6638e-11 1.2547e-10 1.1221e-10 2.5525e-10 1.5305e-11 9.1455e-12
5.1900e+02 2.6704e-11 1.2517e-10 1.1258e-10 2.5441e-10 1.5336e-11 9.1618e-12
5.2300e+02 2.6444e-11 1.2644e-10 1.1112e-10 2.5787e-10 1.5215e-11 9.0979e-12
5.2200e+02 2.6508e-11 1.2611e-10 1.1148e-10 2.5698e-10 1.5244e-11 9.1135e-12
5.2100e+02 2.6573e-11 1.2578e-10 1.1184e-10 2.5611e-10 1.5274e-11 9.1294e-12
5.2400e+02 2.6380e-11 1.2679e-10 1.1076e-10 2.5877e-10 1.5185e-11 9.0825e-12
5.2500e+02 2.6317e-11 1.2715e-10 1.1041e-10 2.5968e-10 1.5157e-11 9.0674e-12
5.2700e+02 2.6192e-11 1.2790e-10 1.0971e-10 2.6154e-10 1.5101e-11 9.0379e-12
5.2600e+02 2.6254e-11 1.2752e-10 1.1006e-10 2.6060e-10 1.5129e-11 9.0525e-12
5.3300e+02 2.5830e-11 1.3041e-10 1.0767e-10 2.6741e-10 1.4945e-11 8.9549e-12
5.2900e+02 2.6069e-11 1.2870e-10 1.0902e-10 2.6345e-10 1.5047e-11 9.0093e-12
5.2800e+02 2.6130e-11 1.2829e-10 1.0936e-10 2.6249e-10 1.5074e-11 9.0235e-12
5.3100e+02 2.5949e-11 1.2953e-10 1.0834e-10 2.6541e-10 1.4995e-11 8.9816e-12
5.3200e+02 2.5889e-11 1.2997e-10 1.0800e-10 2.6640e-10 1.4970e-11 8.9682e-12
5.3000e+02 2.6009e-11 1.2911e-10 1.0867e-10 2.6442e-10 1.5021e-11 8.9954e-12
5.3400e+02 2.5771e-11 1.3087e-10 1.0734e-10 2.6842e-10 1.4921e-11 8.9419e-12
5.3500e+02 2.5713e-11 1.3134e-10 1.0702e-10 2.6944e-10 1.4897e-11 8.9291e-12
5.3700e+02 2.5598e-11 1.3230e-10 1.0637e-10 2.7152e-10 1.4851e-11 8.9041e-12
5.3800e+02 2.5541e-11 1.3279e-10 1.0606e-10 2.7256e-10 1.4829e-11 8.8920e-12
5.3600e+02 2.5655e-11 1.3181e-10 1.0669e-10 2.7048e-10 1.4874e-11 8.9165e-12
5.3900e+02 2.5485e-11 1.3330e-10 1.0574e-10 2.7362e-10 1.4807e-11 8.8800e-12
5.4000e+02 2.5429e-11 1.3383e-10 1.0543e-10 2.7468e-10 1.4785e-11 8.8683e-12
5.4100e+02 2.5373e-11 1.3436e-10 1.0513e-10 2.7574e-10 1.4765e-11 8.8568e-12
5.4200e+02 2.5318e-11 1.3490e-10 1.0482e-10 2.7681e-10 1.4744e-11 8.8455e-12
5.4300e+02 2.5263e-11 1.3546e-10 1.0452e-10 2.7789e-10 1.4724e-11 8.8344e-12
5.4400e+02 2.5209e-11 1.3603e-10 1.0422e-10 2.7896e-10 1.4705e-11 8.8235e-12
5.4800e+02 2.4996e-11 1.3841e-10 1.0306e-10 2.8330e-10 1.4632e-11 8.7820e-12
5.4600e+02 2.5102e-11 1.3720e-10 1.0364e-10 2.8113e-10 1.4667e-11 8.8024e-12
5.4700e+02 2.5049e-11 1.3780e-10 1.0335e-10 2.8221e-10 1.4649e-11 8.7921e-12
5.4500e+02 2.5155e-11 1.3660e-10 1.0393e-10 2.8004e-10 1.4686e-11 8.8129e-12
5.5000e+02 2.4892e-11 1.3966e-10 1.0250e-10 2.8547e-10 1.4598e-11 8.7624e-12
5.4900e+02 2.4944e-11 1.3903e-10 1.0278e-10 2.8438e-10 1.4615e-11 8.7722e-12
5.5100e+02 2.4841e-11 1.4030e-10 1.0222e-10 2.8656e-10 1.4582e-11 8.7529e-12
5.5200e+02 2.4790e-11 1.4096e-10 1.0195e-10 2.8764e-10 1.4566e-11 8.7436e-12
5.5300e+02 2.4739e-11 1.4162e-10 1.0168e-10 2.8873e-10 1.4551e-11 8.7345e-12
5.5400e+02 2.4689e-11 1.4229e-10 1.0141e-10 2.8980e-10 1.4536e-11 8.7255e-12
5.5600e+02 2.4589e-11 1.4366e-10 1.0089e-10 2.9194e-10 1.4508e-11 8.7082e-12
5.5500e+02 2.4639e-11 1.4297e-10 1.0115e-10 2.9088e-10 1.4522e-11 8.7167e-12
5.5800e+02 2.4491e-11 1.4507e-10 1.0038e-10 2.9407e-10 1.4482e-11 8.6915e-12
5.5700e+02 2.4540e-11 1.4436e-10 1.0063e-10 2.9301e-10 1.4495e-11 8.6997e-12
5.5900e+02 2.4442e-11 1.4578e-10 1.0013e-10 2.9512e-10 1.4470e-11 8.6834e-12
5.6000e+02 2.4394e-11 1.4651e-10 9.9877e-11 2.9616e-10 1.4458e-11 8.6755e-12
5.6100e+02 2.4347e-11 1.4724e-10 9.9632e-11 2.9719e-10 1.4446e-11 8.6678e-12
5.6200e+02 2.4299e-11 1.4799e-10 9.9390e-11 2.9821e-10 1.4435e-11 8.6602e-12
5.6300e+02 2.4252e-11 1.4874e-10 9.9150e-11 2.9922e-10 1.4425e-11 8.6528e-12
5.6400e+02 2.4205e-11 1.4950e-10 9.8914e-11 3.0022e-10 1.4414e-11 8.6455e-12
5.6500e+02 2.4159e-11 1.5027e-10 9.8681e-11 3.0121e-10 1.4405e-11 8.6385e-12
5.6800e+02 2.4021e-11 1.5264e-10 9.7998e-11 3.0408e-10 1.4378e-11 8.6181e-12
5.6600e+02 2.4112e-11 1.5106e-10 9.8450e-11 3.0218e-10 1.4395e-11 8.6315e-12
5.6700e+02 2.4067e-11 1.5184e-10 9.8223e-11 3.0314e-10 1.4387e-11 8.6248e-12
5.7000e+02 2.3931e-11 1.5425e-10 9.7559e-11 3.0592e-10 1.4363e-11 8.6053e-12
5.6900e+02 2.3976e-11 1.5344e-10 9.7777e-11 3.0501e-10 1.4370e-11 8.6116e-12
5.7100e+02 2.3886e-11 1.5507e-10 9.7343e-11 3.0681e-10 1.4356e-11 8.5991e-12
5.7300e+02 2.3798e-11 1.5673e-10 9.6921e-11 3.0854e-10 1.4343e-11 8.5872e-12
5.7400e+02 2.3754e-11 1.5757e-10 9.6714e-11 3.0938e-10 1.4337e-11 8.5814e-12
5.7200e+02 2.3842e-11 1.5590e-10 9.7130e-11 3.0769e-10 1.4349e-11 8.5931e-12
5.7500e+02 2.3711e-11 1.5841e-10 9.6510e-11 3.1020e-10 1.4332e-11 8.5757e-12
5.7700e+02 2.3624e-11 1.6012e-10 9.6110e-11 3.1176e-10 1.4322e-11 8.5648e-12
5.7600e+02 2.3667e-11 1.5926e-10 9.6309e-11 3.1099e-10 1.4327e-11 8.5702e-12
5.7900e+02 2.3539e-11 1.6183e-10 9.5722e-11 3.1324e-10 1.4314e-11 8.5544e-12
5.8100e+02 2.3455e-11 1.6357e-10 9.5346e-11 3.1461e-10 1.4308e-11 8.5445e-12
5.8000e+02 2.3497e-11 1.6270e-10 9.5533e-11 3.1394e-10 1.4311e-11 8.5494e-12
5.8200e+02 2.3413e-11 1.6444e-10 9.5162e-11 3.1526e-10 1.4305e-11 8.5397e-12
5.7800e+02 2.3582e-11 1.6097e-10 9.5915e-11 3.1251e-10 1.4318e-11 8.5595e-12
5.8300e+02 2.3371e-11 1.6531e-10 9.4981e-11 3.1588e-10 1.4303e-11 8.5350e-12
5.8400e+02 2.3330e-11 1.6618e-10 9.4803e-11 3.1648e-10 1.4301e-11 8.5304e-12
5.8500e+02 2.3289e-11 1.6706e-10 9.4627e-11 3.1704e-10 1.4300e-11 8.5259e-12
5.8600e+02 2.3248e-11 1.6793e-10 9.4454e-11 3.1758e-10 1.4299e-11 8.5216e-12
5.8800e+02 2.3168e-11 1.6969e-10 9.4117e-11 3.1857e-10 1.4298e-11 8.5132e-12
5.8700e+02 2.3208e-11 1.6881e-10 9.4284e-11 3.1809e-10 1.4298e-11 8.5173e-12
5.8900e+02 2.3128e-11 1.7056e-10 9.3952e-11 3.1902e-10 1.4298e-11 8.5091e-12
5.9100e+02 2.3048e-11 1.7229e-10 9.3632e-11 3.1983e-10 1.4300e-11 8.5013e-12
5.9000e+02 2.3088e-11 1.7143e-10 9.3791e-11 3.1944e-10 1.4299e-11 8.5052e-12
5.9200e+02 2.3009e-11 1.7316e-10 9.3476e-11 3.2019e-10 1.4301e-11 8.4975e-12
5.9300e+02 2.2970e-11 1.7402e-10 9.3323e-11 3.2051e-10 1.4303e-11 8.4938e-12
5.9400e+02 2.2931e-11 1.7487e-10 9.3172e-11 3.2080e-10 1.4305e-11 8.4902e-12
5.9500e+02 2.2892e-11 1.7572e-10 9.3024e-11 3.2106e-10 1.4307e-11 8.4867e-12
5.9700e+02 2.2815e-11 1.7739e-10 9.2737e-11 3.2149e-10 1.4313e-11 8.4799e-12
5.9800e+02 2.2776e-11 1.7822e-10 9.2598e-11 3.2164e-10 1.4316e-11 8.4766e-12
5.9600e+02 2.2853e-11 1.7656e-10 9.2879e-11 3.2129e-10 1.4310e-11 8.4833e-12
5.9900e+02 2.2738e-11 1.7904e-10 9.2461e-11 3.2178e-10 1.4320e-11 8.4734e-12
6.0000e+02 2.2701e-11 1.7985e-10 9.2327e-11 3.2187e-10 1.4324e-11 8.4703e-12
6.0300e+02 2.2588e-11 1.8223e-10 9.1943e-11 3.2195e-10 1.4338e-11 8.4612e-12
6.0100e+02 2.2663e-11 1.8065e-10 9.2197e-11 3.2193e-10 1.4328e-11 8.4672e-12
6.0400e+02 2.2551e-11 1.8299e-10 9.1821e-11 3.2192e-10 1.4343e-11 8.4584e-12
6.0200e+02 2.2625e-11 1.8144e-10 9.2068e-11 3.2196e-10 1.4333e-11 8.4642e-12
6.0600e+02 2.2477e-11 1.8449e-10 9.1585e-11 3.2173e-10 1.4354e-11 8.4528e-12
6.0500e+02 2.2514e-11 1.8375e-10 9.1702e-11 3.2184e-10 1.4349e-11 8.4555e-12
6.0700e+02 2.2441e-11 1.8522e-10 9.1471e-11 3.2160e-10 1.4361e-11 8.4501e-12
6.0900e+02 2.2368e-11 1.8662e-10 9.1252e-11 3.2122e-10 1.4374e-11 8.4448e-12
6.0800e+02 2.2404e-11 1.8593e-10 9.1360e-11 3.2142e-10 1.4367e-11 8.4474e-12
6.1000e+02 2.2332e-11 1.8730e-10 9.1147e-11 3.2098e-10 1.4381e-11 8.4422e-12
6.1200e+02 2.2260e-11 1.8860e-10 9.0946e-11 3.2041e-10 1.4396e-11 8.4373e-12
6.1100e+02 2.2296e-11 1.8796e-10 9.1045e-11 3.2071e-10 1.4388e-11 8.4397e-12
6.1300e+02 2.2224e-11 1.8921e-10 9.0850e-11 3.2008e-10 1.4403e-11 8.4348e-12
6.1400e+02 2.2188e-11 1.8980e-10 9.0757e-11 3.1972e-10 1.4412e-11 8.4324e-12
6.1500e+02 2.2153e-11 1.9037e-10 9.0667e-11 3.1932e-10 1.4420e-11 8.4300e-12
6.1600e+02 2.2118e-11 1.9092e-10 9.0580e-11 3.1889e-10 1.4428e-11 8.4277e-12
6.1700e+02 2.2083e-11 1.9145e-10 9.0496e-11 3.1844e-10 1.4437e-11 8.4254e-12
6.1800e+02 2.2048e-11 1.9195e-10 9.0415e-11 3.1795e-10 1.4446e-11 8.4232e-12
6.1900e+02 2.2013e-11 1.9242e-10 9.0337e-11 3.1743e-10 1.4455e-11 8.4210e-12
6.2000e+02 2.1979e-11 1.9287e-10 9.0263e-11 3.1689e-10 1.4465e-11 8.4188e-12
6.2100e+02 2.1944e-11 1.9329e-10 9.0192e-11 3.1633e-10 1.4475e-11 8.4167e-12
6.2200e+02 2.1910e-11 1.9368e-10 9.0123e-11 3.1572e-10 1.4485e-11 8.4145e-12
6.2300e+02 2.1876e-11 1.9405e-10 9.0059e-11 3.1509e-10 1.4495e-11 8.4124e-12
6.2400e+02 2.1841e-11 1.9439e-10 8.9997e-11 3.1445e-10 1.4505e-11 8.4103e-12
6.2500e+02 2.1807e-11 1.9470e-10 8.9938e-11 3.1378e-10 1.4515e-11 8.4082e-12
6.2600e+02 2.1773e-11 1.9498e-10 8.9883e-11 3.1307e-10 1.4526e-11 8.4061e-12
6.2800e+02 2.1706e-11 1.9545e-10 8.9783e-11 3.1160e-10 1.4548e-11 8.4020e-12
6.2900e+02 2.1672e-11 1.9564e-10 8.9739e-11 3.1083e-10 1.4559e-11 8.4000e-12
6.2700e+02 2.1740e-11 1.9523e-10 8.9831e-11 3.1234e-10 1.4537e-11 8.4040e-12
6.3100e+02 2.1606e-11 1.9592e-10 8.9658e-11 3.0921e-10 1.4582e-11 8.3958e-12
6.3000e+02 2.1639e-11 1.9580e-10 8.9697e-11 3.1002e-10 1.4570e-11 8.3979e-12
6.3300e+02 2.1539e-11 1.9607e-10 8.9593e-11 3.0751e-10 1.4605e-11 8.3918e-12
6.3200e+02 2.1572e-11 1.9601e-10 8.9624e-11 3.0838e-10 1.4593e-11 8.3938e-12
6.3400e+02 2.1507e-11 1.9610e-10 8.9565e-11 3.0664e-10 1.4617e-11 8.3897e-12
6.3500e+02 2.1474e-11 1.9609e-10 8.9541e-11 3.0575e-10 1.4629e-11 8.3877e-12
6.3700e+02 2.1408e-11 1.9597e-10 8.9504e-11 3.0390e-10 1.4653e-11 8.3836e-12
6.3600e+02 2.1441e-11 1.9605e-10 8.9521e-11 3.0483e-10 1.4641e-11 8.3857e-12
6.3900e+02 2.1343e-11 1.9571e-10 8.9482e-11 3.0199e-10 1.4678e-11 8.3795e-12
6.4100e+02 2.1279e-11 1.9532e-10 8.9474e-11 3.0002e-10 1.4703e-11 8.3753e-12
6.4400e+02 2.1183e-11 1.9450e-10 8.9491e-11 2.9696e-10 1.4741e-11 8.3688e-12
6.4200e+02 2.1247e-11 1.9508e-10 8.9476e-11 2.9902e-10 1.4716e-11 8.3731e-12
6.3800e+02 2.1376e-11 1.9586e-10 8.9491e-11 3.0295e-10 1.4666e-11 8.3815e-12
6.4000e+02 2.1311e-11 1.9554e-10 8.9476e-11 3.0101e-10 1.4690e-11 8.3774e-12
6.4300e+02 2.1215e-11 1.9480e-10 8.9481e-11 2.9799e-10 1.4728e-11 8.3710e-12
6.4500e+02 2.1151e-11 1.9416e-10 8.9504e-11 2.9593e-10 1.4754e-11 8.3667e-12
6.4600e+02 2.1119e-11 1.9379e-10 8.9521e-11 2.9487e-10 1.4767e-11 8.3644e-12
6.4700e+02 2.1088e-11 1.9339e-10 8.9542e-11 2.9380e-10 1.4779e-11 8.3622e-12
6.4800e+02 2.1056e-11 1.9297e-10 8.9567e-11 2.9274e-10 1.4792e-11 8.3599e-12
6.4900e+02 2.1024e-11 1.9252e-10 8.9596e-11 2.9166e-10 1.4805e-11 8.3576e-12
6.5000e+02 2.0993e-11 1.9204e-10 8.9629e-11 2.9058e-10 1.4818e-11 8.3553e-12
6.5100e+02 2.0962e-11 1.9153e-10 8.9666e-11 2.8949e-10 1.4831e-11 8.3529e-12
6.5200e+02 2.0930e-11 1.9100e-10 8.9706e-11 2.8837e-10 1.4844e-11 8.3505e-12
6.5400e+02 2.0868e-11 1.8986e-10 8.9800e-11 2.8616e-10 1.4869e-11 8.3456e-12
6.5300e+02 2.0899e-11 1.9044e-10 8.9751e-11 2.8728e-10 1.4857e-11 8.3481e-12
6.5600e+02 2.0806e-11 1.8863e-10 8.9910e-11 2.8392e-10 1.4895e-11 8.3404e-12
6.5500e+02 2.0837e-11 1.8926e-10 8.9853e-11 2.8504e-10 1.4882e-11 8.3430e-12
6.5700e+02 2.0776e-11 1.8798e-10 8.9970e-11 2.8279e-10 1.4908e-11 8.3378e-12
6.5900e+02 2.0714e-11 1.8660e-10 9.0104e-11 2.8053e-10 1.4933e-11 8.3324e-12
6.5800e+02 2.0745e-11 1.8730e-10 9.0036e-11 2.8167e-10 1.4920e-11 8.3352e-12
6.6000e+02 2.0684e-11 1.8590e-10 9.0177e-11 2.7940e-10 1.4946e-11 8.3297e-12
6.6100e+02 2.0653e-11 1.8517e-10 9.0255e-11 2.7827e-10 1.4958e-11 8.3269e-12
6.6200e+02 2.0623e-11 1.8442e-10 9.0335e-11 2.7714e-10 1.4970e-11 8.3240e-12
6.6300e+02 2.0593e-11 1.8366e-10 9.0421e-11 2.7601e-10 1.4983e-11 8.3211e-12
6.6500e+02 2.0532e-11 1.8210e-10 9.0603e-11 2.7374e-10 1.5007e-11 8.3151e-12
6.6400e+02 2.0563e-11 1.8289e-10 9.0510e-11 2.7487e-10 1.4995e-11 8.3181e-12
6.6600e+02 2.0502e-11 1.8130e-10 9.0700e-11 2.7261e-10 1.5019e-11 8.3120e-12
6.6800e+02 2.0443e-11 1.7967e-10 9.0906e-11 2.7035e-10 1.5043e-11 8.3056e-12
6.6700e+02 2.0472e-11 1.8049e-10 9.0801e-11 2.7148e-10 1.5031e-11 8.3089e-12
6.7000e+02 2.0383e-11 1.7799e-10 9.1127e-11 2.6809e-10 1.5066e-11 8.2990e-12
6.6900e+02 2.0413e-11 1.7883e-10 9.1015e-11 2.6921e-10 1.5054e-11 8.3023e-12
6.7100e+02 2.0354e-11 1.7714e-10 9.1245e-11 2.6698e-10 1.5077e-11 8.2956e-12
6.7200e+02 2.0324e-11 1.7629e-10 9.1365e-11 2.6586e-10 1.5088e-11 8.2921e-12
6.7300e+02 2.0295e-11 1.7543e-10 9.1489e-11 2.6474e-10 1.5099e-11 8.2886e-12
6.7400e+02 2.0265e-11 1.7457e-10 9.1617e-11 2.6363e-10 1.5110e-11 8.2850e-12
6.7500e+02 2.0236e-11 1.7371e-10 9.1749e-11 2.6254e-10 1.5121e-11 8.2813e-12
6.7600e+02 2.0206e-11 1.7284e-10 9.1884e-11 2.6144e-10 1.5131e-11 8.2776e-12
6.7700e+02 2.0177e-11 1.7198e-10 9.2023e-11 2.6033e-10 1.5142e-11 8.2738e-12
6.7900e+02 2.0119e-11 1.7024e-10 9.2312e-11 2.5817e-10 1.5162e-11 8.2659e-12
6.7800e+02 2.0148e-11 1.7111e-10 9.2166e-11 2.5925e-10 1.5152e-11 8.2699e-12
6.8000e+02 2.0090e-11 1.6938e-10 9.2462e-11 2.5709e-10 1.5172e-11 8.2619e-12
6.8100e+02 2.0062e-11 1.6851e-10 9.2614e-11 2.5601e-10 1.5181e-11 8.2578e-12
6.8200e+02 2.0033e-11 1.6765e-10 9.2771e-11 2.5496e-10 1.5190e-11 8.2537e-12
6.8500e+02 1.9947e-11 1.6508e-10 9.3258e-11 2.5180e-10 1.5217e-11 8.2407e-12
6.8300e+02 2.0004e-11 1.6679e-10 9.2930e-11 2.5390e-10 1.5199e-11 8.2494e-12
6.8400e+02 1.9976e-11 1.6594e-10 9.3093e-11 2.5284e-10 1.5208e-11 8.2451e-12
6.8600e+02 1.9919e-11 1.6423e-10 9.3427e-11 2.5076e-10 1.5225e-11 8.2362e-12
6.9000e+02 1.9806e-11 1.6087e-10 9.4129e-11 2.4670e-10 1.5257e-11 8.2176e-12
6.8800e+02 1.9862e-11 1.6253e-10 9.3773e-11 2.4871e-10 1.5241e-11 8.2271e-12
6.8900e+02 1.9834e-11 1.6170e-10 9.3950e-11 2.4769e-10 1.5249e-11 8.2224e-12
6.8700e+02 1.9890e-11 1.6338e-10 9.3599e-11 2.4974e-10 1.5234e-11 8.2317e-12
6.9100e+02 1.9778e-11 1.6004e-10 9.4312e-11 2.4569e-10 1.5264e-11 8.2128e-12
6.9300e+02 1.9722e-11 1.5842e-10 9.4682e-11 2.4374e-10 1.5277e-11 8.2029e-12
6.9200e+02 1.9750e-11 1.5923e-10 9.4496e-11 2.4470e-10 1.5271e-11 8.2079e-12
6.9400e+02 1.9694e-11 1.5762e-10 9.4872e-11 2.4276e-10 1.5284e-11 8.1979e-12
6.9700e+02 1.9611e-11 1.5528e-10 9.5449e-11 2.3990e-10 1.5301e-11 8.1823e-12
6.9500e+02 1.9667e-11 1.5683e-10 9.5062e-11 2.4179e-10 1.5290e-11 8.1928e-12
7.0000e+02 1.9530e-11 1.5303e-10 9.6042e-11 2.3713e-10 1.5316e-11 8.1661e-12
6.9600e+02 1.9639e-11 1.5605e-10 9.5255e-11 2.4085e-10 1.5296e-11 8.1876e-12
6.9800e+02 1.9584e-11 1.5452e-10 9.5646e-11 2.3896e-10 1.5307e-11 8.1769e-12
7.0100e+02 1.9502e-11 1.5231e-10 9.6242e-11 2.3623e-10 1.5321e-11 8.1606e-12
6.9900e+02 1.9557e-11 1.5377e-10 9.5843e-11 2.3805e-10 1.5312e-11 8.1716e-12
7.0200e+02 1.9475e-11 1.5158e-10 9.6444e-11 2.3533e-10 1.5325e-11 8.1550e-12
7.0300e+02 1.9448e-11 1.5088e-10 9.6646e-11 2.3444e-10 1.5329e-11 8.1493e-12
7.0700e+02 1.9341e-11 1.4813e-10 9.7460e-11 2.3099e-10 1.5341e-11 8.1259e-12
7.0400e+02 1.9421e-11 1.5017e-10 9.6848e-11 2.3356e-10 1.5332e-11 8.1435e-12
7.0500e+02 1.9395e-11 1.4948e-10 9.7052e-11 2.3269e-10 1.5336e-11 8.1377e-12
7.0600e+02 1.9368e-11 1.4880e-10 9.7256e-11 2.3183e-10 1.5339e-11 8.1318e-12
7.0800e+02 1.9315e-11 1.4748e-10 9.7664e-11 2.3015e-10 1.5344e-11 8.1199e-12
7.1000e+02 1.9262e-11 1.4619e-10 9.8073e-11 2.2850e-10 1.5348e-11 8.1077e-12
7.0900e+02 1.9288e-11 1.4683e-10 9.7869e-11 2.2932e-10 1.5346e-11 8.1139e-12
7.1100e+02 1.9236e-11 1.4556e-10 9.8276e-11 2.2769e-10 1.5349e-11 8.1015e-12
7.1500e+02 1.9131e-11 1.4316e-10 9.9082e-11 2.2455e-10 1.5352e-11 8.0763e-12
7.1300e+02 1.9183e-11 1.4434e-10 9.8681e-11 2.2610e-10 1.5351e-11 8.0890e-12
7.1400e+02 1.9157e-11 1.4374e-10 9.8882e-11 2.2533e-10 1.5352e-11 8.0827e-12
7.1200e+02 1.9209e-11 1.4495e-10 9.8479e-11 2.2689e-10 1.5351e-11 8.0953e-12
7.1600e+02 1.9106e-11 1.4259e-10 9.9282e-11 2.2379e-10 1.5353e-11 8.0699e-12
7.1700e+02 1.9080e-11 1.4203e-10 9.9479e-11 2.2304e-10 1.5352e-11 8.0634e-12
7.1900e+02 1.9029e-11 1.4094e-10 9.9868e-11 2.2157e-10 1.5351e-11 8.0502e-12
7.1800e+02 1.9054e-11 1.4149e-10 9.9675e-11 2.2231e-10 1.5352e-11 8.0568e-12
7.2100e+02 1.8978e-11 1.3990e-10 1.0025e-10 2.2014e-10 1.5349e-11 8.0369e-12
7.2200e+02 1.8953e-11 1.3939e-10 1.0044e-10 2.1944e-10 1.5347e-11 8.0302e-12
7.2000e+02 1.9003e-11 1.4041e-10 1.0006e-10 2.2084e-10 1.5350e-11 8.0436e-12
7.2300e+02 1.8928e-11 1.3889e-10 1.0062e-10 2.1874e-10 1.5345e-11 8.0234e-12
7.2400e+02 1.8903e-11 1.3840e-10 1.0080e-10 2.1805e-10 1.5343e-11 8.0166e-12
7.2500e+02 1.8878e-11 1.3792e-10 1.0098e-10 2.1738e-10 1.5340e-11 8.0097e-12
7.2600e+02 1.8853e-11 1.3745e-10 1.0116e-10 2.1672e-10 1.5338e-11 8.0028e-12
7.2800e+02 1.8803e-11 1.3654e-10 1.0150e-10 2.1541e-10 1.5332e-11 7.9890e-12
7.2700e+02 1.8828e-11 1.3698e-10 1.0133e-10 2.1606e-10 1.5335e-11 7.9959e-12
7.2900e+02 1.8779e-11 1.3609e-10 1.0167e-10 2.1477e-10 1.5328e-11 7.9820e-12
7.3100e+02 1.8730e-11 1.3525e-10 1.0198e-10 2.1353e-10 1.5320e-11 7.9680e-12
7.3000e+02 1.8755e-11 1.3567e-10 1.0183e-10 2.1415e-10 1.5324e-11 7.9750e-12
7.3200e+02 1.8706e-11 1.3484e-10 1.0214e-10 2.1292e-10 1.5316e-11 7.9609e-12
7.3300e+02 1.8682e-11 1.3444e-10 1.0229e-10 2.1231e-10 1.5312e-11 7.9538e-12
7.3500e+02 1.8634e-11 1.3367e-10 1.0257e-10 2.1114e-10 1.5302e-11 7.9396e-12
7.3400e+02 1.8658e-11 1.3405e-10 1.0243e-10 2.1172e-10 1.5307e-11 7.9467e-12
7.3600e+02 1.8610e-11 1.3330e-10 1.0271e-10 2.1056e-10 1.5297e-11 7.9324e-12
7.3700e+02 1.8587e-11 1.3293e-10 1.0284e-10 2.0999e-10 1.5292e-11 7.9253e-12
7.3800e+02 1.8563e-11 1.3257e-10 1.0297e-10 2.0944e-10 1.5286e-11 7.9181e-12
7.4100e+02 1.8493e-11 1.3156e-10 1.0331e-10 2.0781e-10 1.5268e-11 7.8965e-12
7.4000e+02 1.8516e-11 1.3189e-10 1.0320e-10 2.0834e-10 1.5274e-11 7.9037e-12
7.3900e+02 1.8540e-11 1.3223e-10 1.0309e-10 2.0888e-10 1.5280e-11 7.9109e-12
7.4200e+02 1.8470e-11 1.3124e-10 1.0342e-10 2.0728e-10 1.5262e-11 7.8893e-12
7.4300e+02 1.8447e-11 1.3093e-10 1.0352e-10 2.0676e-10 1.5255e-11 7.8821e-12
7.4500e+02 1.8401e-11 1.3033e-10 1.0370e-10 2.0575e-10 1.5241e-11 7.8676e-12
7.4400e+02 1.8424e-11 1.3063e-10 1.0361e-10 2.0626e-10 1.5248e-11 7.8749e-12
7.4700e+02 1.8356e-11 1.2977e-10 1.0386e-10 2.0478e-10 1.5227e-11 7.8532e-12
7.4800e+02 1.8334e-11 1.2950e-10 1.0393e-10 2.0429e-10 1.5220e-11 7.8460e-12
7.4900e+02 1.8312e-11 1.2924e-10 1.0399e-10 2.0382e-10 1.5212e-11 7.8388e-12
7.5000e+02 1.8289e-11 1.2899e-10 1.0405e-10 2.0336e-10 1.5205e-11 7.8315e-12
7.5200e+02 1.8245e-11 1.2850e-10 1.0415e-10 2.0245e-10 1.5189e-11 7.8172e-12
7.5100e+02 1.8267e-11 1.2874e-10 1.0410e-10 2.0290e-10 1.5197e-11 7.8244e-12
7.5400e+02 1.8202e-11 1.2805e-10 1.0422e-10 2.0157e-10 1.5173e-11 7.8029e-12
7.5300e+02 1.8223e-11 1.2828e-10 1.0419e-10 2.0201e-10 1.5181e-11 7.8100e-12
7.4600e+02 1.8379e-11 1.3005e-10 1.0378e-10 2.0526e-10 1.5234e-11 7.8604e-12
7.5600e+02 1.8159e-11 1.2763e-10 1.0427e-10 2.0072e-10 1.5156e-11 7.7886e-12
7.6300e+02 1.8012e-11 1.2640e-10 1.0425e-10 1.9794e-10 1.5096e-11 7.7396e-12
7.5800e+02 1.8116e-11 1.2725e-10 1.0430e-10 1.9989e-10 1.5139e-11 7.7745e-12
7.5500e+02 1.8180e-11 1.2784e-10 1.0425e-10 2.0114e-10 1.5165e-11 7.7957e-12
7.5700e+02 1.8137e-11 1.2744e-10 1.0429e-10 2.0030e-10 1.5148e-11 7.7816e-12
7.6200e+02 1.8032e-11 1.2655e-10 1.0427e-10 1.9832e-10 1.5105e-11 7.7465e-12
7.5900e+02 1.8095e-11 1.2706e-10 1.0430e-10 1.9949e-10 1.5131e-11 7.7674e-12
7.6100e+02 1.8053e-11 1.2672e-10 1.0429e-10 1.9870e-10 1.5114e-11 7.7534e-12
7.6000e+02 1.8074e-11 1.2688e-10 1.0430e-10 1.9909e-10 1.5122e-11 7.7604e-12
7.6400e+02 1.7991e-11 1.2625e-10 1.0422e-10 1.9756e-10 1.5087e-11 7.7327e-12
7.6600e+02 1.7951e-11 1.2597e-10 1.0415e-10 1.9683e-10 1.5070e-11 7.7190e-12
7.6500e+02 1.7971e-11 1.2611e-10 1.0419e-10 1.9720e-10 1.5078e-11 7.7258e-12
7.6700e+02 1.7930e-11 1.2584e-10 1.0410e-10 1.9648e-10 1.5061e-11 7.7122e-12
7.6900e+02 1.7891e-11 1.2561e-10 1.0399e-10 1.9577e-10 1.5043e-11 7.6988e-12
7.6800e+02 1.7910e-11 1.2572e-10 1.0405e-10 1.9612e-10 1.5052e-11 7.7055e-12
7.7100e+02 1.7851e-11 1.2540e-10 1.0386e-10 1.9510e-10 1.5025e-11 7.6855e-12
7.7200e+02 1.7832e-11 1.2531e-10 1.0379e-10 1.9476e-10 1.5017e-11 7.6790e-12
7.7000e+02 1.7871e-11 1.2550e-10 1.0393e-10 1.9543e-10 1.5034e-11 7.6921e-12
7.7300e+02 1.7812e-11 1.2522e-10 1.0371e-10 1.9443e-10 1.5008e-11 7.6725e-12
7.7500e+02 1.7774e-11 1.2506e-10 1.0353e-10 1.9379e-10 1.4990e-11 7.6596e-12
7.7400e+02 1.7793e-11 1.2514e-10 1.0362e-10 1.9411e-10 1.4999e-11 7.6660e-12
7.7700e+02 1.7736e-11 1.2493e-10 1.0334e-10 1.9317e-10 1.4973e-11 7.6469e-12
7.7600e+02 1.7755e-11 1.2500e-10 1.0344e-10 1.9348e-10 1.4982e-11 7.6532e-12
7.7900e+02 1.7699e-11 1.2483e-10 1.0313e-10 1.9256e-10 1.4957e-11 7.6345e-12
7.7800e+02 1.7717e-11 1.2488e-10 1.0324e-10 1.9286e-10 1.4965e-11 7.6407e-12
7.8000e+02 1.7680e-11 1.2478e-10 1.0302e-10 1.9226e-10 1.4948e-11 7.6284e-12
7.8200e+02 1.7643e-11 1.2471e-10 1.0278e-10 1.9167e-10 1.4932e-11 7.6163e-12
7.8100e+02 1.7662e-11 1.2475e-10 1.0290e-10 1.9196e-10 1.4940e-11 7.6223e-12
7.8300e+02 1.7625e-11 1.2469e-10 1.0265e-10 1.9138e-10 1.4924e-11 7.6104e-12
7.8400e+02 1.7607e-11 1.2467e-10 1.0252e-10 1.9110e-10 1.4916e-11 7.6045e-12
7.8600e+02 1.7572e-11 1.2465e-10 1.0225e-10 1.9053e-10 1.4901e-11 7.5930e-12
7.8700e+02 1.7554e-11 1.2465e-10 1.0211e-10 1.9026e-10 1.4893e-11 7.5873e-12
7.8500e+02 1.7589e-11 1.2466e-10 1.0239e-10 1.9082e-10 1.4908e-11 7.5987e-12
7.8800e+02 1.7537e-11 1.2465e-10 1.0197e-10 1.8998e-10 1.4886e-11 7.5817e-12
7.8900e+02 1.7519e-11 1.2467e-10 1.0182e-10 1.8971e-10 1.4879e-11 7.5762e-12
7.9100e+02 1.7485e-11 1.2470e-10 1.0152e-10 1.8918e-10 1.4865e-11 7.5653e-12
7.9000e+02 1.7502e-11 1.2468e-10 1.0167e-10 1.8944e-10 1.4872e-11 7.5707e-12
7.9200e+02 1.7468e-11 1.2473e-10 1.0137e-10 1.8891e-10 1.4859e-11 7.5600e-12
7.9300e+02 1.7451e-11 1.2476e-10 1.0121e-10 1.8865e-10 1.4852e-11 7.5548e-12
7.9400e+02 1.7434e-11 1.2480e-10 1.0105e-10 1.8839e-10 1.4846e-11 7.5496e-12
7.9500e+02 1.7417e-11 1.2485e-10 1.0089e-10 1.8813e-10 1.4840e-11 7.5445e-12
7.9700e+02 1.7385e-11 1.2495e-10 1.0056e-10 1.8762e-10 1.4828e-11 7.5346e-12
7.9600e+02 1.7401e-11 1.2490e-10 1.0072e-10 1.8787e-10 1.4834e-11 7.5396e-12
7.9800e+02 1.7368e-11 1.2501e-10 1.0039e-10 1.8737e-10 1.4823e-11 7.5298e-12
7.9900e+02 1.7352e-11 1.2508e-10 1.0022e-10 1.8711e-10 1.4818e-11 7.5251e-12
8.0100e+02 1.7320e-11 1.2523e-10 9.9876e-11 1.8662e-10 1.4808e-11 7.5158e-12
8.0000e+02 1.7336e-11 1.2515e-10 1.0005e-10 1.8687e-10 1.4813e-11 7.5204e-12
8.0200e+02 1.7305e-11 1.2531e-10 9.9703e-11 1.8637e-10 1.4804e-11 7.5113e-12
8.0500e+02 1.7258e-11 1.2558e-10 9.9178e-11 1.8563e-10 1.4792e-11 7.4984e-12
8.0300e+02 1.7289e-11 1.2540e-10 9.9529e-11 1.8612e-10 1.4799e-11 7.5069e-12
8.0400e+02 1.7273e-11 1.2549e-10 9.9354e-11 1.8588e-10 1.4795e-11 7.5026e-12
8.0600e+02 1.7243e-11 1.2569e-10 9.9001e-11 1.8538e-10 1.4788e-11 7.4943e-12
8.0700e+02 1.7228e-11 1.2579e-10 9.8824e-11 1.8514e-10 1.4785e-11 7.4902e-12
8.1000e+02 1.7183e-11 1.2614e-10 9.8291e-11 1.8441e-10 1.4777e-11 7.4786e-12
8.0800e+02 1.7213e-11 1.2590e-10 9.8647e-11 1.8490e-10 1.4782e-11 7.4863e-12
8.0900e+02 1.7198e-11 1.2602e-10 9.8469e-11 1.8465e-10 1.4779e-11 7.4824e-12
8.1200e+02 1.7154e-11 1.2640e-10 9.7936e-11 1.8392e-10 1.4773e-11 7.4714e-12
8.1500e+02 1.7111e-11 1.2683e-10 9.7407e-11 1.8319e-10 1.4770e-11 7.4613e-12
8.1100e+02 1.7168e-11 1.2627e-10 9.8114e-11 1.8416e-10 1.4775e-11 7.4750e-12
8.1300e+02 1.7139e-11 1.2654e-10 9.7759e-11 1.8368e-10 1.4772e-11 7.4679e-12
8.1700e+02 1.7083e-11 1.2713e-10 9.7056e-11 1.8270e-10 1.4769e-11 7.4550e-12
8.1600e+02 1.7096e-11 1.2698e-10 9.7231e-11 1.8295e-10 1.4769e-11 7.4581e-12
8.1900e+02 1.7055e-11 1.2745e-10 9.6710e-11 1.8221e-10 1.4770e-11 7.4491e-12
8.1800e+02 1.7069e-11 1.2729e-10 9.6883e-11 1.8246e-10 1.4769e-11 7.4520e-12
8.1400e+02 1.7125e-11 1.2668e-10 9.7583e-11 1.8343e-10 1.4771e-11 7.4645e-12
8.2000e+02 1.7041e-11 1.2762e-10 9.6538e-11 1.8196e-10 1.4771e-11 7.4463e-12
8.2100e+02 1.7028e-11 1.2779e-10 9.6367e-11 1.8171e-10 1.4772e-11 7.4436e-12
8.2200e+02 1.7014e-11 1.2797e-10 9.6197e-11 1.8147e-10 1.4773e-11 7.4410e-12
8.2300e+02 1.7001e-11 1.2814e-10 9.6029e-11 1.8122e-10 1.4775e-11 7.4385e-12
8.2400e+02 1.6988e-11 1.2833e-10 9.5862e-11 1.8096e-10 1.4777e-11 7.4362e-12
8.2500e+02 1.6975e-11 1.2852e-10 9.5697e-11 1.8071e-10 1.4780e-11 7.4339e-12
8.2600e+02 1.6962e-11 1.2871e-10 9.5533e-11 1.8046e-10 1.4783e-11 7.4317e-12
8.2700e+02 1.6949e-11 1.2891e-10 9.5371e-11 1.8021e-10 1.4786e-11 7.4296e-12
8.2800e+02 1.6936e-11 1.2911e-10 9.5211e-11 1.7995e-10 1.4790e-11 7.4277e-12
8.3100e+02 1.6899e-11 1.2974e-10 9.4741e-11 1.7918e-10 1.4803e-11 7.4224e-12
8.3000e+02 1.6911e-11 1.2952e-10 9.4896e-11 1.7944e-10 1.4798e-11 7.4240e-12
8.2900e+02 1.6923e-11 1.2931e-10 9.5052e-11 1.7969e-10 1.4794e-11 7.4258e-12
8.3200e+02 1.6886e-11 1.2995e-10 9.4588e-11 1.7891e-10 1.4809e-11 7.4209e-12
8.3300e+02 1.6874e-11 1.3017e-10 9.4436e-11 1.7865e-10 1.4814e-11 7.4194e-12
8.3400e+02 1.6862e-11 1.3039e-10 9.4288e-11 1.7838e-10 1.4820e-11 7.4181e-12
8.3500e+02 1.6850e-11 1.3062e-10 9.4141e-11 1.7812e-10 1.4827e-11 7.4168e-12
8.3600e+02 1.6838e-11 1.3084e-10 9.3997e-11 1.7785e-10 1.4833e-11 7.4157e-12
8.3800e+02 1.6814e-11 1.3132e-10 9.3714e-11 1.7731e-10 1.4848e-11 7.4138e-12
8.3700e+02 1.6826e-11 1.3108e-10 9.3855e-11 1.7758e-10 1.4841e-11 7.4147e-12
8.3900e+02 1.6802e-11 1.3155e-10 9.3576e-11 1.7703e-10 1.4856e-11 7.4130e-12
8.4000e+02 1.6791e-11 1.3179e-10 9.3441e-11 1.7675e-10 1.4865e-11 7.4123e-12
8.4200e+02 1.6768e-11 1.3229e-10 9.3178e-11 1.7620e-10 1.4883e-11 7.4112e-12
8.4100e+02 1.6779e-11 1.3204e-10 9.3308e-11 1.7648e-10 1.4874e-11 7.4117e-12
8.4400e+02 1.6746e-11 1.3279e-10 9.2923e-11 1.7563e-10 1.4903e-11 7.4106e-12
8.4500e+02 1.6735e-11 1.3304e-10 9.2799e-11 1.7534e-10 1.4914e-11 7.4104e-12
8.4300e+02 1.6757e-11 1.3254e-10 9.3049e-11 1.7591e-10 1.4893e-11 7.4109e-12
8.4700e+02 1.6713e-11 1.3356e-10 9.2560e-11 1.7476e-10 1.4937e-11 7.4104e-12
8.4800e+02 1.6702e-11 1.3382e-10 9.2444e-11 1.7447e-10 1.4948e-11 7.4106e-12
8.4600e+02 1.6724e-11 1.3330e-10 9.2679e-11 1.7505e-10 1.4925e-11 7.4104e-12
8.4900e+02 1.6691e-11 1.3408e-10 9.2330e-11 1.7417e-10 1.4961e-11 7.4109e-12
8.5000e+02 1.6680e-11 1.3435e-10 9.2219e-11 1.7387e-10 1.4974e-11 7.4112e-12
8.5100e+02 1.6670e-11 1.3461e-10 9.2111e-11 1.7358e-10 1.4987e-11 7.4117e-12
8.5200e+02 1.6659e-11 1.3488e-10 9.2005e-11 1.7327e-10 1.5001e-11 7.4123e-12
8.5300e+02 1.6649e-11 1.3515e-10 9.1901e-11 1.7297e-10 1.5015e-11 7.4130e-12
8.5500e+02 1.6628e-11 1.3570e-10 9.1701e-11 1.7235e-10 1.5045e-11 7.4147e-12
8.5400e+02 1.6639e-11 1.3542e-10 9.1800e-11 1.7266e-10 1.5030e-11 7.4138e-12
8.5600e+02 1.6618e-11 1.3597e-10 9.1605e-11 1.7204e-10 1.5061e-11 7.4157e-12
8.5700e+02 1.6608e-11 1.3624e-10 9.1511e-11 1.7173e-10 1.5077e-11 7.4168e-12
8.5800e+02 1.6598e-11 1.3652e-10 9.1420e-11 1.7141e-10 1.5093e-11 7.4181e-12
8.6000e+02 1.6578e-11 1.3707e-10 9.1245e-11 1.7077e-10 1.5128e-11 7.4208e-12
8.5900e+02 1.6588e-11 1.3680e-10 9.1332e-11 1.7109e-10 1.5110e-11 7.4194e-12
8.6100e+02 1.6568e-11 1.3735e-10 9.1161e-11 1.7045e-10 1.5146e-11 7.4223e-12
8.6300e+02 1.6549e-11 1.3791e-10 9.1001e-11 1.6980e-10 1.5183e-11 7.4257e-12
8.6200e+02 1.6559e-11 1.3763e-10 9.1080e-11 1.7012e-10 1.5164e-11 7.4239e-12
8.6500e+02 1.6530e-11 1.3847e-10 9.0850e-11 1.6914e-10 1.5222e-11 7.4294e-12
8.6600e+02 1.6520e-11 1.3875e-10 9.0778e-11 1.6880e-10 1.5243e-11 7.4315e-12
8.6400e+02 1.6539e-11 1.3819e-10 9.0924e-11 1.6947e-10 1.5203e-11 7.4275e-12
8.6900e+02 1.6492e-11 1.3959e-10 9.0575e-11 1.6779e-10 1.5307e-11 7.4382e-12
8.6700e+02 1.6511e-11 1.3903e-10 9.0707e-11 1.6847e-10 1.5264e-11 7.4336e-12
8.6800e+02 1.6502e-11 1.3930e-10 9.0640e-11 1.6813e-10 1.5285e-11 7.4358e-12
8.7000e+02 1.6483e-11 1.3986e-10 9.0511e-11 1.6745e-10 1.5329e-11 7.4406e-12
8.7100e+02 1.6474e-11 1.4014e-10 9.0450e-11 1.6711e-10 1.5352e-11 7.4431e-12
8.7200e+02 1.6465e-11 1.4042e-10 9.0392e-11 1.6677e-10 1.5375e-11 7.4457e-12
8.7300e+02 1.6456e-11 1.4070e-10 9.0335e-11 1.6642e-10 1.5399e-11 7.4484e-12
8.7400e+02 1.6447e-11 1.4096e-10 9.0280e-11 1.6607e-10 1.5423e-11 7.4512e-12
8.7600e+02 1.6429e-11 1.4151e-10 9.0177e-11 1.6537e-10 1.5473e-11 7.4571e-12
8.7500e+02 1.6438e-11 1.4124e-10 9.0227e-11 1.6572e-10 1.5448e-11 7.4541e-12
8.7700e+02 1.6420e-11 1.4178e-10 9.0128e-11 1.6502e-10 1.5499e-11 7.4602e-12
8.7900e+02 1.6402e-11 1.4232e-10 9.0036e-11 1.6431e-10 1.5552e-11 7.4666e-12
8.7800e+02 1.6411e-11 1.4205e-10 9.0081e-11 1.6466e-10 1.5526e-11 7.4634e-12
8.8000e+02 1.6394e-11 1.4258e-10 8.9993e-11 1.6395e-10 1.5580e-11 7.4700e-12
8.8200e+02 1.6376e-11 1.4310e-10 8.9911e-11 1.6323e-10 1.5636e-11 7.4769e-12
8.8300e+02 1.6368e-11 1.4335e-10 8.9873e-11 1.6287e-10 1.5664e-11 7.4805e-12
8.8100e+02 1.6385e-11 1.4284e-10 8.9951e-11 1.6359e-10 1.5607e-11 7.4734e-12
8.8400e+02 1.6359e-11 1.4361e-10 8.9836e-11 1.6251e-10 1.5694e-11 7.4842e-12
8.9000e+02 1.6309e-11 1.4506e-10 8.9650e-11 1.6031e-10 1.5879e-11 7.5080e-12
8.8500e+02 1.6351e-11 1.4386e-10 8.9802e-11 1.6214e-10 1.5723e-11 7.4880e-12
8.8600e+02 1.6342e-11 1.4411e-10 8.9768e-11 1.6178e-10 1.5754e-11 7.4918e-12
8.8900e+02 1.6317e-11 1.4482e-10 8.9677e-11 1.6068e-10 1.5847e-11 7.5039e-12
8.8800e+02 1.6325e-11 1.4459e-10 8.9706e-11 1.6105e-10 1.5815e-11 7.4998e-12
8.8700e+02 1.6334e-11 1.4435e-10 8.9737e-11 1.6141e-10 1.5784e-11 7.4958e-12
8.9100e+02 1.6300e-11 1.4529e-10 8.9624e-11 1.5994e-10 1.5912e-11 7.5123e-12
8.9200e+02 1.6292e-11 1.4551e-10 8.9599e-11 1.5957e-10 1.5945e-11 7.5166e-12
8.9300e+02 1.6284e-11 1.4573e-10 8.9575e-11 1.5921e-10 1.5979e-11 7.5210e-12
8.9400e+02 1.6276e-11 1.4594e-10 8.9553e-11 1.5884e-10 1.6013e-11 7.5255e-12
8.9500e+02 1.6268e-11 1.4615e-10 8.9532e-11 1.5846e-10 1.6048e-11 7.5300e-12
8.9700e+02 1.6251e-11 1.4656e-10 8.9493e-11 1.5772e-10 1.6118e-11 7.5393e-12
8.9600e+02 1.6259e-11 1.4635e-10 8.9512e-11 1.5809e-10 1.6083e-11 7.5346e-12
8.9800e+02 1.6243e-11 1.4674e-10 8.9475e-11 1.5735e-10 1.6154e-11 7.5440e-12
8.9900e+02 1.6235e-11 1.4693e-10 8.9458e-11 1.5698e-10 1.6191e-11 7.5488e-12
9.0000e+02 1.6227e-11 1.4711e-10 8.9442e-11 1.5661e-10 1.6228e-11 7.5537e-12
9.0200e+02 1.6211e-11 1.4745e-10 8.9413e-11 1.5586e-10 1.6303e-11 7.5636e-12
9.0400e+02 1.6195e-11 1.4777e-10 8.9388e-11 1.5512e-10 1.6381e-11 7.5738e-12
9.0300e+02 1.6203e-11 1.4761e-10 8.9400e-11 1.5549e-10 1.6342e-11 7.5687e-12
9.0100e+02 1.6219e-11 1.4728e-10 8.9427e-11 1.5624e-10 1.6265e-11 7.5586e-12
9.0500e+02 1.6187e-11 1.4791e-10 8.9376e-11 1.5475e-10 1.6420e-11 7.5789e-12
9.0600e+02 1.6179e-11 1.4806e-10 8.9365e-11 1.5438e-10 1.6460e-11 7.5842e-12
9.0700e+02 1.6171e-11 1.4818e-10 8.9355e-11 1.5401e-10 1.6500e-11 7.5894e-12
9.0800e+02 1.6163e-11 1.4831e-10 8.9346e-11 1.5364e-10 1.6541e-11 7.5947e-12
9.0900e+02 1.6155e-11 1.4843e-10 8.9337e-11 1.5327e-10 1.6582e-11 7.6001e-12
9.1000e+02 1.6147e-11 1.4854e-10 8.9329e-11 1.5291e-10 1.6623e-11 7.6055e-12
9.1100e+02 1.6139e-11 1.4864e-10 8.9322e-11 1.5254e-10 1.6665e-11 7.6110e-12
9.1200e+02 1.6131e-11 1.4873e-10 8.9315e-11 1.5217e-10 1.6708e-11 7.6165e-12
9.1300e+02 1.6123e-11 1.4882e-10 8.9309e-11 1.5181e-10 1.6751e-11 7.6220e-12
9.1400e+02 1.6115e-11 1.4889e-10 8.9303e-11 1.5144e-10 1.6794e-11 7.6276e-12
9.1600e+02 1.6099e-11 1.4901e-10 8.9294e-11 1.5072e-10 1.6882e-11 7.6389e-12
9.1500e+02 1.6107e-11 1.4895e-10 8.9298e-11 1.5108e-10 1.6838e-11 7.6332e-12
9.1700e+02 1.6091e-11 1.4906e-10 8.9290e-11 1.5035e-10 1.6926e-11 7.6445e-12
9.1800e+02 1.6083e-11 1.4910e-10 8.9286e-11 1.5000e-10 1.6971e-11 7.6503e-12
9.1900e+02 1.6075e-11 1.4913e-10 8.9283e-11 1.4964e-10 1.7016e-11 7.6561e-12
9.2000e+02 1.6067e-11 1.4914e-10 8.9281e-11 1.4928e-10 1.7062e-11 7.6618e-12
9.2200e+02 1.6051e-11 1.4915e-10 8.9277e-11 1.4857e-10 1.7155e-11 7.6735e-12
9.2100e+02 1.6059e-11 1.4916e-10 8.9279e-11 1.4892e-10 1.7108e-11 7.6676e-12
9.2300e+02 1.6043e-11 1.4914e-10 8.9276e-11 1.4822e-10 1.7201e-11 7.6793e-12
9.2400e+02 1.6035e-11 1.4912e-10 8.9276e-11 1.4786e-10 1.7248e-11 7.6852e-12
9.2600e+02 1.6018e-11 1.4905e-10 8.9276e-11 1.4717e-10 1.7344e-11 7.6971e-12
9.2700e+02 1.6010e-11 1.4900e-10 8.9277e-11 1.4682e-10 1.7392e-11 7.7030e-12
9.2800e+02 1.6002e-11 1.4894e-10 8.9278e-11 1.4647e-10 1.7440e-11 7.7089e-12
9.2900e+02 1.5994e-11 1.4886e-10 8.9280e-11 1.4613e-10 1.7489e-11 7.7149e-12
9.3000e+02 1.5986e-11 1.4878e-10 8.9282e-11 1.4579e-10 1.7538e-11 7.7208e-12
9.3100e+02 1.5978e-11 1.4868e-10 8.9286e-11 1.4545e-10 1.7588e-11 7.7268e-12
9.2500e+02 1.6027e-11 1.4909e-10 8.9276e-11 1.4751e-10 1.7296e-11 7.6911e-12
9.3200e+02 1.5969e-11 1.4857e-10 8.9289e-11 1.4511e-10 1.7637e-11 7.7328e-12
9.3300e+02 1.5961e-11 1.4845e-10 8.9293e-11 1.4478e-10 1.7687e-11 7.7388e-12
9.3500e+02 1.5945e-11 1.4820e-10 8.9303e-11 1.4411e-10 1.7788e-11 7.7507e-12
9.3400e+02 1.5953e-11 1.4833e-10 8.9298e-11 1.4445e-10 1.7738e-11 7.7447e-12
9.3600e+02 1.5936e-11 1.4804e-10 8.9309e-11 1.4378e-10 1.7839e-11 7.7567e-12
9.3700e+02 1.5928e-11 1.4789e-10 8.9316e-11 1.4346e-10 1.7890e-11 7.7627e-12
9.3800e+02 1.5920e-11 1.4771e-10 8.9324e-11 1.4313e-10 1.7941e-11 7.7686e-12
9.3900e+02 1.5911e-11 1.4753e-10 8.9332e-11 1.4281e-10 1.7993e-11 7.7746e-12
9.4200e+02 1.5886e-11 1.4692e-10 8.9361e-11 1.4186e-10 1.8148e-11 7.7923e-12
9.4400e+02 1.5869e-11 1.4647e-10 8.9386e-11 1.4123e-10 1.8253e-11 7.8041e-12
9.4000e+02 1.5903e-11 1.4734e-10 8.9341e-11 1.4249e-10 1.8044e-11 7.7805e-12
9.4300e+02 1.5877e-11 1.4671e-10 8.9373e-11 1.4154e-10 1.8201e-11 7.7982e-12
9.4100e+02 1.5894e-11 1.4714e-10 8.9351e-11 1.4217e-10 1.8096e-11 7.7864e-12
9.4500e+02 1.5860e-11 1.4623e-10 8.9399e-11 1.4092e-10 1.8306e-11 7.8099e-12
9.4600e+02 1.5852e-11 1.4598e-10 8.9414e-11 1.4062e-10 1.8358e-11 7.8157e-12
9.4700e+02 1.5843e-11 1.4572e-10 8.9429e-11 1.4031e-10 1.8411e-11 7.8214e-12
9.4800e+02 1.5834e-11 1.4544e-10 8.9446e-11 1.4001e-10 1.8464e-11 7.8272e-12
9.5000e+02 1.5817e-11 1.4487e-10 8.9483e-11 1.3942e-10 1.8570e-11 7.8386e-12
9.5200e+02 1.5799e-11 1.4426e-10 8.9525e-11 1.3884e-10 1.8677e-11 7.8498e-12
9.4900e+02 1.5825e-11 1.4517e-10 8.9464e-11 1.3972e-10 1.8517e-11 7.8329e-12
9.5100e+02 1.5808e-11 1.4457e-10 8.9504e-11 1.3913e-10 1.8624e-11 7.8442e-12
9.5400e+02 1.5781e-11 1.4363e-10 8.9573e-11 1.3826e-10 1.8784e-11 7.8609e-12
9.5300e+02 1.5790e-11 1.4395e-10 8.9548e-11 1.3855e-10 1.8731e-11 7.8554e-12
9.5500e+02 1.5772e-11 1.4330e-10 8.9599e-11 1.3798e-10 1.8837e-11 7.8664e-12
9.5600e+02 1.5763e-11 1.4295e-10 8.9627e-11 1.3770e-10 1.8891e-11 7.8718e-12
9.5700e+02 1.5754e-11 1.4261e-10 8.9656e-11 1.3742e-10 1.8944e-11 7.8771e-12
9.5900e+02 1.5735e-11 1.4189e-10 8.9719e-11 1.3687e-10 1.9051e-11 7.8877e-12
9.5800e+02 1.5744e-11 1.4226e-10 8.9687e-11 1.3715e-10 1.8998e-11 7.8825e-12
9.6100e+02 1.5717e-11 1.4116e-10 8.9791e-11 1.3633e-10 1.9158e-11 7.8980e-12
9.6300e+02 1.5698e-11 1.4040e-10 8.9869e-11 1.3581e-10 1.9265e-11 7.9082e-12
9.6200e+02 1.5707e-11 1.4078e-10 8.9829e-11 1.3607e-10 1.9212e-11 7.9031e-12
9.6400e+02 1.5688e-11 1.4001e-10 8.9911e-11 1.3555e-10 1.9318e-11 7.9131e-12
9.6000e+02 1.5726e-11 1.4153e-10 8.9754e-11 1.3660e-10 1.9105e-11 7.8929e-12
9.6500e+02 1.5679e-11 1.3962e-10 8.9955e-11 1.3529e-10 1.9371e-11 7.9180e-12
9.6700e+02 1.5660e-11 1.3883e-10 9.0051e-11 1.3478e-10 1.9477e-11 7.9275e-12
9.6600e+02 1.5669e-11 1.3922e-10 9.0002e-11 1.3504e-10 1.9424e-11 7.9228e-12
9.6800e+02 1.5650e-11 1.3842e-10 9.0101e-11 1.3454e-10 1.9529e-11 7.9322e-12
9.6900e+02 1.5640e-11 1.3802e-10 9.0155e-11 1.3429e-10 1.9582e-11 7.9368e-12
9.7100e+02 1.5621e-11 1.3720e-10 9.0269e-11 1.3380e-10 1.9686e-11 7.9457e-12
9.7000e+02 1.5631e-11 1.3761e-10 9.0211e-11 1.3405e-10 1.9634e-11 7.9413e-12
9.7200e+02 1.5611e-11 1.3679e-10 9.0330e-11 1.3357e-10 1.9738e-11 7.9501e-12
9.7300e+02 1.5601e-11 1.3637e-10 9.0393e-11 1.3333e-10 1.9789e-11 7.9544e-12
9.7600e+02 1.5571e-11 1.3513e-10 9.0598e-11 1.3264e-10 1.9943e-11 7.9667e-12
9.7700e+02 1.5561e-11 1.3471e-10 9.0672e-11 1.3241e-10 1.9993e-11 7.9706e-12
9.8000e+02 1.5530e-11 1.3346e-10 9.0911e-11 1.3175e-10 2.0143e-11 7.9819e-12
9.7400e+02 1.5591e-11 1.3596e-10 9.0459e-11 1.3310e-10 1.9841e-11 7.9586e-12
9.7500e+02 1.5581e-11 1.3554e-10 9.0527e-11 1.3287e-10 1.9892e-11 7.9627e-12
9.7900e+02 1.5540e-11 1.3387e-10 9.0828e-11 1.3197e-10 2.0093e-11 7.9782e-12
9.7800e+02 1.5550e-11 1.3429e-10 9.0749e-11 1.3219e-10 2.0043e-11 7.9745e-12
9.8200e+02 1.5509e-11 1.3263e-10 9.1085e-11 1.3132e-10 2.0241e-11 7.9889e-12
9.8100e+02 1.5519e-11 1.3304e-10 9.0996e-11 1.3154e-10 2.0192e-11 7.9855e-12
9.8300e+02 1.5498e-11 1.3221e-10 9.1176e-11 1.3111e-10 2.0290e-11 7.9923e-12
9.8700e+02 1.5456e-11 1.3057e-10 9.1572e-11 1.3029e-10 2.0480e-11 8.0048e-12
9.8600e+02 1.5467e-11 1.3098e-10 9.1468e-11 1.3049e-10 2.0433e-11 8.0018e-12
9.8400e+02 1.5488e-11 1.3180e-10 9.1270e-11 1.3090e-10 2.0338e-11 7.9956e-12
9.8500e+02 1.5477e-11 1.3139e-10 9.1368e-11 1.3070e-10 2.0386e-11 7.9987e-12
9.8800e+02 1.5445e-11 1.3016e-10 9.1679e-11 1.3009e-10 2.0527e-11 8.0077e-12
9.8900e+02 1.5434e-11 1.2976e-10 9.1789e-11 1.2990e-10 2.0573e-11 8.0104e-12
9.9100e+02 1.5412e-11 1.2896e-10 9.2019e-11 1.2951e-10 2.0663e-11 8.0156e-12
9.9000e+02 1.5423e-11 1.2936e-10 9.1902e-11 1.2970e-10 2.0618e-11 8.0131e-12
9.9300e+02 1.5390e-11 1.2818e-10 9.2261e-11 1.2913e-10 2.0752e-11 8.0205e-12
9.9200e+02 1.5401e-11 1.2857e-10 9.2138e-11 1.2932e-10 2.0708e-11 8.0181e-12
9.9400e+02 1.5379e-11 1.2779e-10 9.2387e-11 1.2895e-10 2.0796e-11 8.0227e-12
9.9800e+02 1.5334e-11 1.2626e-10 9.2925e-11 1.2823e-10 2.0965e-11 8.0307e-12
1.0000e+03 1.5311e-11 1.2552e-10 9.3212e-11 1.2788e-10 2.1046e-11 8.0340e-12
9.9700e+02 1.5345e-11 1.2664e-10 9.2785e-11 1.2840e-10 2.0924e-11 8.0288e-12
9.9500e+02 1.5368e-11 1.2740e-10 9.2517e-11 1.2876e-10 2.0839e-11 8.0248e-12
9.9600e+02 1.5357e-11 1.2702e-10 9.2649e-11 1.2858e-10 2.0881e-11 8.0269e-12
9.9900e+02 1.5323e-11 1.2588e-10 9.3067e-11 1.2805e-10 2.1006e-11 8.0324e-12
