9.0000e+00 4.9733e-08 1.0571e-07 3.4200e-06 2.5929e-07 1.0145e-06 2.9538e-08
5.2000e+01 1.5128e-09 3.2584e-09 1.0060e-07 8.2353e-09 3.0049e-08 9.1134e-10
5.0000e+00 1.6769e-07 3.5509e-07 1.1080e-05 8.6880e-07 3.2857e-06 9.9270e-08
4.3000e+01 2.1790e-09 4.6782e-09 1.4784e-07 1.1729e-08 4.4048e-08 1.3080e-09
1.1000e+01 3.2990e-08 7.0217e-08 2.2888e-06 1.7249e-07 6.7898e-07 1.9615e-08
1.5000e+01 1.7616e-08 3.7585e-08 1.2299e-06 9.2520e-08 3.6492e-07 1.0491e-08
3.1000e+01 4.1323e-09 8.8441e-09 2.8630e-07 2.1962e-08 8.5065e-08 2.4707e-09
4.9000e+01 1.6956e-09 3.6476e-09 1.1347e-07 9.1898e-09 3.3866e-08 1.0201e-09
8.0000e+00 6.3169e-08 1.3442e-07 4.3287e-06 3.2982e-07 1.2840e-06 3.7528e-08
3.2000e+01 3.8838e-09 8.3100e-09 2.6855e-07 2.0651e-08 7.9806e-08 2.3223e-09
1.7000e+01 1.3693e-08 2.9226e-08 9.5711e-07 7.2002e-08 2.8399e-07 8.1584e-09
4.8000e+01 1.7637e-09 3.7924e-09 1.1832e-07 9.5473e-09 3.5301e-08 1.0606e-09
5.1000e+01 1.5705e-09 3.3809e-09 1.0464e-07 8.5341e-09 3.1247e-08 9.4563e-10
2.4000e+01 6.8692e-09 1.4676e-08 4.7913e-07 3.6287e-08 1.4223e-07 4.0989e-09
1.3000e+01 2.3542e-08 5.0143e-08 1.6382e-06 1.2324e-07 4.8601e-07 1.4005e-08
2.0000e+00 1.2255e-06 2.5811e-06 6.9204e-05 6.2545e-06 2.0512e-05 7.1863e-07
3.6000e+01 3.0791e-09 6.5967e-09 2.1175e-07 1.6445e-08 6.2976e-08 1.8437e-09
4.0000e+01 2.5092e-09 5.3805e-09 1.7114e-07 1.3450e-08 5.0948e-08 1.5042e-09
2.7000e+01 5.4310e-09 1.1612e-08 3.7810e-07 2.8769e-08 1.1228e-07 3.2436e-09
2.3000e+01 7.4677e-09 1.5955e-08 5.2189e-07 3.9423e-08 1.5491e-07 4.4554e-09
4.7000e+01 1.8360e-09 3.9470e-09 1.2347e-07 9.9281e-09 3.6829e-08 1.1037e-09
5.5000e+01 1.3607e-09 2.9346e-09 8.9791e-08 7.4368e-09 2.6843e-08 8.2079e-10
1.2000e+01 2.7662e-08 5.8948e-08 1.9229e-06 1.4489e-07 5.7046e-07 1.6458e-08
4.5000e+01 1.9974e-09 4.2886e-09 1.3484e-07 1.0766e-08 4.0197e-08 1.1995e-09
2.8000e+01 5.0582e-09 1.0816e-08 3.5142e-07 2.6803e-08 1.0437e-07 3.0214e-09
4.4000e+01 2.0858e-09 4.4777e-09 1.4112e-07 1.1229e-08 4.2057e-08 1.2522e-09
3.0000e+00 5.0094e-07 1.0551e-06 3.0765e-05 2.5695e-06 9.1206e-06 2.9498e-07
2.6000e+01 5.8553e-09 1.2516e-08 4.0792e-07 3.0980e-08 1.2112e-07 3.4958e-09
2.2000e+01 8.1672e-09 1.7450e-08 5.7062e-07 4.3104e-08 1.6936e-07 4.8720e-09
5.3000e+01 1.4586e-09 3.1439e-09 9.6789e-08 7.9537e-09 2.8919e-08 8.7920e-10
4.0000e+00 2.6893e-07 5.6817e-07 1.7309e-05 1.3881e-06 5.1324e-06 1.5889e-07
5.0000e+01 1.6318e-09 3.5107e-09 1.0892e-07 8.8532e-09 3.2517e-08 9.8204e-10
5.4000e+01 1.4080e-09 3.0362e-09 9.3196e-08 7.6883e-09 2.7852e-08 8.4908e-10
7.0000e+00 8.3353e-08 1.7695e-07 5.6539e-06 4.3354e-07 1.6770e-06 4.9449e-08
3.0000e+01 4.4127e-09 9.4377e-09 3.0585e-07 2.3417e-08 9.0859e-08 2.6370e-09
5.6000e+01 1.3158e-09 2.8382e-09 8.6573e-08 7.1998e-09 2.5887e-08 7.9400e-10
2.9000e+01 4.7138e-09 1.0084e-08 3.2746e-07 2.5012e-08 9.7263e-08 2.8167e-09
1.9000e+01 1.0950e-08 2.3382e-08 7.6579e-07 5.7671e-08 2.2724e-07 6.5276e-09
2.1000e+01 8.9628e-09 1.9141e-08 6.2648e-07 4.7253e-08 1.8592e-07 5.3448e-09
2.5000e+01 6.3347e-09 1.3534e-08 4.4139e-07 3.3478e-08 1.3104e-07 3.7805e-09
3.3000e+01 3.6534e-09 7.8254e-09 2.5239e-07 1.9465e-08 7.5018e-08 2.1860e-09
3.5000e+01 3.2545e-09 6.9730e-09 2.2414e-07 1.7367e-08 6.6648e-08 1.9483e-09
1.6000e+01 1.5471e-08 3.2993e-08 1.0808e-06 8.1219e-08 3.2067e-07 9.2128e-09
3.4000e+01 3.4506e-09 7.3852e-09 2.3764e-07 1.8374e-08 7.0648e-08 2.0643e-09
4.6000e+01 1.9127e-09 4.1114e-09 1.2897e-07 1.0336e-08 3.8458e-08 1.1495e-09
3.7000e+01 2.9230e-09 6.2601e-09 2.0035e-07 1.5607e-08 5.9601e-08 1.7502e-09
1.4000e+01 2.0243e-08 4.3165e-08 1.4122e-06 1.0617e-07 4.1899e-07 1.2050e-08
6.0000e+00 1.1444e-07 2.4287e-07 7.6951e-06 5.9532e-07 2.2822e-06 6.7864e-08
1.8000e+01 1.2210e-08 2.6046e-08 8.5349e-07 6.4179e-08 2.5325e-07 7.2744e-09
2.0000e+01 9.8862e-09 2.1095e-08 6.9092e-07 5.2023e-08 2.0504e-07 5.8922e-09
1.0000e+01 4.0048e-08 8.5283e-08 2.7699e-06 2.0941e-07 8.2166e-07 2.3811e-08
3.8000e+01 2.7731e-09 5.9425e-09 1.8984e-07 1.4836e-08 5.6487e-08 1.6613e-09
5.7000e+01 1.2724e-09 2.7465e-09 8.3525e-08 6.9749e-09 2.4981e-08 7.6826e-10
4.2000e+01 2.2816e-09 4.8951e-09 1.5505e-07 1.2260e-08 4.6184e-08 1.3688e-09
3.9000e+01 2.6344e-09 5.6497e-09 1.8013e-07 1.4117e-08 5.3611e-08 1.5791e-09
4.1000e+01 2.3919e-09 5.1297e-09 1.6280e-07 1.2834e-08 4.8479e-08 1.4343e-09
5.8000e+01 1.2312e-09 2.6596e-09 8.0634e-08 6.7616e-09 2.4122e-08 7.4382e-10
6.8000e+01 9.1665e-10 1.9913e-09 5.8473e-08 5.1173e-09 1.7518e-08 5.5671e-10
6.1000e+01 1.1199e-09 2.4231e-09 7.2811e-08 6.1795e-09 2.1795e-08 6.7763e-10
5.9000e+01 1.1922e-09 2.5768e-09 7.7893e-08 6.5580e-09 2.3307e-08 7.2065e-10
7.2000e+01 8.2575e-10 1.8002e-09 5.2122e-08 4.6471e-09 1.5617e-08 5.0282e-10
6.3000e+01 1.0546e-09 2.2848e-09 6.8213e-08 5.8391e-09 2.0426e-08 6.3881e-10
6.4000e+01 1.0242e-09 2.2205e-09 6.6081e-08 5.6816e-09 1.9790e-08 6.2080e-10
6.7000e+01 9.4159e-10 2.0445e-09 6.0247e-08 5.2483e-09 1.8048e-08 5.7159e-10
6.0000e+01 1.1553e-09 2.4985e-09 7.5288e-08 6.3635e-09 2.2532e-08 6.9868e-10
6.6000e+01 9.6829e-10 2.1010e-09 6.2099e-08 5.3859e-09 1.8602e-08 5.8740e-10
8.8000e+01 5.7873e-10 1.2817e-09 3.4947e-08 3.3753e-09 1.0433e-08 3.5644e-10
6.9000e+01 8.9218e-10 1.9400e-09 5.6778e-08 4.9920e-09 1.7012e-08 5.4224e-10
6.5000e+01 9.9576e-10 2.1598e-09 6.4043e-08 5.5301e-09 1.9182e-08 6.0379e-10
9.6000e+01 4.9973e-10 1.1179e-09 2.9452e-08 2.9735e-09 8.7565e-09 3.0974e-10
7.1000e+01 8.4684e-10 1.8448e-09 5.3609e-08 4.7577e-09 1.6062e-08 5.1538e-10
7.6000e+01 7.4923e-10 1.6385e-09 4.6770e-08 4.2492e-09 1.4009e-08 4.5737e-10
7.8000e+01 7.1520e-10 1.5668e-09 4.4406e-08 4.0744e-09 1.3296e-08 4.3721e-10
1.0300e+02 4.4478e-10 1.0059e-09 2.5673e-08 2.7024e-09 7.5975e-09 2.7746e-10
1.0100e+02 4.5917e-10 1.0352e-09 2.6672e-08 2.7734e-09 7.9043e-09 2.8592e-10
8.4000e+01 6.2762e-10 1.3834e-09 3.8316e-08 3.6230e-09 1.1456e-08 3.8531e-10
7.0000e+01 8.6875e-10 1.8912e-09 5.5161e-08 4.8724e-09 1.6527e-08 5.2841e-10
7.7000e+01 7.3190e-10 1.6019e-09 4.5564e-08 4.1599e-09 1.3646e-08 4.4709e-10
8.5000e+01 6.1480e-10 1.3566e-09 3.7427e-08 3.5573e-09 1.1187e-08 3.7772e-10
7.4000e+01 7.8586e-10 1.7157e-09 4.9338e-08 4.4401e-09 1.4780e-08 4.7914e-10
9.0000e+01 5.5717e-10 1.2366e-09 3.3431e-08 3.2640e-09 9.9717e-09 3.4365e-10
1.0900e+02 4.0596e-10 9.2834e-10 2.3002e-08 2.5150e-09 6.7756e-09 2.5477e-10
7.3000e+01 8.0529e-10 1.7572e-09 5.0701e-08 4.5409e-09 1.5190e-08 4.9069e-10
7.5000e+01 7.6741e-10 1.6766e-09 4.8027e-08 4.3425e-09 1.4387e-08 4.6814e-10
7.9000e+01 6.9921e-10 1.5333e-09 4.3290e-08 3.9919e-09 1.2960e-08 4.2773e-10
8.1000e+01 6.6885e-10 1.4699e-09 4.1187e-08 3.8356e-09 1.2325e-08 4.0975e-10
8.0000e+01 6.8366e-10 1.5012e-09 4.2218e-08 3.9119e-09 1.2637e-08 4.1854e-10
6.2000e+01 1.0864e-09 2.3521e-09 7.0459e-08 6.0058e-09 2.1094e-08 6.5773e-10
8.2000e+01 6.5447e-10 1.4398e-09 4.0195e-08 3.7622e-09 1.2025e-08 4.0125e-10
9.9000e+01 4.7463e-10 1.0666e-09 2.7733e-08 2.8490e-09 8.2298e-09 2.9498e-10
8.9000e+01 5.6785e-10 1.2588e-09 3.4176e-08 3.3188e-09 1.0198e-08 3.4998e-10
8.7000e+01 5.9025e-10 1.3056e-09 3.5745e-08 3.4337e-09 1.0676e-08 3.6324e-10
9.5000e+01 5.0851e-10 1.1359e-09 3.0062e-08 3.0181e-09 8.9432e-09 3.1493e-10
1.0400e+02 4.3787e-10 9.9200e-10 2.5195e-08 2.6682e-09 7.4506e-09 2.7341e-10
8.6000e+01 6.0238e-10 1.3306e-09 3.6571e-08 3.4944e-09 1.0927e-08 3.7037e-10
8.3000e+01 6.4072e-10 1.4109e-09 3.9239e-08 3.6917e-09 1.1735e-08 3.9310e-10
9.7000e+01 4.9108e-10 1.1002e-09 2.8860e-08 2.9305e-09 8.5755e-09 3.0465e-10
9.2000e+01 5.3661e-10 1.1943e-09 3.2016e-08 3.1603e-09 9.5402e-09 3.3153e-10
1.0800e+02 4.1198e-10 9.4027e-10 2.3416e-08 2.5436e-09 6.9032e-09 2.5827e-10
1.1100e+02 3.9463e-10 9.0560e-10 2.2206e-08 2.4606e-09 6.5306e-09 2.4813e-10
1.0700e+02 4.1818e-10 9.5262e-10 2.3842e-08 2.5732e-09 7.0344e-09 2.6189e-10
1.1200e+02 3.8921e-10 8.9481e-10 2.1824e-08 2.4344e-09 6.4129e-09 2.4495e-10
9.3000e+01 5.2686e-10 1.1741e-09 3.1344e-08 3.1112e-09 9.3348e-09 3.2578e-10
9.4000e+01 5.1752e-10 1.1547e-09 3.0693e-08 3.0639e-09 9.1359e-09 3.2026e-10
1.0500e+02 4.3110e-10 9.7845e-10 2.4731e-08 2.6354e-09 7.3079e-09 2.6944e-10
9.1000e+01 5.4669e-10 1.2150e-09 3.2711e-08 3.2112e-09 9.7524e-09 3.3747e-10
9.8000e+01 4.8268e-10 1.0831e-09 2.8288e-08 2.8889e-09 8.4000e-09 2.9972e-10
1.0000e+02 4.6675e-10 1.0506e-09 2.7195e-08 2.8105e-09 8.0646e-09 2.9037e-10
1.0600e+02 4.2449e-10 9.6532e-10 2.4280e-08 2.6038e-09 7.1692e-09 2.6559e-10
1.0200e+02 4.5189e-10 1.0202e-09 2.6165e-08 2.7375e-09 7.7486e-09 2.8164e-10
1.1000e+02 4.0021e-10 9.1678e-10 2.2599e-08 2.4874e-09 6.6514e-09 2.5140e-10
1.1300e+02 3.8386e-10 8.8428e-10 2.1452e-08 2.4091e-09 6.2983e-09 2.4183e-10
1.1400e+02 3.7862e-10 8.7406e-10 2.1090e-08 2.3845e-09 6.1867e-09 2.3878e-10
1.1500e+02 3.7352e-10 8.6408e-10 2.0737e-08 2.3609e-09 6.0780e-09 2.3582e-10
1.1700e+02 3.6373e-10 8.4509e-10 2.0058e-08 2.3161e-09 5.8688e-09 2.3014e-10
1.2700e+02 3.2186e-10 7.6616e-10 1.7121e-08 2.1316e-09 4.9656e-09 2.0599e-10
1.2400e+02 3.3346e-10 7.8737e-10 1.7929e-08 2.1808e-09 5.2140e-09 2.1264e-10
1.1900e+02 3.5445e-10 8.2734e-10 1.9413e-08 2.2742e-09 5.6700e-09 2.2477e-10
1.2000e+02 3.5005e-10 8.1883e-10 1.9101e-08 2.2543e-09 5.5743e-09 2.2222e-10
1.1600e+02 3.6854e-10 8.5452e-10 2.0393e-08 2.3380e-09 5.9721e-09 2.3293e-10
1.2800e+02 3.1821e-10 7.5947e-10 1.6863e-08 2.1164e-09 4.8867e-09 2.0390e-10
1.2100e+02 3.4574e-10 8.1062e-10 1.8798e-08 2.2351e-09 5.4809e-09 2.1973e-10
1.2300e+02 3.3747e-10 7.9497e-10 1.8212e-08 2.1982e-09 5.3008e-09 2.1495e-10
1.3200e+02 3.0451e-10 7.3490e-10 1.5889e-08 2.0610e-09 4.5886e-09 1.9609e-10
1.1800e+02 3.5901e-10 8.3614e-10 1.9731e-08 2.2947e-09 5.7682e-09 2.2742e-10
1.4500e+02 2.6772e-10 6.7386e-10 1.3240e-08 1.9305e-09 3.7838e-09 1.7540e-10
1.2200e+02 3.4157e-10 8.0267e-10 1.8501e-08 2.2164e-09 5.3897e-09 2.1732e-10
1.2500e+02 3.2947e-10 7.8010e-10 1.7654e-08 2.1638e-09 5.1292e-09 2.1035e-10
1.2900e+02 3.1464e-10 7.5304e-10 1.6611e-08 2.1018e-09 4.8096e-09 2.0186e-10
1.2600e+02 3.2561e-10 7.7300e-10 1.7384e-08 2.1474e-09 5.0465e-09 2.0814e-10
1.3100e+02 3.0776e-10 7.4082e-10 1.6125e-08 2.0740e-09 4.6605e-09 1.9795e-10
1.4700e+02 2.6291e-10 6.6669e-10 1.2891e-08 1.9166e-09 3.6787e-09 1.7275e-10
1.3000e+02 3.1114e-10 7.4686e-10 1.6365e-08 2.0876e-09 4.7342e-09 1.9987e-10
1.3900e+02 2.8341e-10 6.9878e-10 1.4374e-08 1.9819e-09 4.1272e-09 1.8416e-10
1.3800e+02 2.8625e-10 7.0343e-10 1.4577e-08 1.9920e-09 4.1888e-09 1.8575e-10
1.3700e+02 2.8912e-10 7.0828e-10 1.4784e-08 2.0025e-09 4.2518e-09 1.8737e-10
1.3400e+02 2.9812e-10 7.2377e-10 1.5433e-08 2.0363e-09 4.4493e-09 1.9247e-10
1.3300e+02 3.0127e-10 7.2928e-10 1.5659e-08 2.0485e-09 4.5182e-09 1.9425e-10
1.3500e+02 2.9509e-10 7.1843e-10 1.5212e-08 2.0247e-09 4.3820e-09 1.9074e-10
1.3600e+02 2.9208e-10 7.1332e-10 1.4996e-08 2.0133e-09 4.3162e-09 1.8904e-10
1.4100e+02 2.7794e-10 6.8985e-10 1.3981e-08 1.9631e-09 4.0078e-09 1.8109e-10
1.4300e+02 2.7270e-10 6.8158e-10 1.3603e-08 1.9460e-09 3.8935e-09 1.7817e-10
1.4400e+02 2.7018e-10 6.7766e-10 1.3419e-08 1.9380e-09 3.8381e-09 1.7677e-10
1.4200e+02 2.7530e-10 6.8566e-10 1.3790e-08 1.9543e-09 3.9500e-09 1.7962e-10
1.5600e+02 2.4380e-10 6.4053e-10 1.1476e-08 1.8712e-09 3.2551e-09 1.6232e-10
1.4800e+02 2.6062e-10 6.6330e-10 1.2721e-08 1.9102e-09 3.6277e-09 1.7148e-10
1.4000e+02 2.8062e-10 6.9425e-10 1.4175e-08 1.9723e-09 4.0669e-09 1.8260e-10
1.4900e+02 2.5838e-10 6.6001e-10 1.2555e-08 1.9042e-09 3.5777e-09 1.7025e-10
1.5700e+02 2.4188e-10 6.3818e-10 1.1333e-08 1.8678e-09 3.2126e-09 1.6129e-10
1.6500e+02 2.2779e-10 6.2354e-10 1.0281e-08 1.8522e-09 2.9006e-09 1.5382e-10
1.4600e+02 2.6529e-10 6.7020e-10 1.3063e-08 1.9233e-09 3.7307e-09 1.7406e-10
1.5100e+02 2.5402e-10 6.5388e-10 1.2232e-08 1.8932e-09 3.4809e-09 1.6787e-10
1.5300e+02 2.4984e-10 6.4815e-10 1.1921e-08 1.8834e-09 3.3879e-09 1.6558e-10
1.6200e+02 2.3281e-10 6.2823e-10 1.0658e-08 1.8557e-09 3.0120e-09 1.5646e-10
1.5200e+02 2.5191e-10 6.5099e-10 1.2075e-08 1.8881e-09 3.4339e-09 1.6671e-10
1.5500e+02 2.4578e-10 6.4298e-10 1.1622e-08 1.8749e-09 3.2985e-09 1.6339e-10
1.5000e+02 2.5619e-10 6.5685e-10 1.2392e-08 1.8985e-09 3.5288e-09 1.6905e-10
1.5800e+02 2.4000e-10 6.3599e-10 1.1193e-08 1.8647e-09 3.1709e-09 1.6028e-10
1.5900e+02 2.3815e-10 6.3389e-10 1.1056e-08 1.8620e-09 3.1300e-09 1.5929e-10
1.5400e+02 2.4780e-10 6.4549e-10 1.1770e-08 1.8790e-09 3.3427e-09 1.6447e-10
1.6000e+02 2.3633e-10 6.3188e-10 1.0921e-08 1.8596e-09 3.0899e-09 1.5832e-10
1.6300e+02 2.3111e-10 6.2657e-10 1.0530e-08 1.8542e-09 2.9742e-09 1.5556e-10
1.6400e+02 2.2942e-10 6.2501e-10 1.0404e-08 1.8530e-09 2.9370e-09 1.5468e-10
1.6600e+02 2.2619e-10 6.2215e-10 1.0160e-08 1.8517e-09 2.8649e-09 1.5299e-10
1.6100e+02 2.3455e-10 6.2999e-10 1.0788e-08 1.8575e-09 3.0506e-09 1.5738e-10
1.6800e+02 2.2308e-10 6.1973e-10 9.9246e-09 1.8516e-09 2.7954e-09 1.5138e-10
1.6700e+02 2.2463e-10 6.2088e-10 1.0041e-08 1.8515e-09 2.8298e-09 1.5218e-10
1.6900e+02 2.2156e-10 6.1867e-10 9.8099e-09 1.8520e-09 2.7616e-09 1.5060e-10
1.7000e+02 2.2009e-10 6.1768e-10 9.6973e-09 1.8528e-09 2.7285e-09 1.4984e-10
1.7100e+02 2.1864e-10 6.1675e-10 9.5867e-09 1.8539e-09 2.6960e-09 1.4910e-10
1.7400e+02 2.1442e-10 6.1460e-10 9.2668e-09 1.8588e-09 2.6019e-09 1.4696e-10
1.7200e+02 2.1723e-10 6.1592e-10 9.4781e-09 1.8552e-09 2.6640e-09 1.4838e-10
1.7300e+02 2.1582e-10 6.1521e-10 9.3715e-09 1.8569e-09 2.6327e-09 1.4766e-10
1.8300e+02 2.0291e-10 6.1288e-10 8.4042e-09 1.8898e-09 2.3489e-09 1.4128e-10
1.7600e+02 2.1171e-10 6.1359e-10 9.0628e-09 1.8636e-09 2.5421e-09 1.4560e-10
1.8400e+02 2.0174e-10 6.1315e-10 8.3167e-09 1.8948e-09 2.3233e-09 1.4071e-10
1.8100e+02 2.0531e-10 6.1265e-10 8.5840e-09 1.8808e-09 2.4016e-09 1.4244e-10
1.7800e+02 2.0910e-10 6.1291e-10 8.8661e-09 1.8696e-09 2.4844e-09 1.4430e-10
1.8200e+02 2.0410e-10 6.1271e-10 8.4933e-09 1.8852e-09 2.3750e-09 1.4185e-10
1.7900e+02 2.0782e-10 6.1273e-10 8.7704e-09 1.8730e-09 2.4563e-09 1.4367e-10
1.7700e+02 2.1039e-10 6.1320e-10 8.9636e-09 1.8665e-09 2.5129e-09 1.4494e-10
1.8600e+02 1.9945e-10 6.1394e-10 8.1464e-09 1.9057e-09 2.2733e-09 1.3962e-10
1.8500e+02 2.0059e-10 6.1350e-10 8.2308e-09 1.9001e-09 2.2981e-09 1.4016e-10
1.8800e+02 1.9723e-10 6.1512e-10 7.9821e-09 1.9178e-09 2.2251e-09 1.3857e-10
1.8900e+02 1.9616e-10 6.1582e-10 7.9021e-09 1.9244e-09 2.2016e-09 1.3806e-10
1.8000e+02 2.0655e-10 6.1266e-10 8.6764e-09 1.8767e-09 2.4287e-09 1.4305e-10
1.9100e+02 1.9406e-10 6.1745e-10 7.7465e-09 1.9385e-09 2.1559e-09 1.3709e-10
1.7500e+02 2.1305e-10 6.1406e-10 9.1639e-09 1.8611e-09 2.5717e-09 1.4627e-10
1.8700e+02 1.9833e-10 6.1448e-10 8.0635e-09 1.9116e-09 2.2490e-09 1.3909e-10
2.0600e+02 1.8016e-10 6.4086e-10 6.7450e-09 2.0890e-09 1.8595e-09 1.3090e-10
1.9500e+02 1.9004e-10 6.2189e-10 7.4518e-09 1.9708e-09 2.0692e-09 1.3525e-10
1.9000e+02 1.9510e-10 6.1659e-10 7.8236e-09 1.9313e-09 2.1786e-09 1.3757e-10
1.9200e+02 1.9304e-10 6.1842e-10 7.6708e-09 1.9461e-09 2.1337e-09 1.3661e-10
1.9300e+02 1.9202e-10 6.1951e-10 7.5965e-09 1.9539e-09 2.1118e-09 1.3615e-10
1.9400e+02 1.9102e-10 6.2067e-10 7.5235e-09 1.9622e-09 2.0903e-09 1.3569e-10
1.9600e+02 1.8909e-10 6.2316e-10 7.3814e-09 1.9797e-09 2.0484e-09 1.3481e-10
1.9800e+02 1.8721e-10 6.2599e-10 7.2445e-09 1.9987e-09 2.0080e-09 1.3397e-10
2.0700e+02 1.7933e-10 6.4312e-10 6.6876e-09 2.1020e-09 1.8424e-09 1.3054e-10
1.9900e+02 1.8629e-10 6.2756e-10 7.1780e-09 2.0087e-09 1.9883e-09 1.3356e-10
2.1600e+02 1.7228e-10 6.6748e-10 6.2179e-09 2.2371e-09 1.7005e-09 1.2761e-10
2.0200e+02 1.8358e-10 6.3283e-10 6.9854e-09 2.0408e-09 1.9312e-09 1.3237e-10
1.9700e+02 1.8814e-10 6.2453e-10 7.3124e-09 1.9891e-09 2.0280e-09 1.3439e-10
2.0300e+02 1.8271e-10 6.3471e-10 6.9236e-09 2.0523e-09 1.9128e-09 1.3199e-10
2.0000e+02 1.8538e-10 6.2924e-10 7.1126e-09 2.0190e-09 1.9689e-09 1.3316e-10
2.0100e+02 1.8447e-10 6.3101e-10 7.0484e-09 2.0297e-09 1.9499e-09 1.3276e-10
2.1500e+02 1.7303e-10 6.6440e-10 6.2661e-09 2.2204e-09 1.7152e-09 1.2791e-10
2.1100e+02 1.7608e-10 6.5310e-10 6.4688e-09 2.1578e-09 1.7766e-09 1.2917e-10
2.0500e+02 1.8100e-10 6.3871e-10 6.8034e-09 2.0764e-09 1.8770e-09 1.3126e-10
2.0900e+02 1.7768e-10 6.4795e-10 6.5761e-09 2.1291e-09 1.8089e-09 1.2985e-10
2.0800e+02 1.7850e-10 6.4548e-10 6.6314e-09 2.1154e-09 1.8255e-09 1.3019e-10
2.1200e+02 1.7530e-10 6.5578e-10 6.4167e-09 2.1728e-09 1.7609e-09 1.2885e-10
2.0400e+02 1.8185e-10 6.3666e-10 6.8629e-09 2.0641e-09 1.8948e-09 1.3162e-10
2.1000e+02 1.7688e-10 6.5049e-10 6.5220e-09 2.1432e-09 1.7927e-09 1.2951e-10
2.1400e+02 1.7378e-10 6.6142e-10 6.3153e-09 2.2041e-09 1.7302e-09 1.2822e-10
2.1300e+02 1.7454e-10 6.5855e-10 6.3655e-09 2.1883e-09 1.7454e-09 1.2853e-10
2.1700e+02 1.7154e-10 6.7068e-10 6.1705e-09 2.2542e-09 1.6861e-09 1.2730e-10
2.1800e+02 1.7081e-10 6.7400e-10 6.1241e-09 2.2717e-09 1.6719e-09 1.2701e-10
2.1900e+02 1.7008e-10 6.7740e-10 6.0786e-09 2.2897e-09 1.6579e-09 1.2671e-10
2.2300e+02 1.6729e-10 6.9176e-10 5.9052e-09 2.3667e-09 1.6044e-09 1.2559e-10
2.2000e+02 1.6937e-10 6.8087e-10 6.0339e-09 2.3082e-09 1.6442e-09 1.2642e-10
2.2100e+02 1.6867e-10 6.8441e-10 5.9902e-09 2.3272e-09 1.6307e-09 1.2614e-10
2.2200e+02 1.6797e-10 6.8804e-10 5.9473e-09 2.3467e-09 1.6174e-09 1.2586e-10
2.2500e+02 1.6593e-10 6.9956e-10 5.8236e-09 2.4080e-09 1.5789e-09 1.2505e-10
2.2400e+02 1.6661e-10 6.9560e-10 5.8640e-09 2.3871e-09 1.5915e-09 1.2532e-10
2.2600e+02 1.6526e-10 7.0367e-10 5.7840e-09 2.4294e-09 1.5665e-09 1.2478e-10
2.2700e+02 1.6459e-10 7.0788e-10 5.7451e-09 2.4513e-09 1.5544e-09 1.2452e-10
2.2800e+02 1.6393e-10 7.1219e-10 5.7071e-09 2.4737e-09 1.5424e-09 1.2426e-10
2.3100e+02 1.6200e-10 7.2558e-10 5.5975e-09 2.5441e-09 1.5077e-09 1.2349e-10
2.3200e+02 1.6137e-10 7.3024e-10 5.5625e-09 2.5686e-09 1.4965e-09 1.2324e-10
2.3000e+02 1.6263e-10 7.2103e-10 5.6333e-09 2.5201e-09 1.5190e-09 1.2374e-10
2.2900e+02 1.6328e-10 7.1657e-10 5.6698e-09 2.4966e-09 1.5306e-09 1.2400e-10
2.3400e+02 1.6012e-10 7.3988e-10 5.4945e-09 2.6194e-09 1.4747e-09 1.2275e-10
2.3300e+02 1.6074e-10 7.3501e-10 5.5282e-09 2.5937e-09 1.4855e-09 1.2300e-10
2.4400e+02 1.5414e-10 7.9468e-10 5.1944e-09 2.9067e-09 1.3765e-09 1.2036e-10
2.3500e+02 1.5951e-10 7.4485e-10 5.4616e-09 2.6456e-09 1.4641e-09 1.2251e-10
2.4200e+02 1.5530e-10 7.8292e-10 5.2495e-09 2.8446e-09 1.3948e-09 1.2083e-10
2.3600e+02 1.5890e-10 7.4994e-10 5.4293e-09 2.6724e-09 1.4537e-09 1.2227e-10
2.3700e+02 1.5829e-10 7.5515e-10 5.3977e-09 2.6997e-09 1.4434e-09 1.2202e-10
2.4000e+02 1.5648e-10 7.7155e-10 5.3069e-09 2.7849e-09 1.4138e-09 1.2130e-10
2.4700e+02 1.5243e-10 8.1314e-10 5.1162e-09 3.0042e-09 1.3503e-09 1.1966e-10
2.3800e+02 1.5768e-10 7.6051e-10 5.3668e-09 2.7275e-09 1.4334e-09 1.2178e-10
2.3900e+02 1.5708e-10 7.6598e-10 5.3365e-09 2.7559e-09 1.4235e-09 1.2154e-10
2.4300e+02 1.5472e-10 7.8875e-10 5.2216e-09 2.8753e-09 1.3856e-09 1.2060e-10
2.4100e+02 1.5589e-10 7.7719e-10 5.2779e-09 2.8144e-09 1.4042e-09 1.2107e-10
2.4800e+02 1.5186e-10 8.1954e-10 5.0912e-09 3.0379e-09 1.3419e-09 1.1943e-10
2.4500e+02 1.5357e-10 8.0071e-10 5.1678e-09 2.9386e-09 1.3676e-09 1.2013e-10
2.4600e+02 1.5300e-10 8.0687e-10 5.1417e-09 2.9711e-09 1.3589e-09 1.1990e-10
2.5700e+02 1.4685e-10 8.8192e-10 4.8895e-09 3.3658e-09 1.2724e-09 1.1729e-10
2.5500e+02 1.4794e-10 8.6737e-10 4.9310e-09 3.2890e-09 1.2869e-09 1.1776e-10
2.5000e+02 1.5073e-10 8.3270e-10 5.0429e-09 3.1068e-09 1.3254e-09 1.1896e-10
2.5800e+02 1.4631e-10 8.8932e-10 4.8695e-09 3.4049e-09 1.2654e-09 1.1705e-10
2.5200e+02 1.4960e-10 8.4628e-10 4.9967e-09 3.1780e-09 1.3096e-09 1.1848e-10
2.5100e+02 1.5016e-10 8.3945e-10 5.0195e-09 3.1421e-09 1.3174e-09 1.1872e-10
2.4900e+02 1.5129e-10 8.2606e-10 5.0668e-09 3.0720e-09 1.3336e-09 1.1919e-10
2.5300e+02 1.4905e-10 8.5321e-10 4.9743e-09 3.2145e-09 1.3019e-09 1.1824e-10
2.5400e+02 1.4849e-10 8.6025e-10 4.9524e-09 3.2515e-09 1.2943e-09 1.1800e-10
2.5600e+02 1.4740e-10 8.7460e-10 4.9100e-09 3.3271e-09 1.2796e-09 1.1753e-10
2.6100e+02 1.4469e-10 9.1218e-10 4.8119e-09 3.5253e-09 1.2450e-09 1.1632e-10
2.5900e+02 1.4577e-10 8.9683e-10 4.8499e-09 3.4446e-09 1.2585e-09 1.1680e-10
2.6000e+02 1.4523e-10 9.0445e-10 4.8307e-09 3.4847e-09 1.2517e-09 1.1656e-10
2.6300e+02 1.4362e-10 9.2797e-10 4.7755e-09 3.6077e-09 1.2321e-09 1.1582e-10
2.6400e+02 1.4309e-10 9.3602e-10 4.7579e-09 3.6494e-09 1.2258e-09 1.1557e-10
2.6600e+02 1.4203e-10 9.5236e-10 4.7239e-09 3.7341e-09 1.2136e-09 1.1507e-10
2.6200e+02 1.4416e-10 9.2002e-10 4.7935e-09 3.5663e-09 1.2385e-09 1.1607e-10
2.7100e+02 1.3942e-10 9.9436e-10 4.6447e-09 3.9507e-09 1.1850e-09 1.1379e-10
2.7000e+02 1.3994e-10 9.8584e-10 4.6599e-09 3.9070e-09 1.1905e-09 1.1405e-10
2.6500e+02 1.4256e-10 9.4415e-10 4.7407e-09 3.6916e-09 1.2196e-09 1.1532e-10
2.6800e+02 1.4098e-10 9.6897e-10 4.6912e-09 3.8200e-09 1.2018e-09 1.1456e-10
2.6700e+02 1.4150e-10 9.6063e-10 4.7074e-09 3.7769e-09 1.2076e-09 1.1482e-10
2.7600e+02 1.3684e-10 1.0379e-09 4.5732e-09 4.1707e-09 1.1591e-09 1.1246e-10
2.6900e+02 1.4046e-10 9.7737e-10 4.6754e-09 3.8634e-09 1.1961e-09 1.1431e-10
2.7200e+02 1.3890e-10 1.0029e-09 4.6298e-09 3.9946e-09 1.1796e-09 1.1353e-10
2.7300e+02 1.3838e-10 1.0116e-09 4.6153e-09 4.0387e-09 1.1743e-09 1.1326e-10
2.7400e+02 1.3787e-10 1.0203e-09 4.6010e-09 4.0827e-09 1.1691e-09 1.1300e-10
2.8000e+02 1.3479e-10 1.0737e-09 4.5206e-09 4.3449e-09 1.1402e-09 1.1136e-10
2.7800e+02 1.3581e-10 1.0558e-09 4.5464e-09 4.2582e-09 1.1494e-09 1.1191e-10
2.7500e+02 1.3735e-10 1.0291e-09 4.5869e-09 4.1268e-09 1.1641e-09 1.1273e-10
2.7700e+02 1.3633e-10 1.0468e-09 4.5597e-09 4.2146e-09 1.1542e-09 1.1219e-10
2.7900e+02 1.3530e-10 1.0647e-09 4.5334e-09 4.3016e-09 1.1448e-09 1.1164e-10
2.8100e+02 1.3428e-10 1.0827e-09 4.5081e-09 4.3877e-09 1.1357e-09 1.1108e-10
2.8200e+02 1.3378e-10 1.0916e-09 4.4957e-09 4.4301e-09 1.1313e-09 1.1079e-10
2.8300e+02 1.3327e-10 1.1006e-09 4.4835e-09 4.4720e-09 1.1270e-09 1.1051e-10
2.8400e+02 1.3276e-10 1.1095e-09 4.4715e-09 4.5134e-09 1.1227e-09 1.1022e-10
2.8500e+02 1.3226e-10 1.1184e-09 4.4597e-09 4.5543e-09 1.1186e-09 1.0994e-10
2.9000e+02 1.2976e-10 1.1626e-09 4.4029e-09 4.7468e-09 1.0992e-09 1.0846e-10
2.8600e+02 1.3176e-10 1.1274e-09 4.4481e-09 4.5944e-09 1.1146e-09 1.0964e-10
2.9200e+02 1.2877e-10 1.1798e-09 4.3811e-09 4.8171e-09 1.0920e-09 1.0786e-10
2.8700e+02 1.3126e-10 1.1363e-09 4.4366e-09 4.6338e-09 1.1106e-09 1.0935e-10
2.8800e+02 1.3076e-10 1.1451e-09 4.4252e-09 4.6724e-09 1.1067e-09 1.0906e-10
2.9700e+02 1.2629e-10 1.2212e-09 4.3281e-09 4.9708e-09 1.0754e-09 1.0630e-10
2.9400e+02 1.2777e-10 1.1967e-09 4.3597e-09 4.8827e-09 1.0852e-09 1.0724e-10
2.8900e+02 1.3026e-10 1.1539e-09 4.4140e-09 4.7100e-09 1.1029e-09 1.0876e-10
2.9100e+02 1.2926e-10 1.1712e-09 4.3920e-09 4.7825e-09 1.0956e-09 1.0816e-10
2.9900e+02 1.2531e-10 1.2369e-09 4.3073e-09 5.0220e-09 1.0693e-09 1.0567e-10
2.9500e+02 1.2728e-10 1.2050e-09 4.3491e-09 4.9135e-09 1.0818e-09 1.0693e-10
2.9300e+02 1.2827e-10 1.1883e-09 4.3703e-09 4.8505e-09 1.0886e-09 1.0755e-10
2.9600e+02 1.2678e-10 1.2132e-09 4.3386e-09 4.9429e-09 1.0786e-09 1.0662e-10
2.9800e+02 1.2580e-10 1.2291e-09 4.3177e-09 4.9972e-09 1.0723e-09 1.0598e-10
3.0200e+02 1.2384e-10 1.2591e-09 4.2764e-09 5.0864e-09 1.0606e-09 1.0470e-10
3.0100e+02 1.2433e-10 1.2519e-09 4.2867e-09 5.0666e-09 1.0634e-09 1.0502e-10
3.0000e+02 1.2482e-10 1.2445e-09 4.2970e-09 5.0451e-09 1.0663e-09 1.0535e-10
3.0300e+02 1.2335e-10 1.2661e-09 4.2661e-09 5.1043e-09 1.0578e-09 1.0437e-10
3.0400e+02 1.2287e-10 1.2729e-09 4.2558e-09 5.1204e-09 1.0551e-09 1.0404e-10
3.0500e+02 1.2238e-10 1.2794e-09 4.2455e-09 5.1347e-09 1.0525e-09 1.0371e-10
3.0800e+02 1.2093e-10 1.2975e-09 4.2145e-09 5.1660e-09 1.0450e-09 1.0271e-10
3.0700e+02 1.2141e-10 1.2918e-09 4.2248e-09 5.1575e-09 1.0474e-09 1.0305e-10
3.1000e+02 1.1997e-10 1.3083e-09 4.1935e-09 5.1771e-09 1.0403e-09 1.0204e-10
3.0900e+02 1.2045e-10 1.3031e-09 4.2040e-09 5.1725e-09 1.0426e-09 1.0238e-10
3.1100e+02 1.1948e-10 1.3133e-09 4.1830e-09 5.1796e-09 1.0380e-09 1.0170e-10
3.1200e+02 1.1900e-10 1.3179e-09 4.1724e-09 5.1802e-09 1.0358e-09 1.0135e-10
3.2000e+02 1.1519e-10 1.3438e-09 4.0846e-09 5.1146e-09 1.0199e-09 9.8558e-11
3.1300e+02 1.1852e-10 1.3223e-09 4.1618e-09 5.1787e-09 1.0336e-09 1.0101e-10
3.0600e+02 1.2190e-10 1.2857e-09 4.2352e-09 5.1470e-09 1.0499e-09 1.0338e-10
3.1400e+02 1.1805e-10 1.3264e-09 4.1510e-09 5.1754e-09 1.0315e-09 1.0066e-10
3.1800e+02 1.1614e-10 1.3394e-09 4.1071e-09 5.1423e-09 1.0236e-09 9.9264e-11
3.1500e+02 1.1757e-10 1.3302e-09 4.1401e-09 5.1699e-09 1.0294e-09 1.0032e-10
3.1700e+02 1.1661e-10 1.3367e-09 4.1182e-09 5.1533e-09 1.0255e-09 9.9616e-11
3.1600e+02 1.1709e-10 1.3336e-09 4.1292e-09 5.1626e-09 1.0274e-09 9.9966e-11
3.1900e+02 1.1566e-10 1.3418e-09 4.0959e-09 5.1294e-09 1.0217e-09 9.8911e-11
3.2700e+02 1.1192e-10 1.3477e-09 4.0020e-09 4.9647e-09 1.0085e-09 9.6062e-11
3.2100e+02 1.1472e-10 1.3455e-09 4.0731e-09 5.0980e-09 1.0182e-09 9.8203e-11
3.2200e+02 1.1425e-10 1.3468e-09 4.0616e-09 5.0798e-09 1.0165e-09 9.7848e-11
3.2300e+02 1.1378e-10 1.3478e-09 4.0499e-09 5.0599e-09 1.0148e-09 9.7492e-11
3.2400e+02 1.1331e-10 1.3483e-09 4.0381e-09 5.0383e-09 1.0132e-09 9.7135e-11
3.2500e+02 1.1285e-10 1.3485e-09 4.0262e-09 5.0152e-09 1.0116e-09 9.6778e-11
3.2900e+02 1.1100e-10 1.3454e-09 3.9773e-09 4.9088e-09 1.0057e-09 9.5343e-11
3.2600e+02 1.1238e-10 1.3483e-09 4.0142e-09 4.9907e-09 1.0100e-09 9.6420e-11
3.2800e+02 1.1146e-10 1.3468e-09 3.9897e-09 4.9374e-09 1.0071e-09 9.5703e-11
3.3200e+02 1.0962e-10 1.3393e-09 3.9392e-09 4.8160e-09 1.0016e-09 9.4261e-11
3.3100e+02 1.1008e-10 1.3417e-09 3.9520e-09 4.8480e-09 1.0029e-09 9.4622e-11
3.3000e+02 1.1054e-10 1.3438e-09 3.9647e-09 4.8790e-09 1.0043e-09 9.4983e-11
3.3400e+02 1.0871e-10 1.3335e-09 3.9131e-09 4.7487e-09 9.9907e-10 9.3537e-11
3.3300e+02 1.0917e-10 1.3366e-09 3.9262e-09 4.7829e-09 1.0003e-09 9.3899e-11
3.3500e+02 1.0826e-10 1.3301e-09 3.8999e-09 4.7139e-09 9.9785e-10 9.3174e-11
3.3600e+02 1.0781e-10 1.3263e-09 3.8865e-09 4.6782e-09 9.9666e-10 9.2812e-11
3.3700e+02 1.0736e-10 1.3222e-09 3.8730e-09 4.6417e-09 9.9550e-10 9.2449e-11
3.3800e+02 1.0691e-10 1.3178e-09 3.8594e-09 4.6046e-09 9.9438e-10 9.2086e-11
3.3900e+02 1.0646e-10 1.3131e-09 3.8456e-09 4.5669e-09 9.9327e-10 9.1723e-11
3.4100e+02 1.0557e-10 1.3028e-09 3.8178e-09 4.4898e-09 9.9115e-10 9.0998e-11
3.4000e+02 1.0602e-10 1.3081e-09 3.8318e-09 4.5286e-09 9.9220e-10 9.1360e-11
3.4300e+02 1.0469e-10 1.2914e-09 3.7895e-09 4.4111e-09 9.8913e-10 9.0274e-11
3.4200e+02 1.0513e-10 1.2972e-09 3.8037e-09 4.4507e-09 9.9013e-10 9.0636e-11
3.4400e+02 1.0425e-10 1.2852e-09 3.7752e-09 4.3713e-09 9.8815e-10 8.9912e-11
3.4700e+02 1.0295e-10 1.2654e-09 3.7316e-09 4.2503e-09 9.8533e-10 8.8832e-11
3.4900e+02 1.0209e-10 1.2510e-09 3.7022e-09 4.1692e-09 9.8355e-10 8.8114e-11
3.4500e+02 1.0381e-10 1.2789e-09 3.7608e-09 4.3312e-09 9.8719e-10 8.9552e-11
3.4800e+02 1.0252e-10 1.2583e-09 3.7170e-09 4.2097e-09 9.8443e-10 8.8473e-11
3.5600e+02 9.9143e-11 1.1949e-09 3.5972e-09 3.8873e-09 9.7778e-10 8.5626e-11
3.4600e+02 1.0338e-10 1.2722e-09 3.7462e-09 4.2908e-09 9.8625e-10 8.9191e-11
3.5000e+02 1.0166e-10 1.2435e-09 3.6873e-09 4.1286e-09 9.8268e-10 8.7757e-11
3.5200e+02 1.0081e-10 1.2279e-09 3.6575e-09 4.0476e-09 9.8100e-10 8.7043e-11
3.5700e+02 9.8730e-11 1.1863e-09 3.5820e-09 3.8478e-09 9.7700e-10 8.5274e-11
3.5100e+02 1.0124e-10 1.2358e-09 3.6725e-09 4.0881e-09 9.8183e-10 8.7400e-11
3.5400e+02 9.9975e-11 1.2117e-09 3.6274e-09 3.9671e-09 9.7937e-10 8.6333e-11
3.5300e+02 1.0039e-10 1.2199e-09 3.6425e-09 4.0073e-09 9.8018e-10 8.6688e-11
3.5900e+02 9.7908e-11 1.1688e-09 3.5517e-09 3.7697e-09 9.7547e-10 8.4573e-11
3.5500e+02 9.9558e-11 1.2033e-09 3.6123e-09 3.9271e-09 9.7857e-10 8.5980e-11
3.6200e+02 9.6691e-11 1.1420e-09 3.5061e-09 3.6551e-09 9.7321e-10 8.3527e-11
3.5800e+02 9.8318e-11 1.1776e-09 3.5669e-09 3.8086e-09 9.7623e-10 8.4923e-11
3.6100e+02 9.7095e-11 1.1510e-09 3.5213e-09 3.6929e-09 9.7396e-10 8.3875e-11
3.6000e+02 9.7501e-11 1.1599e-09 3.5365e-09 3.7311e-09 9.7471e-10 8.4223e-11
3.6300e+02 9.6289e-11 1.1329e-09 3.4909e-09 3.6175e-09 9.7247e-10 8.3181e-11
3.7200e+02 9.2765e-11 1.0500e-09 3.3563e-09 3.3000e-09 9.6575e-10 8.0120e-11
3.6800e+02 9.4309e-11 1.0869e-09 3.4155e-09 3.4365e-09 9.6876e-10 8.1467e-11
3.6400e+02 9.5889e-11 1.1238e-09 3.4758e-09 3.5805e-09 9.7172e-10 8.2835e-11
3.7000e+02 9.3532e-11 1.0685e-09 3.3858e-09 3.3673e-09 9.6726e-10 8.0790e-11
3.6900e+02 9.3919e-11 1.0777e-09 3.4006e-09 3.4016e-09 9.6802e-10 8.1128e-11
3.6600e+02 9.5094e-11 1.1054e-09 3.4456e-09 3.5076e-09 9.7024e-10 8.2148e-11
3.7600e+02 9.1258e-11 1.0134e-09 3.2983e-09 3.1714e-09 9.6266e-10 7.8800e-11
3.6700e+02 9.4701e-11 1.0962e-09 3.4305e-09 3.4718e-09 9.6950e-10 8.1807e-11
3.6500e+02 9.5490e-11 1.1146e-09 3.4606e-09 3.5438e-09 9.7098e-10 8.2491e-11
3.7300e+02 9.2384e-11 1.0408e-09 3.3416e-09 3.2671e-09 9.6499e-10 7.9788e-11
3.7100e+02 9.3147e-11 1.0592e-09 3.3710e-09 3.3334e-09 9.6652e-10 8.0455e-11
3.7900e+02 9.0152e-11 9.8653e-10 3.2560e-09 3.0803e-09 9.6025e-10 7.7827e-11
3.7700e+02 9.0887e-11 1.0044e-09 3.2841e-09 3.1405e-09 9.6186e-10 7.8474e-11
3.7500e+02 9.1631e-11 1.0225e-09 3.3127e-09 3.2027e-09 9.6344e-10 7.9127e-11
3.7400e+02 9.2007e-11 1.0316e-09 3.3271e-09 3.2347e-09 9.6422e-10 7.9457e-11
3.7800e+02 9.0518e-11 9.9544e-10 3.2700e-09 3.1101e-09 9.6106e-10 7.8150e-11
3.8000e+02 8.9788e-11 9.7768e-10 3.2422e-09 3.0509e-09 9.5943e-10 7.7506e-11
3.8100e+02 8.9426e-11 9.6889e-10 3.2284e-09 3.0221e-09 9.5859e-10 7.7187e-11
3.8200e+02 8.9066e-11 9.6016e-10 3.2148e-09 2.9938e-09 9.5774e-10 7.6870e-11
3.8600e+02 8.7651e-11 9.2597e-10 3.1618e-09 2.8854e-09 9.5422e-10 7.5619e-11
3.8400e+02 8.8354e-11 9.4291e-10 3.1880e-09 2.9386e-09 9.5601e-10 7.6241e-11
3.8300e+02 8.8709e-11 9.5149e-10 3.2013e-09 2.9659e-09 9.5689e-10 7.6554e-11
3.8500e+02 8.8001e-11 9.3439e-10 3.1748e-09 2.9118e-09 9.5512e-10 7.5929e-11
3.8700e+02 8.7303e-11 9.1762e-10 3.1489e-09 2.8596e-09 9.5330e-10 7.5310e-11
3.8800e+02 8.6957e-11 9.0936e-10 3.1361e-09 2.8342e-09 9.5236e-10 7.5004e-11
3.9000e+02 8.6272e-11 8.9315e-10 3.1111e-09 2.7849e-09 9.5044e-10 7.4397e-11
3.8900e+02 8.6614e-11 9.0121e-10 3.1236e-09 2.8094e-09 9.5141e-10 7.4700e-11
3.9100e+02 8.5934e-11 8.8518e-10 3.0989e-09 2.7611e-09 9.4945e-10 7.4097e-11
3.9200e+02 8.5597e-11 8.7733e-10 3.0867e-09 2.7377e-09 9.4845e-10 7.3798e-11
3.9300e+02 8.5263e-11 8.6956e-10 3.0748e-09 2.7148e-09 9.4743e-10 7.3501e-11
3.9400e+02 8.4930e-11 8.6191e-10 3.0630e-09 2.6923e-09 9.4638e-10 7.3207e-11
3.9600e+02 8.4273e-11 8.4689e-10 3.0399e-09 2.6487e-09 9.4424e-10 7.2623e-11
3.9700e+02 8.3947e-11 8.3954e-10 3.0286e-09 2.6276e-09 9.4313e-10 7.2334e-11
3.9500e+02 8.4600e-11 8.5434e-10 3.0514e-09 2.6702e-09 9.4532e-10 7.2913e-11
4.0100e+02 8.2669e-11 8.1114e-10 2.9850e-09 2.5476e-09 9.3851e-10 7.1199e-11
3.9800e+02 8.3624e-11 8.3228e-10 3.0174e-09 2.6069e-09 9.4200e-10 7.2047e-11
3.9900e+02 8.3303e-11 8.2513e-10 3.0065e-09 2.5867e-09 9.4086e-10 7.1762e-11
4.0000e+02 8.2985e-11 8.1807e-10 2.9956e-09 2.5669e-09 9.3970e-10 7.1480e-11
4.0300e+02 8.2045e-11 7.9758e-10 2.9641e-09 2.5101e-09 9.3607e-10 7.0645e-11
4.0200e+02 8.2356e-11 8.0431e-10 2.9745e-09 2.5287e-09 9.3730e-10 7.0921e-11
4.0600e+02 8.1126e-11 7.7804e-10 2.9340e-09 2.4570e-09 9.3224e-10 6.9830e-11
4.0400e+02 8.1736e-11 7.9095e-10 2.9539e-09 2.4920e-09 9.3481e-10 7.0371e-11
4.0700e+02 8.0825e-11 7.7175e-10 2.9243e-09 2.4402e-09 9.3092e-10 6.9562e-11
4.0500e+02 8.1430e-11 7.8446e-10 2.9439e-09 2.4743e-09 9.3354e-10 7.0099e-11
4.1000e+02 7.9934e-11 7.5349e-10 2.8959e-09 2.3917e-09 9.2684e-10 6.8773e-11
4.0800e+02 8.0525e-11 7.6555e-10 2.9147e-09 2.4236e-09 9.2958e-10 6.9297e-11
4.1200e+02 7.9353e-11 7.4186e-10 2.8777e-09 2.3613e-09 9.2400e-10 6.8259e-11
4.1100e+02 7.9643e-11 7.4763e-10 2.8868e-09 2.3764e-09 9.2543e-10 6.8515e-11
4.1300e+02 7.9066e-11 7.3620e-10 2.8688e-09 2.3467e-09 9.2255e-10 6.8004e-11
4.0900e+02 8.0229e-11 7.5948e-10 2.9052e-09 2.4075e-09 9.2822e-10 6.9034e-11
4.1400e+02 7.8781e-11 7.3064e-10 2.8600e-09 2.3324e-09 9.2108e-10 6.7753e-11
4.1700e+02 7.7939e-11 7.1459e-10 2.8344e-09 2.2916e-09 9.1654e-10 6.7010e-11
4.1500e+02 7.8498e-11 7.2520e-10 2.8514e-09 2.3185e-09 9.1959e-10 6.7503e-11
4.2000e+02 7.7118e-11 6.9943e-10 2.8099e-09 2.2538e-09 9.1181e-10 6.6287e-11
4.1600e+02 7.8217e-11 7.1984e-10 2.8429e-09 2.3049e-09 9.1808e-10 6.7255e-11
4.1800e+02 7.7663e-11 7.0944e-10 2.8261e-09 2.2787e-09 9.1498e-10 6.6767e-11
4.1900e+02 7.7389e-11 7.0439e-10 2.8179e-09 2.2660e-09 9.1340e-10 6.6525e-11
4.2100e+02 7.6849e-11 6.9459e-10 2.8019e-09 2.2418e-09 9.1018e-10 6.6050e-11
4.2300e+02 7.6317e-11 6.8518e-10 2.7862e-09 2.2188e-09 9.0689e-10 6.5583e-11
4.2200e+02 7.6581e-11 6.8984e-10 2.7940e-09 2.2302e-09 9.0855e-10 6.5815e-11
4.2600e+02 7.5535e-11 6.7180e-10 2.7633e-09 2.1867e-09 9.0179e-10 6.4898e-11
4.2400e+02 7.6054e-11 6.8063e-10 2.7784e-09 2.2078e-09 9.0521e-10 6.5353e-11
4.2500e+02 7.5793e-11 6.7616e-10 2.7708e-09 2.1971e-09 9.0351e-10 6.5124e-11
4.3200e+02 7.4030e-11 6.4764e-10 2.7194e-09 2.1301e-09 8.9115e-10 6.3587e-11
4.2800e+02 7.5024e-11 6.6338e-10 2.7484e-09 2.1667e-09 8.9831e-10 6.4453e-11
4.2900e+02 7.4772e-11 6.5930e-10 2.7410e-09 2.1571e-09 8.9654e-10 6.4233e-11
4.3000e+02 7.4523e-11 6.5532e-10 2.7337e-09 2.1478e-09 8.9476e-10 6.4016e-11
4.2700e+02 7.5279e-11 6.6754e-10 2.7558e-09 2.1765e-09 9.0006e-10 6.4675e-11
4.3400e+02 7.3545e-11 6.4030e-10 2.7051e-09 2.1134e-09 8.8747e-10 6.3168e-11
4.3300e+02 7.3786e-11 6.4392e-10 2.7122e-09 2.1216e-09 8.8932e-10 6.3376e-11
4.3100e+02 7.4275e-11 6.5144e-10 2.7265e-09 2.1388e-09 8.9296e-10 6.3801e-11
4.3900e+02 7.2371e-11 6.2347e-10 2.6703e-09 2.0762e-09 8.7805e-10 6.2156e-11
4.3500e+02 7.3306e-11 6.3676e-10 2.6981e-09 2.1055e-09 8.8561e-10 6.2961e-11
4.3600e+02 7.3069e-11 6.3331e-10 2.6911e-09 2.0978e-09 8.8374e-10 6.2756e-11
4.3800e+02 7.2601e-11 6.2667e-10 2.6772e-09 2.0832e-09 8.7996e-10 6.2354e-11
4.3700e+02 7.2834e-11 6.2995e-10 2.6841e-09 2.0904e-09 8.8186e-10 6.2554e-11
4.4500e+02 7.1032e-11 6.0605e-10 2.6291e-09 2.0394e-09 8.6640e-10 6.1011e-11
4.4000e+02 7.2143e-11 6.2037e-10 2.6634e-09 2.0695e-09 8.7614e-10 6.1960e-11
4.4100e+02 7.1916e-11 6.1734e-10 2.6565e-09 2.0630e-09 8.7421e-10 6.1766e-11
4.4200e+02 7.1692e-11 6.1440e-10 2.6496e-09 2.0568e-09 8.7227e-10 6.1574e-11
4.4300e+02 7.1470e-11 6.1154e-10 2.6428e-09 2.0508e-09 8.7032e-10 6.1384e-11
4.4600e+02 7.0816e-11 6.0342e-10 2.6223e-09 2.0341e-09 8.6443e-10 6.0828e-11
4.4400e+02 7.1250e-11 6.0876e-10 2.6359e-09 2.0450e-09 8.6837e-10 6.1197e-11
4.4700e+02 7.0602e-11 6.0088e-10 2.6154e-09 2.0290e-09 8.6246e-10 6.0647e-11
4.4800e+02 7.0390e-11 5.9841e-10 2.6086e-09 2.0240e-09 8.6048e-10 6.0467e-11
4.4900e+02 7.0180e-11 5.9601e-10 2.6018e-09 2.0193e-09 8.5849e-10 6.0290e-11
4.5000e+02 6.9972e-11 5.9369e-10 2.5949e-09 2.0148e-09 8.5650e-10 6.0115e-11
4.5100e+02 6.9766e-11 5.9145e-10 2.5881e-09 2.0105e-09 8.5451e-10 5.9941e-11
4.5300e+02 6.9359e-11 5.8716e-10 2.5743e-09 2.0025e-09 8.5051e-10 5.9600e-11
4.5200e+02 6.9562e-11 5.8927e-10 2.5812e-09 2.0064e-09 8.5251e-10 5.9770e-11
4.5400e+02 6.9159e-11 5.8514e-10 2.5674e-09 1.9988e-09 8.4851e-10 5.9433e-11
4.5500e+02 6.8961e-11 5.8319e-10 2.5605e-09 1.9953e-09 8.4651e-10 5.9268e-11
4.5600e+02 6.8764e-11 5.8130e-10 2.5536e-09 1.9920e-09 8.4451e-10 5.9104e-11
4.5700e+02 6.8570e-11 5.7949e-10 2.5466e-09 1.9888e-09 8.4251e-10 5.8942e-11
4.5900e+02 6.8186e-11 5.7607e-10 2.5326e-09 1.9831e-09 8.3852e-10 5.8625e-11
4.5800e+02 6.8377e-11 5.7775e-10 2.5396e-09 1.9859e-09 8.4051e-10 5.8782e-11
4.6600e+02 6.6898e-11 5.6622e-10 2.4830e-09 1.9684e-09 8.2466e-10 5.7570e-11
4.6900e+02 6.6372e-11 5.6298e-10 2.4614e-09 1.9645e-09 8.1881e-10 5.7145e-11
4.6300e+02 6.7440e-11 5.7004e-10 2.5044e-09 1.9737e-09 8.3057e-10 5.8011e-11
4.6800e+02 6.6546e-11 5.6400e-10 2.4686e-09 1.9656e-09 8.2075e-10 5.7285e-11
4.6100e+02 6.7809e-11 5.7292e-10 2.5186e-09 1.9780e-09 8.3453e-10 5.8314e-11
4.6200e+02 6.7624e-11 5.7144e-10 2.5115e-09 1.9758e-09 8.3255e-10 5.8162e-11
4.6000e+02 6.7997e-11 5.7446e-10 2.5256e-09 1.9805e-09 8.3652e-10 5.8469e-11
4.6400e+02 6.7258e-11 5.6871e-10 2.4973e-09 1.9717e-09 8.2859e-10 5.7862e-11
4.6500e+02 6.7077e-11 5.6743e-10 2.4902e-09 1.9700e-09 8.2662e-10 5.7716e-11
4.6700e+02 6.6721e-11 5.6508e-10 2.4758e-09 1.9669e-09 8.2270e-10 5.7427e-11
4.7100e+02 6.6030e-11 5.6114e-10 2.4469e-09 1.9626e-09 8.1496e-10 5.6870e-11
4.7000e+02 6.6200e-11 5.6203e-10 2.4541e-09 1.9635e-09 8.1688e-10 5.7006e-11
4.7200e+02 6.5861e-11 5.6032e-10 2.4396e-09 1.9619e-09 8.1304e-10 5.6735e-11
4.7300e+02 6.5694e-11 5.5956e-10 2.4323e-09 1.9614e-09 8.1114e-10 5.6601e-11
4.7400e+02 6.5529e-11 5.5885e-10 2.4249e-09 1.9609e-09 8.0925e-10 5.6470e-11
4.7700e+02 6.5042e-11 5.5711e-10 2.4028e-09 1.9605e-09 8.0366e-10 5.6084e-11
4.7500e+02 6.5365e-11 5.5821e-10 2.4176e-09 1.9607e-09 8.0737e-10 5.6340e-11
4.7800e+02 6.4882e-11 5.5665e-10 2.3954e-09 1.9606e-09 8.0182e-10 5.5959e-11
4.7600e+02 6.5202e-11 5.5763e-10 2.4102e-09 1.9605e-09 8.0551e-10 5.6211e-11
4.7900e+02 6.4724e-11 5.5625e-10 2.3880e-09 1.9608e-09 7.9999e-10 5.5835e-11
4.8000e+02 6.4568e-11 5.5591e-10 2.3805e-09 1.9612e-09 7.9818e-10 5.5713e-11
4.8200e+02 6.4260e-11 5.5540e-10 2.3656e-09 1.9622e-09 7.9461e-10 5.5474e-11
4.8100e+02 6.4414e-11 5.5562e-10 2.3731e-09 1.9616e-09 7.9639e-10 5.5593e-11
4.8400e+02 6.3959e-11 5.5513e-10 2.3507e-09 1.9638e-09 7.9109e-10 5.5240e-11
4.8300e+02 6.4109e-11 5.5523e-10 2.3581e-09 1.9629e-09 7.9284e-10 5.5356e-11
4.8600e+02 6.3662e-11 5.5510e-10 2.3357e-09 1.9657e-09 7.8765e-10 5.5012e-11
4.8500e+02 6.3810e-11 5.5508e-10 2.3432e-09 1.9647e-09 7.8936e-10 5.5125e-11
4.9100e+02 6.2947e-11 5.5599e-10 2.2983e-09 1.9724e-09 7.7935e-10 5.4468e-11
4.8700e+02 6.3517e-11 5.5516e-10 2.3282e-09 1.9669e-09 7.8595e-10 5.4901e-11
4.9000e+02 6.3087e-11 5.5571e-10 2.3058e-09 1.9709e-09 7.8097e-10 5.4574e-11
4.8800e+02 6.3372e-11 5.5529e-10 2.3207e-09 1.9681e-09 7.8427e-10 5.4790e-11
4.8900e+02 6.3229e-11 5.5547e-10 2.3133e-09 1.9694e-09 7.8261e-10 5.4681e-11
4.9200e+02 6.2808e-11 5.5634e-10 2.2908e-09 1.9740e-09 7.7774e-10 5.4363e-11
4.9300e+02 6.2670e-11 5.5674e-10 2.2834e-09 1.9757e-09 7.7616e-10 5.4260e-11
4.9400e+02 6.2534e-11 5.5720e-10 2.2759e-09 1.9775e-09 7.7460e-10 5.4158e-11
4.9500e+02 6.2399e-11 5.5771e-10 2.2685e-09 1.9793e-09 7.7305e-10 5.4057e-11
4.9800e+02 6.2001e-11 5.5957e-10 2.2463e-09 1.9854e-09 7.6855e-10 5.3762e-11
4.9700e+02 6.2133e-11 5.5890e-10 2.2537e-09 1.9833e-09 7.7003e-10 5.3859e-11
4.9600e+02 6.2265e-11 5.5828e-10 2.2611e-09 1.9813e-09 7.7153e-10 5.3957e-11
4.9900e+02 6.1871e-11 5.6030e-10 2.2389e-09 1.9876e-09 7.6709e-10 5.3667e-11
5.0100e+02 6.1615e-11 5.6192e-10 2.2242e-09 1.9920e-09 7.6424e-10 5.3479e-11
5.0000e+02 6.1743e-11 5.6108e-10 2.2315e-09 1.9898e-09 7.6566e-10 5.3572e-11
5.0200e+02 6.1489e-11 5.6282e-10 2.2169e-09 1.9944e-09 7.6285e-10 5.3387e-11
5.0300e+02 6.1363e-11 5.6376e-10 2.2097e-09 1.9968e-09 7.6148e-10 5.3295e-11
5.0400e+02 6.1239e-11 5.6476e-10 2.2024e-09 1.9992e-09 7.6013e-10 5.3206e-11
5.0500e+02 6.1116e-11 5.6581e-10 2.1952e-09 2.0017e-09 7.5881e-10 5.3117e-11
5.0600e+02 6.0995e-11 5.6692e-10 2.1880e-09 2.0043e-09 7.5751e-10 5.3029e-11
5.0700e+02 6.0874e-11 5.6808e-10 2.1809e-09 2.0069e-09 7.5624e-10 5.2943e-11
5.0800e+02 6.0754e-11 5.6929e-10 2.1737e-09 2.0095e-09 7.5498e-10 5.2857e-11
5.0900e+02 6.0636e-11 5.7055e-10 2.1666e-09 2.0121e-09 7.5376e-10 5.2773e-11
5.1000e+02 6.0518e-11 5.7188e-10 2.1596e-09 2.0148e-09 7.5255e-10 5.2689e-11
5.1200e+02 6.0287e-11 5.7467e-10 2.1456e-09 2.0203e-09 7.5022e-10 5.2525e-11
5.1300e+02 6.0172e-11 5.7614e-10 2.1387e-09 2.0230e-09 7.4909e-10 5.2445e-11
5.1100e+02 6.0402e-11 5.7324e-10 2.1526e-09 2.0175e-09 7.5137e-10 5.2607e-11
5.1400e+02 6.0059e-11 5.7766e-10 2.1318e-09 2.0258e-09 7.4798e-10 5.2365e-11
5.2000e+02 5.9398e-11 5.8789e-10 2.0915e-09 2.0425e-09 7.4189e-10 5.1907e-11
5.1700e+02 5.9724e-11 5.8255e-10 2.1115e-09 2.0342e-09 7.4482e-10 5.2132e-11
5.2100e+02 5.9291e-11 5.8978e-10 2.0850e-09 2.0453e-09 7.4096e-10 5.1833e-11
5.1600e+02 5.9835e-11 5.8087e-10 2.1182e-09 2.0314e-09 7.4585e-10 5.2209e-11
5.1500e+02 5.9946e-11 5.7924e-10 2.1250e-09 2.0286e-09 7.4690e-10 5.2287e-11
5.1900e+02 5.9506e-11 5.8606e-10 2.0981e-09 2.0398e-09 7.4284e-10 5.1981e-11
5.2200e+02 5.9185e-11 5.9172e-10 2.0785e-09 2.0481e-09 7.4007e-10 5.1761e-11
5.2600e+02 5.8770e-11 5.9995e-10 2.0531e-09 2.0590e-09 7.3674e-10 5.1478e-11
5.2300e+02 5.9080e-11 5.9370e-10 2.0721e-09 2.0509e-09 7.3919e-10 5.1689e-11
5.2500e+02 5.8873e-11 5.9782e-10 2.0593e-09 2.0563e-09 7.3753e-10 5.1548e-11
5.1800e+02 5.9615e-11 5.8428e-10 2.1048e-09 2.0370e-09 7.4382e-10 5.2056e-11
5.2400e+02 5.8976e-11 5.9573e-10 2.0657e-09 2.0536e-09 7.3835e-10 5.1618e-11
5.2700e+02 5.8668e-11 6.0213e-10 2.0468e-09 2.0616e-09 7.3597e-10 5.1409e-11
5.2800e+02 5.8567e-11 6.0437e-10 2.0407e-09 2.0642e-09 7.3523e-10 5.1341e-11
5.2900e+02 5.8467e-11 6.0663e-10 2.0346e-09 2.0668e-09 7.3452e-10 5.1273e-11
5.3100e+02 5.8268e-11 6.1133e-10 2.0225e-09 2.0717e-09 7.3318e-10 5.1140e-11
5.3000e+02 5.8367e-11 6.0896e-10 2.0285e-09 2.0693e-09 7.3384e-10 5.1207e-11
5.3200e+02 5.8170e-11 6.1375e-10 2.0166e-09 2.0741e-09 7.3256e-10 5.1075e-11
5.3300e+02 5.8073e-11 6.1621e-10 2.0107e-09 2.0765e-09 7.3196e-10 5.1010e-11
5.3600e+02 5.7785e-11 6.2387e-10 1.9935e-09 2.0832e-09 7.3033e-10 5.0818e-11
5.3400e+02 5.7976e-11 6.1871e-10 2.0049e-09 2.0788e-09 7.3138e-10 5.0945e-11
5.3500e+02 5.7880e-11 6.2127e-10 1.9992e-09 2.0810e-09 7.3084e-10 5.0882e-11
5.4000e+02 5.7410e-11 6.3470e-10 1.9713e-09 2.0910e-09 7.2855e-10 5.0571e-11
5.3700e+02 5.7690e-11 6.2651e-10 1.9878e-09 2.0853e-09 7.2984e-10 5.0756e-11
5.3800e+02 5.7596e-11 6.2920e-10 1.9823e-09 2.0873e-09 7.2938e-10 5.0693e-11
5.3900e+02 5.7503e-11 6.3193e-10 1.9767e-09 2.0892e-09 7.2895e-10 5.0632e-11
5.4100e+02 5.7318e-11 6.3751e-10 1.9659e-09 2.0928e-09 7.2817e-10 5.0510e-11
5.4600e+02 5.6867e-11 6.5220e-10 1.9399e-09 2.1000e-09 7.2675e-10 5.0213e-11
5.4200e+02 5.7227e-11 6.4037e-10 1.9606e-09 2.0944e-09 7.2783e-10 5.0450e-11
5.4300e+02 5.7136e-11 6.4328e-10 1.9553e-09 2.0960e-09 7.2751e-10 5.0390e-11
5.4400e+02 5.7045e-11 6.4622e-10 1.9501e-09 2.0974e-09 7.2723e-10 5.0330e-11
5.4500e+02 5.6956e-11 6.4918e-10 1.9450e-09 2.0988e-09 7.2697e-10 5.0271e-11
5.4700e+02 5.6778e-11 6.5525e-10 1.9349e-09 2.1012e-09 7.2655e-10 5.0155e-11
5.4800e+02 5.6690e-11 6.5833e-10 1.9299e-09 2.1022e-09 7.2638e-10 5.0097e-11
5.4900e+02 5.6602e-11 6.6145e-10 1.9250e-09 2.1031e-09 7.2624e-10 5.0039e-11
5.5000e+02 5.6515e-11 6.6459e-10 1.9202e-09 2.1039e-09 7.2613e-10 4.9982e-11
5.5100e+02 5.6428e-11 6.6778e-10 1.9154e-09 2.1045e-09 7.2606e-10 4.9925e-11
5.5400e+02 5.6171e-11 6.7750e-10 1.9014e-09 2.1058e-09 7.2600e-10 4.9757e-11
5.5200e+02 5.6342e-11 6.7099e-10 1.9107e-09 2.1051e-09 7.2601e-10 4.9869e-11
5.5300e+02 5.6256e-11 6.7423e-10 1.9060e-09 2.1055e-09 7.2599e-10 4.9813e-11
5.5500e+02 5.6086e-11 6.8079e-10 1.8969e-09 2.1060e-09 7.2605e-10 4.9701e-11
5.5600e+02 5.6002e-11 6.8411e-10 1.8924e-09 2.1060e-09 7.2612e-10 4.9645e-11
5.5700e+02 5.5918e-11 6.8745e-10 1.8880e-09 2.1058e-09 7.2623e-10 4.9590e-11
5.5800e+02 5.5834e-11 6.9082e-10 1.8836e-09 2.1056e-09 7.2636e-10 4.9535e-11
5.5900e+02 5.5751e-11 6.9421e-10 1.8793e-09 2.1052e-09 7.2653e-10 4.9480e-11
5.6000e+02 5.5669e-11 6.9760e-10 1.8751e-09 2.1047e-09 7.2673e-10 4.9426e-11
5.6100e+02 5.5586e-11 7.0103e-10 1.8709e-09 2.1040e-09 7.2695e-10 4.9371e-11
5.6200e+02 5.5504e-11 7.0446e-10 1.8668e-09 2.1031e-09 7.2721e-10 4.9317e-11
5.6300e+02 5.5423e-11 7.0792e-10 1.8627e-09 2.1021e-09 7.2750e-10 4.9263e-11
5.6400e+02 5.5341e-11 7.1140e-10 1.8587e-09 2.1010e-09 7.2783e-10 4.9209e-11
5.6500e+02 5.5260e-11 7.1487e-10 1.8547e-09 2.0997e-09 7.2818e-10 4.9155e-11
5.6600e+02 5.5180e-11 7.1836e-10 1.8508e-09 2.0983e-09 7.2857e-10 4.9101e-11
5.6700e+02 5.5099e-11 7.2184e-10 1.8470e-09 2.0968e-09 7.2898e-10 4.9047e-11
5.6800e+02 5.5020e-11 7.2534e-10 1.8432e-09 2.0950e-09 7.2943e-10 4.8994e-11
5.6900e+02 5.4940e-11 7.2884e-10 1.8394e-09 2.0931e-09 7.2991e-10 4.8940e-11
5.7000e+02 5.4860e-11 7.3232e-10 1.8358e-09 2.0911e-09 7.3043e-10 4.8887e-11
5.7100e+02 5.4781e-11 7.3582e-10 1.8321e-09 2.0889e-09 7.3097e-10 4.8833e-11
5.7500e+02 5.4467e-11 7.4970e-10 1.8181e-09 2.0786e-09 7.3347e-10 4.8620e-11
5.7300e+02 5.4624e-11 7.4278e-10 1.8250e-09 2.0841e-09 7.3215e-10 4.8727e-11
5.7200e+02 5.4702e-11 7.3931e-10 1.8286e-09 2.0866e-09 7.3155e-10 4.8780e-11
5.7800e+02 5.4233e-11 7.5992e-10 1.8082e-09 2.0694e-09 7.3568e-10 4.8460e-11
5.7400e+02 5.4545e-11 7.4624e-10 1.8216e-09 2.0814e-09 7.3279e-10 4.8673e-11
5.7600e+02 5.4389e-11 7.5313e-10 1.8148e-09 2.0757e-09 7.3417e-10 4.8566e-11
5.7700e+02 5.4311e-11 7.5655e-10 1.8115e-09 2.0726e-09 7.3491e-10 4.8513e-11
5.8100e+02 5.4002e-11 7.6993e-10 1.7987e-09 2.0588e-09 7.3818e-10 4.8299e-11
5.8000e+02 5.4079e-11 7.6661e-10 1.8018e-09 2.0625e-09 7.3731e-10 4.8352e-11
5.7900e+02 5.4156e-11 7.6329e-10 1.8050e-09 2.0660e-09 7.3648e-10 4.8406e-11
5.8200e+02 5.3925e-11 7.7319e-10 1.7957e-09 2.0550e-09 7.3908e-10 4.8245e-11
5.8300e+02 5.3848e-11 7.7640e-10 1.7927e-09 2.0511e-09 7.4001e-10 4.8192e-11
5.8400e+02 5.3771e-11 7.7959e-10 1.7897e-09 2.0470e-09 7.4097e-10 4.8138e-11
5.8500e+02 5.3695e-11 7.8273e-10 1.7868e-09 2.0427e-09 7.4197e-10 4.8084e-11
5.8700e+02 5.3542e-11 7.8885e-10 1.7811e-09 2.0339e-09 7.4405e-10 4.7976e-11
5.8600e+02 5.3619e-11 7.8582e-10 1.7839e-09 2.0384e-09 7.4299e-10 4.8030e-11
5.8800e+02 5.3467e-11 7.9183e-10 1.7783e-09 2.0293e-09 7.4514e-10 4.7922e-11
5.8900e+02 5.3391e-11 7.9475e-10 1.7756e-09 2.0246e-09 7.4626e-10 4.7868e-11
5.9100e+02 5.3239e-11 8.0040e-10 1.7703e-09 2.0148e-09 7.4861e-10 4.7759e-11
5.9300e+02 5.3088e-11 8.0579e-10 1.7653e-09 2.0044e-09 7.5108e-10 4.7649e-11
5.9000e+02 5.3315e-11 7.9760e-10 1.7730e-09 2.0197e-09 7.4742e-10 4.7813e-11
5.9200e+02 5.3163e-11 8.0312e-10 1.7678e-09 2.0097e-09 7.4983e-10 4.7704e-11
5.9500e+02 5.2937e-11 8.1087e-10 1.7604e-09 1.9937e-09 7.5368e-10 4.7540e-11
5.9400e+02 5.3012e-11 8.0836e-10 1.7628e-09 1.9991e-09 7.5236e-10 4.7595e-11
5.9700e+02 5.2786e-11 8.1561e-10 1.7557e-09 1.9825e-09 7.5640e-10 4.7429e-11
5.9600e+02 5.2862e-11 8.1329e-10 1.7580e-09 1.9882e-09 7.5502e-10 4.7484e-11
5.9800e+02 5.2711e-11 8.1786e-10 1.7534e-09 1.9768e-09 7.5781e-10 4.7374e-11
6.0000e+02 5.2561e-11 8.2208e-10 1.7490e-09 1.9650e-09 7.6072e-10 4.7262e-11
5.9900e+02 5.2636e-11 8.2003e-10 1.7512e-09 1.9709e-09 7.5925e-10 4.7318e-11
6.0100e+02 5.2486e-11 8.2406e-10 1.7468e-09 1.9590e-09 7.6222e-10 4.7206e-11
6.0200e+02 5.2411e-11 8.2592e-10 1.7448e-09 1.9530e-09 7.6376e-10 4.7150e-11
6.0300e+02 5.2336e-11 8.2769e-10 1.7427e-09 1.9468e-09 7.6532e-10 4.7094e-11
6.0400e+02 5.2261e-11 8.2934e-10 1.7408e-09 1.9405e-09 7.6692e-10 4.7038e-11
6.0500e+02 5.2186e-11 8.3090e-10 1.7388e-09 1.9342e-09 7.6854e-10 4.6981e-11
6.0600e+02 5.2111e-11 8.3234e-10 1.7369e-09 1.9279e-09 7.7019e-10 4.6925e-11
6.0700e+02 5.2036e-11 8.3367e-10 1.7351e-09 1.9214e-09 7.7187e-10 4.6868e-11
6.0800e+02 5.1961e-11 8.3486e-10 1.7333e-09 1.9149e-09 7.7359e-10 4.6811e-11
6.1000e+02 5.1811e-11 8.3695e-10 1.7299e-09 1.9017e-09 7.7710e-10 4.6696e-11
6.0900e+02 5.1886e-11 8.3596e-10 1.7316e-09 1.9083e-09 7.7533e-10 4.6754e-11
6.1100e+02 5.1736e-11 8.3780e-10 1.7283e-09 1.8950e-09 7.7890e-10 4.6639e-11
6.1200e+02 5.1661e-11 8.3852e-10 1.7267e-09 1.8883e-09 7.8072e-10 4.6581e-11
6.1400e+02 5.1511e-11 8.3960e-10 1.7238e-09 1.8748e-09 7.8446e-10 4.6465e-11
6.1300e+02 5.1586e-11 8.3911e-10 1.7252e-09 1.8815e-09 7.8258e-10 4.6523e-11
6.1500e+02 5.1436e-11 8.3993e-10 1.7224e-09 1.8679e-09 7.8637e-10 4.6407e-11
6.1600e+02 5.1361e-11 8.4014e-10 1.7210e-09 1.8610e-09 7.8831e-10 4.6349e-11
6.1700e+02 5.1285e-11 8.4024e-10 1.7197e-09 1.8541e-09 7.9027e-10 4.6290e-11
6.1800e+02 5.1211e-11 8.4019e-10 1.7185e-09 1.8472e-09 7.9226e-10 4.6232e-11
6.1900e+02 5.1135e-11 8.4001e-10 1.7173e-09 1.8402e-09 7.9427e-10 4.6173e-11
6.2000e+02 5.1060e-11 8.3970e-10 1.7162e-09 1.8333e-09 7.9632e-10 4.6114e-11
6.2100e+02 5.0985e-11 8.3924e-10 1.7152e-09 1.8263e-09 7.9838e-10 4.6055e-11
6.2200e+02 5.0910e-11 8.3868e-10 1.7142e-09 1.8193e-09 8.0047e-10 4.5996e-11
6.2400e+02 5.0759e-11 8.3711e-10 1.7124e-09 1.8053e-09 8.0472e-10 4.5877e-11
6.2300e+02 5.0835e-11 8.3797e-10 1.7132e-09 1.8123e-09 8.0258e-10 4.5936e-11
6.2500e+02 5.0684e-11 8.3612e-10 1.7116e-09 1.7982e-09 8.0688e-10 4.5817e-11
6.2600e+02 5.0609e-11 8.3502e-10 1.7108e-09 1.7912e-09 8.0906e-10 4.5757e-11
6.2700e+02 5.0533e-11 8.3378e-10 1.7101e-09 1.7842e-09 8.1126e-10 4.5697e-11
6.2900e+02 5.0382e-11 8.3089e-10 1.7090e-09 1.7702e-09 8.1574e-10 4.5577e-11
6.2800e+02 5.0458e-11 8.3241e-10 1.7095e-09 1.7772e-09 8.1349e-10 4.5637e-11
6.3400e+02 5.0004e-11 8.2145e-10 1.7073e-09 1.7353e-09 8.2725e-10 4.5273e-11
6.3000e+02 5.0307e-11 8.2928e-10 1.7085e-09 1.7632e-09 8.1800e-10 4.5516e-11
6.3100e+02 5.0231e-11 8.2750e-10 1.7081e-09 1.7562e-09 8.2028e-10 4.5456e-11
6.3200e+02 5.0155e-11 8.2560e-10 1.7078e-09 1.7492e-09 8.2259e-10 4.5395e-11
6.3500e+02 4.9928e-11 8.1919e-10 1.7072e-09 1.7284e-09 8.2961e-10 4.5212e-11
6.3300e+02 5.0080e-11 8.2361e-10 1.7075e-09 1.7423e-09 8.2491e-10 4.5334e-11
6.3600e+02 4.9852e-11 8.1684e-10 1.7072e-09 1.7215e-09 8.3199e-10 4.5151e-11
6.3700e+02 4.9776e-11 8.1435e-10 1.7072e-09 1.7147e-09 8.3437e-10 4.5090e-11
6.3800e+02 4.9701e-11 8.1173e-10 1.7073e-09 1.7079e-09 8.3678e-10 4.5028e-11
6.4000e+02 4.9548e-11 8.0621e-10 1.7077e-09 1.6943e-09 8.4163e-10 4.4905e-11
6.3900e+02 4.9625e-11 8.0903e-10 1.7075e-09 1.7011e-09 8.3920e-10 4.4967e-11
6.4100e+02 4.9472e-11 8.0327e-10 1.7081e-09 1.6876e-09 8.4407e-10 4.4843e-11
6.4200e+02 4.9396e-11 8.0026e-10 1.7085e-09 1.6809e-09 8.4653e-10 4.4781e-11
6.4400e+02 4.9244e-11 7.9392e-10 1.7096e-09 1.6676e-09 8.5148e-10 4.4657e-11
6.4300e+02 4.9320e-11 7.9713e-10 1.7090e-09 1.6742e-09 8.4900e-10 4.4719e-11
6.4700e+02 4.9015e-11 7.8371e-10 1.7119e-09 1.6480e-09 8.5896e-10 4.4469e-11
6.4500e+02 4.9168e-11 7.9061e-10 1.7103e-09 1.6611e-09 8.5396e-10 4.4595e-11
6.4600e+02 4.9091e-11 7.8720e-10 1.7111e-09 1.6545e-09 8.5646e-10 4.4532e-11
6.4900e+02 4.8862e-11 7.7651e-10 1.7139e-09 1.6352e-09 8.6399e-10 4.4344e-11
6.4800e+02 4.8939e-11 7.8015e-10 1.7129e-09 1.6416e-09 8.6147e-10 4.4407e-11
6.5000e+02 4.8786e-11 7.7278e-10 1.7150e-09 1.6289e-09 8.6651e-10 4.4281e-11
6.5100e+02 4.8709e-11 7.6899e-10 1.7162e-09 1.6227e-09 8.6904e-10 4.4218e-11
6.5500e+02 4.8403e-11 7.5318e-10 1.7219e-09 1.5981e-09 8.7916e-10 4.3965e-11
6.5200e+02 4.8633e-11 7.6514e-10 1.7175e-09 1.6164e-09 8.7156e-10 4.4155e-11
6.5400e+02 4.8480e-11 7.5721e-10 1.7204e-09 1.6041e-09 8.7663e-10 4.4028e-11
6.5300e+02 4.8556e-11 7.6120e-10 1.7189e-09 1.6103e-09 8.7409e-10 4.4092e-11
6.5700e+02 4.8250e-11 7.4495e-10 1.7254e-09 1.5861e-09 8.8422e-10 4.3837e-11
6.5600e+02 4.8326e-11 7.4908e-10 1.7236e-09 1.5921e-09 8.8169e-10 4.3901e-11
6.5800e+02 4.8173e-11 7.4073e-10 1.7272e-09 1.5802e-09 8.8675e-10 4.3774e-11
6.5900e+02 4.8097e-11 7.3650e-10 1.7292e-09 1.5744e-09 8.8927e-10 4.3710e-11
6.6000e+02 4.8020e-11 7.3223e-10 1.7313e-09 1.5686e-09 8.9179e-10 4.3646e-11
6.6100e+02 4.7943e-11 7.2792e-10 1.7334e-09 1.5629e-09 8.9431e-10 4.3582e-11
6.6200e+02 4.7867e-11 7.2356e-10 1.7357e-09 1.5573e-09 8.9682e-10 4.3518e-11
6.6300e+02 4.7790e-11 7.1918e-10 1.7380e-09 1.5517e-09 8.9932e-10 4.3454e-11
6.6400e+02 4.7714e-11 7.1479e-10 1.7405e-09 1.5462e-09 9.0181e-10 4.3390e-11
6.6500e+02 4.7637e-11 7.1036e-10 1.7430e-09 1.5408e-09 9.0429e-10 4.3326e-11
6.6600e+02 4.7560e-11 7.0591e-10 1.7456e-09 1.5354e-09 9.0676e-10 4.3261e-11
6.6800e+02 4.7407e-11 6.9697e-10 1.7512e-09 1.5248e-09 9.1167e-10 4.3132e-11
6.6700e+02 4.7484e-11 7.0144e-10 1.7484e-09 1.5300e-09 9.0922e-10 4.3197e-11
6.7000e+02 4.7254e-11 6.8799e-10 1.7572e-09 1.5144e-09 9.1652e-10 4.3003e-11
6.6900e+02 4.7331e-11 6.9249e-10 1.7542e-09 1.5196e-09 9.1410e-10 4.3068e-11
6.7100e+02 4.7178e-11 6.8348e-10 1.7604e-09 1.5094e-09 9.1893e-10 4.2938e-11
6.7200e+02 4.7101e-11 6.7900e-10 1.7636e-09 1.5044e-09 9.2132e-10 4.2874e-11
6.7300e+02 4.7025e-11 6.7448e-10 1.7670e-09 1.4994e-09 9.2368e-10 4.2809e-11
6.7400e+02 4.6948e-11 6.6999e-10 1.7704e-09 1.4946e-09 9.2604e-10 4.2744e-11
6.7500e+02 4.6872e-11 6.6548e-10 1.7740e-09 1.4898e-09 9.2837e-10 4.2679e-11
6.7600e+02 4.6796e-11 6.6100e-10 1.7776e-09 1.4851e-09 9.3068e-10 4.2614e-11
6.7700e+02 4.6720e-11 6.5652e-10 1.7814e-09 1.4804e-09 9.3297e-10 4.2549e-11
6.7800e+02 4.6643e-11 6.5206e-10 1.7852e-09 1.4758e-09 9.3524e-10 4.2484e-11
6.7900e+02 4.6567e-11 6.4760e-10 1.7892e-09 1.4713e-09 9.3748e-10 4.2420e-11
6.8000e+02 4.6491e-11 6.4317e-10 1.7932e-09 1.4668e-09 9.3970e-10 4.2354e-11
6.8100e+02 4.6415e-11 6.3874e-10 1.7973e-09 1.4624e-09 9.4189e-10 4.2290e-11
6.8200e+02 4.6339e-11 6.3434e-10 1.8016e-09 1.4581e-09 9.4406e-10 4.2225e-11
6.8300e+02 4.6264e-11 6.2997e-10 1.8059e-09 1.4538e-09 9.4620e-10 4.2159e-11
6.8400e+02 4.6188e-11 6.2562e-10 1.8103e-09 1.4496e-09 9.4831e-10 4.2095e-11
6.8500e+02 4.6112e-11 6.2130e-10 1.8148e-09 1.4454e-09 9.5040e-10 4.2030e-11
6.8800e+02 4.5886e-11 6.0846e-10 1.8288e-09 1.4334e-09 9.5647e-10 4.1834e-11
6.9100e+02 4.5660e-11 5.9592e-10 1.8436e-09 1.4220e-09 9.6227e-10 4.1640e-11
6.9000e+02 4.5735e-11 6.0008e-10 1.8386e-09 1.4258e-09 9.6037e-10 4.1705e-11
6.8700e+02 4.5961e-11 6.1271e-10 1.8240e-09 1.4374e-09 9.5448e-10 4.1900e-11
6.8600e+02 4.6037e-11 6.1701e-10 1.8194e-09 1.4414e-09 9.5246e-10 4.1964e-11
6.8900e+02 4.5810e-11 6.0425e-10 1.8336e-09 1.4295e-09 9.5844e-10 4.1769e-11
6.9200e+02 4.5585e-11 5.9182e-10 1.8487e-09 1.4183e-09 9.6413e-10 4.1575e-11
6.9300e+02 4.5510e-11 5.8774e-10 1.8538e-09 1.4148e-09 9.6596e-10 4.1510e-11
6.9400e+02 4.5436e-11 5.8371e-10 1.8591e-09 1.4112e-09 9.6775e-10 4.1445e-11
6.9500e+02 4.5361e-11 5.7971e-10 1.8644e-09 1.4077e-09 9.6951e-10 4.1381e-11
6.9600e+02 4.5287e-11 5.7573e-10 1.8697e-09 1.4043e-09 9.7123e-10 4.1316e-11
6.9700e+02 4.5212e-11 5.7182e-10 1.8752e-09 1.4009e-09 9.7291e-10 4.1251e-11
7.0000e+02 4.4990e-11 5.6030e-10 1.8918e-09 1.3912e-09 9.7775e-10 4.1058e-11
7.0200e+02 4.4843e-11 5.5283e-10 1.9032e-09 1.3851e-09 9.8077e-10 4.0930e-11
6.9900e+02 4.5064e-11 5.6409e-10 1.8862e-09 1.3944e-09 9.7618e-10 4.1122e-11
7.0100e+02 4.4917e-11 5.5655e-10 1.8975e-09 1.3882e-09 9.7928e-10 4.0994e-11
6.9800e+02 4.5138e-11 5.6793e-10 1.8807e-09 1.3976e-09 9.7456e-10 4.1187e-11
7.0500e+02 4.4623e-11 5.4194e-10 1.9207e-09 1.3763e-09 9.8502e-10 4.0738e-11
7.0300e+02 4.4770e-11 5.4916e-10 1.9090e-09 1.3821e-09 9.8222e-10 4.0866e-11
7.0400e+02 4.4696e-11 5.4552e-10 1.9148e-09 1.3792e-09 9.8364e-10 4.0802e-11
7.0800e+02 4.4405e-11 5.3146e-10 1.9384e-09 1.3681e-09 9.8892e-10 4.0547e-11
7.0600e+02 4.4550e-11 5.3840e-10 1.9265e-09 1.3735e-09 9.8636e-10 4.0674e-11
7.0700e+02 4.4478e-11 5.3491e-10 1.9325e-09 1.3708e-09 9.8766e-10 4.0611e-11
7.0900e+02 4.4333e-11 5.2806e-10 1.9444e-09 1.3655e-09 9.9013e-10 4.0484e-11
7.1000e+02 4.4261e-11 5.2469e-10 1.9504e-09 1.3629e-09 9.9131e-10 4.0421e-11
7.1200e+02 4.4117e-11 5.1811e-10 1.9625e-09 1.3580e-09 9.9355e-10 4.0295e-11
7.1300e+02 4.4046e-11 5.1488e-10 1.9685e-09 1.3556e-09 9.9461e-10 4.0232e-11
7.1100e+02 4.4189e-11 5.2137e-10 1.9564e-09 1.3604e-09 9.9245e-10 4.0357e-11
7.1400e+02 4.3974e-11 5.1169e-10 1.9745e-09 1.3532e-09 9.9563e-10 4.0169e-11
7.1500e+02 4.3903e-11 5.0857e-10 1.9806e-09 1.3509e-09 9.9661e-10 4.0107e-11
7.1600e+02 4.3832e-11 5.0548e-10 1.9866e-09 1.3487e-09 9.9755e-10 4.0045e-11
7.1700e+02 4.3762e-11 5.0243e-10 1.9926e-09 1.3465e-09 9.9845e-10 3.9983e-11
7.1900e+02 4.3621e-11 4.9648e-10 2.0046e-09 1.3423e-09 1.0001e-09 3.9859e-11
7.1800e+02 4.3691e-11 4.9944e-10 1.9987e-09 1.3444e-09 9.9931e-10 3.9921e-11
7.2000e+02 4.3551e-11 4.9357e-10 2.0106e-09 1.3403e-09 1.0009e-09 3.9797e-11
7.2100e+02 4.3481e-11 4.9072e-10 2.0166e-09 1.3383e-09 1.0017e-09 3.9736e-11
7.2200e+02 4.3411e-11 4.8789e-10 2.0225e-09 1.3364e-09 1.0024e-09 3.9675e-11
7.2300e+02 4.3342e-11 4.8513e-10 2.0283e-09 1.3346e-09 1.0030e-09 3.9614e-11
7.2400e+02 4.3273e-11 4.8239e-10 2.0342e-09 1.3327e-09 1.0037e-09 3.9554e-11
