2.0000e+00 5.1060e-08 2.3000e+01 2.1554e-09
3.0000e+00 3.1044e-08 2.4000e+01 1.9819e-09
4.0000e+00 2.1445e-08 1.0000e+01 1.1539e-08
5.0000e+00 1.5922e-08 1.4000e+01 5.8369e-09
6.0000e+00 1.2383e-08 9.0000e+00 1.4321e-08
7.0000e+00 9.9528e-09 2.0000e+00 3.4889e-07
8.0000e+00 8.1978e-09 7.0000e+00 2.3970e-08
9.0000e+00 6.8825e-09 2.6000e+01 1.6901e-09
1.0000e+01 5.8668e-09 5.5000e+01 3.9249e-10
1.1000e+01 5.0650e-09 4.3000e+01 6.2863e-10
1.2000e+01 4.4184e-09 1.9000e+01 3.1586e-09
1.3000e+01 3.8884e-09 3.8000e+01 7.9999e-10
1.4000e+01 3.4485e-09 4.4000e+01 6.0178e-10
1.5000e+01 3.0789e-09 5.1000e+01 4.5302e-10
1.6000e+01 2.7650e-09 1.2000e+01 7.9730e-09
1.7000e+01 2.4962e-09 3.0000e+01 1.2735e-09
1.8000e+01 2.2641e-09 5.4000e+01 4.0614e-10
1.9000e+01 2.0622e-09 4.6000e+01 5.5184e-10
2.0000e+01 1.8853e-09 4.9000e+01 4.8905e-10
2.1000e+01 1.7294e-09 5.2000e+01 4.3638e-10
2.2000e+01 1.5915e-09 1.3000e+01 6.7866e-09
2.3000e+01 1.4689e-09 3.9000e+01 7.6012e-10
2.4000e+01 1.3593e-09 4.0000e+00 7.7016e-08
2.5000e+01 1.2610e-09 2.2000e+01 2.3565e-09
2.6000e+01 1.1725e-09 2.0000e+01 2.8524e-09
2.7000e+01 1.0925e-09 5.0000e+01 4.7053e-10
2.8000e+01 1.0200e-09 3.1000e+01 1.1928e-09
2.9000e+01 9.5409e-10 5.3000e+01 4.2078e-10
3.0000e+01 8.9391e-10 3.7000e+01 8.4333e-10
3.1000e+01 8.3887e-10 4.7000e+01 5.2963e-10
3.2000e+01 7.8844e-10 8.0000e+00 1.8181e-08
3.3000e+01 7.4214e-10 4.5000e+01 5.7617e-10
3.4000e+01 6.9951e-10 5.6000e+01 3.7946e-10
3.5000e+01 6.6019e-10 2.7000e+01 1.5675e-09
3.6000e+01 6.2384e-10 3.5000e+01 9.3902e-10
3.7000e+01 5.9019e-10 4.2000e+01 6.5827e-10
3.8000e+01 5.5898e-10 1.6000e+01 4.4631e-09
3.9000e+01 5.2998e-10 4.0000e+01 7.2379e-10
4.0000e+01 5.0299e-10 2.9000e+01 1.3605e-09
4.1000e+01 4.7783e-10 3.4000e+01 9.9559e-10
4.2000e+01 4.5435e-10 5.0000e+00 4.8115e-08
4.3000e+01 4.3239e-10 4.1000e+01 6.8996e-10
4.4000e+01 4.1184e-10 1.1000e+01 9.5070e-09
4.5000e+01 3.9259e-10 4.8000e+01 5.0880e-10
4.6000e+01 3.7453e-10 2.5000e+01 1.8276e-09
4.7000e+01 3.5757e-10 2.8000e+01 1.4595e-09
4.8000e+01 3.4162e-10 1.8000e+01 3.5227e-09
4.9000e+01 3.2661e-10 1.5000e+01 5.0799e-09
5.0000e+01 3.1246e-10 6.0000e+00 3.2888e-08
5.1000e+01 2.9913e-10 2.1000e+01 2.5863e-09
5.2000e+01 2.8654e-10 3.6000e+01 8.8865e-10
5.3000e+01 2.7465e-10 3.2000e+01 1.1206e-09
5.4000e+01 2.6341e-10 1.7000e+01 3.9501e-09
5.5000e+01 2.5277e-10 3.3000e+01 1.0542e-09
5.6000e+01 2.4269e-10 5.7000e+01 3.6693e-10
5.7000e+01 2.3313e-10 3.0000e+00 1.4297e-07
5.8000e+01 2.2407e-10 5.9000e+01 3.4379e-10
5.9000e+01 2.1546e-10 5.8000e+01 3.5500e-10
6.0000e+01 2.0728e-10 6.1000e+01 3.2303e-10
6.1000e+01 1.9951e-10 6.5000e+01 2.8708e-10
6.2000e+01 1.9211e-10 6.0000e+01 3.3316e-10
6.3000e+01 1.8506e-10 6.6000e+01 2.7923e-10
6.4000e+01 1.7835e-10 6.4000e+01 2.9539e-10
6.5000e+01 1.7196e-10 6.7000e+01 2.7160e-10
6.6000e+01 1.6586e-10 6.9000e+01 2.5729e-10
6.7000e+01 1.6004e-10 6.2000e+01 3.1329e-10
6.8000e+01 1.5449e-10 7.2000e+01 2.3810e-10
6.9000e+01 1.4919e-10 6.3000e+01 3.0412e-10
7.0000e+01 1.4412e-10 7.1000e+01 2.4414e-10
7.1000e+01 1.3928e-10 7.0000e+01 2.5056e-10
7.2000e+01 1.3464e-10 8.1000e+01 1.9296e-10
7.3000e+01 1.3021e-10 6.8000e+01 2.6426e-10
7.4000e+01 1.2596e-10 7.9000e+01 2.0162e-10
7.5000e+01 1.2189e-10 8.4000e+01 1.8106e-10
7.6000e+01 1.1799e-10 7.3000e+01 2.3229e-10
7.7000e+01 1.1424e-10 9.0000e+01 1.6081e-10
7.8000e+01 1.1065e-10 7.4000e+01 2.2665e-10
7.9000e+01 1.0721e-10 7.8000e+01 2.0627e-10
8.0000e+01 1.0390e-10 9.4000e+01 1.4946e-10
8.1000e+01 1.0072e-10 8.2000e+01 1.8884e-10
8.2000e+01 9.7663e-11 8.3000e+01 1.8486e-10
8.3000e+01 9.4726e-11 7.5000e+01 2.2129e-10
8.4000e+01 9.1903e-11 7.6000e+01 2.1611e-10
8.5000e+01 8.9187e-11 1.0300e+02 1.2863e-10
8.6000e+01 8.6574e-11 7.7000e+01 2.1111e-10
8.7000e+01 8.4059e-11 1.0200e+02 1.3069e-10
8.8000e+01 8.1637e-11 8.0000e+01 1.9718e-10
8.9000e+01 7.9305e-11 8.5000e+01 1.7741e-10
9.0000e+01 7.7057e-11 9.3000e+01 1.5216e-10
9.1000e+01 7.4891e-11 8.7000e+01 1.7041e-10
9.2000e+01 7.2803e-11 1.0700e+02 1.2111e-10
9.3000e+01 7.0789e-11 1.0600e+02 1.2291e-10
9.4000e+01 6.8845e-11 1.0500e+02 1.2477e-10
9.5000e+01 6.6970e-11 9.8000e+01 1.3954e-10
9.6000e+01 6.5160e-11 1.1300e+02 1.1134e-10
9.7000e+01 6.3412e-11 9.1000e+01 1.5785e-10
9.8000e+01 6.1724e-11 8.6000e+01 1.7388e-10
9.9000e+01 6.0092e-11 9.2000e+01 1.5498e-10
1.0000e+02 5.8516e-11 1.0800e+02 1.1935e-10
1.0100e+02 5.6992e-11 8.8000e+01 1.6706e-10
1.0200e+02 5.5518e-11 9.5000e+01 1.4686e-10
1.0300e+02 5.4093e-11 1.0000e+02 1.3497e-10
1.0400e+02 5.2714e-11 9.6000e+01 1.4434e-10
1.0500e+02 5.1380e-11 9.7000e+01 1.4190e-10
1.0600e+02 5.0089e-11 9.9000e+01 1.3723e-10
1.0700e+02 4.8838e-11 8.9000e+01 1.6388e-10
1.0800e+02 4.7628e-11 1.0100e+02 1.3279e-10
1.0900e+02 4.6456e-11 1.1000e+02 1.1599e-10
1.1000e+02 4.5320e-11 1.0400e+02 1.2667e-10
1.1100e+02 4.4219e-11 1.0900e+02 1.1763e-10
1.1200e+02 4.3153e-11 1.1100e+02 1.1439e-10
1.1300e+02 4.2119e-11 1.1200e+02 1.1285e-10
1.1400e+02 4.1117e-11 1.1500e+02 1.0845e-10
1.1500e+02 4.0144e-11 1.1600e+02 1.0704e-10
1.1600e+02 3.9201e-11 1.1400e+02 1.0987e-10
1.1700e+02 3.8287e-11 1.1700e+02 1.0568e-10
1.1800e+02 3.7399e-11 1.1900e+02 1.0304e-10
1.1900e+02 3.6537e-11 1.2500e+02 9.6009e-11
1.2000e+02 3.5701e-11 1.2100e+02 1.0057e-10
1.2100e+02 3.4889e-11 1.2200e+02 9.9378e-11
1.2200e+02 3.4100e-11 1.1800e+02 1.0434e-10
1.2300e+02 3.3334e-11 1.2000e+02 1.0179e-10
1.2400e+02 3.2590e-11 1.2900e+02 9.1874e-11
1.2500e+02 3.1867e-11 1.2700e+02 9.3897e-11
1.2600e+02 3.1164e-11 1.2600e+02 9.4938e-11
1.2700e+02 3.0481e-11 1.2800e+02 9.2873e-11
1.2800e+02 2.9816e-11 1.2300e+02 9.8233e-11
1.2900e+02 2.9171e-11 1.2400e+02 9.7105e-11
1.3000e+02 2.8543e-11 1.3300e+02 8.8143e-11
1.3100e+02 2.7932e-11 1.4100e+02 8.1738e-11
1.3200e+02 2.7338e-11 1.3700e+02 8.4786e-11
1.3300e+02 2.6760e-11 1.3000e+02 9.0899e-11
1.3400e+02 2.6197e-11 1.3200e+02 8.9039e-11
1.3500e+02 2.5650e-11 1.3100e+02 8.9956e-11
1.3600e+02 2.5117e-11 1.3800e+02 8.3998e-11
1.3700e+02 2.4598e-11 1.5100e+02 7.5243e-11
1.3800e+02 2.4092e-11 1.5200e+02 7.4676e-11
1.3900e+02 2.3600e-11 1.3600e+02 8.5597e-11
1.4000e+02 2.3121e-11 1.3900e+02 8.3231e-11
1.4100e+02 2.2654e-11 1.5000e+02 7.5820e-11
1.4200e+02 2.2199e-11 1.3400e+02 8.7269e-11
1.4300e+02 2.1755e-11 1.3500e+02 8.6422e-11
1.4400e+02 2.1323e-11 1.4000e+02 8.2479e-11
1.4500e+02 2.0902e-11 1.4300e+02 8.0314e-11
1.4600e+02 2.0491e-11 1.4700e+02 7.7649e-11
1.4700e+02 2.0091e-11 1.4800e+02 7.7023e-11
1.4800e+02 1.9701e-11 1.4600e+02 7.8287e-11
1.4900e+02 1.9320e-11 1.4400e+02 7.9621e-11
1.5000e+02 1.8948e-11 1.4200e+02 8.1016e-11
1.5100e+02 1.8586e-11 1.4500e+02 7.8948e-11
1.5200e+02 1.8232e-11 1.5900e+02 7.1055e-11
1.5300e+02 1.7887e-11 1.5700e+02 7.2029e-11
1.5400e+02 1.7550e-11 1.5300e+02 7.4120e-11
1.5500e+02 1.7222e-11 1.5600e+02 7.2537e-11
1.5600e+02 1.6901e-11 1.5800e+02 7.1535e-11
1.5700e+02 1.6588e-11 1.5400e+02 7.3584e-11
1.5800e+02 1.6282e-11 1.5500e+02 7.3055e-11
1.5900e+02 1.5983e-11 1.6000e+02 7.0577e-11
1.6000e+02 1.5691e-11 1.6200e+02 6.9656e-11
1.6100e+02 1.5406e-11 1.6100e+02 7.0110e-11
1.6200e+02 1.5128e-11 1.4900e+02 7.6412e-11
1.6300e+02 1.4856e-11 1.6300e+02 6.9212e-11
1.6400e+02 1.4590e-11 1.6500e+02 6.8356e-11
1.6500e+02 1.4331e-11 1.6400e+02 6.8779e-11
1.6600e+02 1.4077e-11 1.6900e+02 6.6757e-11
1.6700e+02 1.3829e-11 1.6700e+02 6.7536e-11
1.6800e+02 1.3587e-11 1.6600e+02 6.7943e-11
1.6900e+02 1.3350e-11 1.6800e+02 6.7141e-11
1.7000e+02 1.3118e-11 1.7000e+02 6.6379e-11
1.7100e+02 1.2891e-11 1.7100e+02 6.6012e-11
1.7200e+02 1.2670e-11 1.7400e+02 6.4956e-11
1.7300e+02 1.2453e-11 1.7300e+02 6.5299e-11
1.7400e+02 1.2241e-11 1.7500e+02 6.4619e-11
1.7500e+02 1.2034e-11 1.7200e+02 6.5651e-11
1.7600e+02 1.1831e-11 1.7600e+02 6.4287e-11
1.7700e+02 1.1632e-11 1.7700e+02 6.3961e-11
1.7800e+02 1.1438e-11 1.7900e+02 6.3334e-11
1.7900e+02 1.1248e-11 1.8200e+02 6.2436e-11
1.8000e+02 1.1062e-11 1.8100e+02 6.2730e-11
1.8100e+02 1.0880e-11 1.8300e+02 6.2148e-11
1.8200e+02 1.0702e-11 1.7800e+02 6.3643e-11
1.8300e+02 1.0527e-11 1.8000e+02 6.3030e-11
1.8400e+02 1.0356e-11 1.8700e+02 6.1057e-11
1.8500e+02 1.0189e-11 1.8400e+02 6.1866e-11
1.8600e+02 1.0025e-11 1.8600e+02 6.1323e-11
1.8700e+02 9.8646e-12 1.8800e+02 6.0798e-11
1.8800e+02 9.7075e-12 1.8500e+02 6.1591e-11
1.8900e+02 9.5535e-12 1.8900e+02 6.0545e-11
1.9000e+02 9.4027e-12 1.9000e+02 6.0295e-11
1.9100e+02 9.2549e-12 1.9200e+02 5.9815e-11
1.9200e+02 9.1101e-12 2.0100e+02 5.7876e-11
1.9300e+02 8.9682e-12 1.9300e+02 5.9583e-11
1.9400e+02 8.8292e-12 1.9500e+02 5.9130e-11
1.9500e+02 8.6929e-12 1.9900e+02 5.8277e-11
1.9600e+02 8.5593e-12 1.9400e+02 5.9354e-11
1.9700e+02 8.4283e-12 1.9100e+02 6.0051e-11
1.9800e+02 8.2999e-12 1.9600e+02 5.8909e-11
1.9900e+02 8.1740e-12 1.9800e+02 5.8483e-11
2.0000e+02 8.0505e-12 2.0200e+02 5.7681e-11
2.0100e+02 7.9295e-12 1.9700e+02 5.8694e-11
2.0200e+02 7.8107e-12 2.0400e+02 5.7302e-11
2.0300e+02 7.6943e-12 2.0300e+02 5.7490e-11
2.0400e+02 7.5800e-12 2.0700e+02 5.6757e-11
2.0500e+02 7.4680e-12 2.0000e+02 5.8075e-11
2.0600e+02 7.3580e-12 2.0500e+02 5.7116e-11
2.0700e+02 7.2502e-12 2.0600e+02 5.6935e-11
2.0800e+02 7.1443e-12 2.0900e+02 5.6409e-11
2.0900e+02 7.0405e-12 2.0800e+02 5.6582e-11
2.1000e+02 6.9385e-12 2.1000e+02 5.6238e-11
2.1100e+02 6.8385e-12 2.1200e+02 5.5906e-11
2.1200e+02 6.7403e-12 2.1100e+02 5.6071e-11
2.1300e+02 6.6440e-12 2.1600e+02 5.5272e-11
2.1400e+02 6.5494e-12 2.1300e+02 5.5743e-11
2.1500e+02 6.4565e-12 2.1700e+02 5.5119e-11
2.1600e+02 6.3654e-12 2.1400e+02 5.5584e-11
2.1700e+02 6.2759e-12 2.1500e+02 5.5427e-11
2.1800e+02 6.1880e-12 2.1900e+02 5.4819e-11
2.1900e+02 6.1016e-12 2.2000e+02 5.4672e-11
2.2000e+02 6.0169e-12 2.1800e+02 5.4967e-11
2.2100e+02 5.9336e-12 2.2200e+02 5.4384e-11
2.2200e+02 5.8519e-12 2.2300e+02 5.4242e-11
2.2300e+02 5.7715e-12 2.2500e+02 5.3967e-11
2.2400e+02 5.6926e-12 2.2100e+02 5.4527e-11
2.2500e+02 5.6151e-12 2.2400e+02 5.4103e-11
2.2600e+02 5.5390e-12 2.2600e+02 5.3832e-11
2.2700e+02 5.4641e-12 2.3000e+02 5.3300e-11
2.2800e+02 5.3906e-12 2.2900e+02 5.3432e-11
2.2900e+02 5.3184e-12 2.2800e+02 5.3564e-11
2.3000e+02 5.2474e-12 2.2700e+02 5.3697e-11
2.3100e+02 5.1776e-12 2.3100e+02 5.3171e-11
2.3200e+02 5.1090e-12 2.3300e+02 5.2916e-11
2.3300e+02 5.0416e-12 2.3200e+02 5.3042e-11
2.3400e+02 4.9753e-12 2.3400e+02 5.2791e-11
2.3500e+02 4.9102e-12 2.3500e+02 5.2667e-11
2.3600e+02 4.8461e-12 2.3700e+02 5.2420e-11
2.3700e+02 4.7831e-12 2.3600e+02 5.2544e-11
2.3800e+02 4.7212e-12 2.4000e+02 5.2054e-11
2.3900e+02 4.6603e-12 2.3900e+02 5.2175e-11
2.4000e+02 4.6004e-12 2.4100e+02 5.1933e-11
2.4100e+02 4.5415e-12 2.4200e+02 5.1813e-11
2.4200e+02 4.4836e-12 2.3800e+02 5.2297e-11
2.4300e+02 4.4266e-12 2.4400e+02 5.1575e-11
2.4400e+02 4.3705e-12 2.4500e+02 5.1457e-11
2.4500e+02 4.3154e-12 2.4600e+02 5.1339e-11
2.4600e+02 4.2611e-12 2.4700e+02 5.1220e-11
2.4700e+02 4.2077e-12 2.5100e+02 5.0747e-11
2.4800e+02 4.1552e-12 2.5300e+02 5.0507e-11
2.4900e+02 4.1035e-12 2.5200e+02 5.0627e-11
2.5000e+02 4.0527e-12 2.4300e+02 5.1694e-11
2.5100e+02 4.0026e-12 2.4800e+02 5.1102e-11
2.5200e+02 3.9533e-12 2.5000e+02 5.0865e-11
2.5300e+02 3.9048e-12 2.5800e+02 4.9906e-11
2.5400e+02 3.8571e-12 2.5700e+02 5.0027e-11
2.5500e+02 3.8101e-12 2.5900e+02 4.9785e-11
2.5600e+02 3.7639e-12 2.4900e+02 5.0984e-11
2.5700e+02 3.7183e-12 2.5400e+02 5.0387e-11
2.5800e+02 3.6735e-12 2.5500e+02 5.0267e-11
2.5900e+02 3.6294e-12 2.6200e+02 4.9418e-11
2.6000e+02 3.5859e-12 2.5600e+02 5.0147e-11
2.6100e+02 3.5431e-12 2.6000e+02 4.9664e-11
2.6200e+02 3.5010e-12 2.6100e+02 4.9541e-11
2.6300e+02 3.4595e-12 2.6400e+02 4.9171e-11
2.6400e+02 3.4186e-12 2.6300e+02 4.9295e-11
2.6500e+02 3.3784e-12 2.6500e+02 4.9046e-11
2.6600e+02 3.3387e-12 2.6700e+02 4.8793e-11
2.6700e+02 3.2997e-12 2.6900e+02 4.8538e-11
2.6800e+02 3.2612e-12 2.6600e+02 4.8920e-11
2.6900e+02 3.2233e-12 2.6800e+02 4.8666e-11
2.7000e+02 3.1860e-12 2.7000e+02 4.8410e-11
2.7100e+02 3.1492e-12 2.7100e+02 4.8281e-11
2.7200e+02 3.1130e-12 2.7500e+02 4.7756e-11
2.7300e+02 3.0773e-12 2.7200e+02 4.8151e-11
2.7400e+02 3.0421e-12 2.7300e+02 4.8020e-11
2.7500e+02 3.0075e-12 2.7600e+02 4.7623e-11
2.7600e+02 2.9733e-12 2.7800e+02 4.7353e-11
2.7700e+02 2.9396e-12 2.7700e+02 4.7488e-11
2.7800e+02 2.9065e-12 2.7400e+02 4.7889e-11
2.7900e+02 2.8738e-12 2.7900e+02 4.7216e-11
2.8000e+02 2.8416e-12 2.8000e+02 4.7078e-11
2.8100e+02 2.8098e-12 2.8100e+02 4.6940e-11
2.8200e+02 2.7785e-12 2.8200e+02 4.6800e-11
2.8300e+02 2.7477e-12 2.8300e+02 4.6659e-11
2.8400e+02 2.7172e-12 2.8500e+02 4.6376e-11
2.8500e+02 2.6872e-12 2.8400e+02 4.6518e-11
2.8600e+02 2.6577e-12 2.8600e+02 4.6233e-11
2.8700e+02 2.6285e-12 2.8700e+02 4.6088e-11
2.8800e+02 2.5998e-12 2.8900e+02 4.5797e-11
2.8900e+02 2.5714e-12 2.8800e+02 4.5943e-11
2.9000e+02 2.5435e-12 2.9000e+02 4.5650e-11
2.9100e+02 2.5159e-12 2.9100e+02 4.5502e-11
2.9200e+02 2.4888e-12 2.9400e+02 4.5049e-11
2.9300e+02 2.4619e-12 2.9200e+02 4.5352e-11
2.9400e+02 2.4355e-12 2.9300e+02 4.5201e-11
2.9500e+02 2.4094e-12 2.9900e+02 4.4277e-11
2.9600e+02 2.3837e-12 2.9500e+02 4.4896e-11
2.9700e+02 2.3583e-12 2.9700e+02 4.4589e-11
2.9800e+02 2.3333e-12 2.9600e+02 4.4743e-11
2.9900e+02 2.3086e-12 3.0900e+02 4.2663e-11
3.0000e+02 2.2842e-12 3.0000e+02 4.4120e-11
3.0100e+02 2.2602e-12 2.9800e+02 4.4433e-11
3.0200e+02 2.2365e-12 3.0300e+02 4.3643e-11
3.0300e+02 2.2131e-12 3.0500e+02 4.3319e-11
3.0400e+02 2.1900e-12 3.0400e+02 4.3481e-11
3.0500e+02 2.1672e-12 3.0200e+02 4.3803e-11
3.0600e+02 2.1447e-12 3.1100e+02 4.2330e-11
3.0700e+02 2.1225e-12 3.1000e+02 4.2497e-11
3.0800e+02 2.1006e-12 3.0100e+02 4.3962e-11
3.0900e+02 2.0790e-12 3.0600e+02 4.3157e-11
3.1000e+02 2.0577e-12 3.1200e+02 4.2162e-11
3.1100e+02 2.0366e-12 3.0700e+02 4.2993e-11
3.1200e+02 2.0158e-12 3.1300e+02 4.1993e-11
3.1300e+02 1.9953e-12 3.1400e+02 4.1824e-11
3.1400e+02 1.9751e-12 3.1600e+02 4.1483e-11
3.1500e+02 1.9551e-12 3.1900e+02 4.0967e-11
3.1600e+02 1.9353e-12 3.1800e+02 4.1140e-11
3.1700e+02 1.9158e-12 3.1500e+02 4.1654e-11
3.1800e+02 1.8966e-12 3.0800e+02 4.2829e-11
3.1900e+02 1.8776e-12 3.1700e+02 4.1312e-11
3.2000e+02 1.8589e-12 3.2000e+02 4.0793e-11
3.2100e+02 1.8403e-12 3.2100e+02 4.0620e-11
3.2200e+02 1.8221e-12 3.2500e+02 3.9919e-11
3.2300e+02 1.8040e-12 3.2200e+02 4.0445e-11
3.2400e+02 1.7862e-12 3.2800e+02 3.9391e-11
3.2500e+02 1.7686e-12 3.3300e+02 3.8504e-11
3.2600e+02 1.7512e-12 3.3200e+02 3.8682e-11
3.2700e+02 1.7340e-12 3.2300e+02 4.0270e-11
3.2800e+02 1.7171e-12 3.2700e+02 3.9567e-11
3.2900e+02 1.7003e-12 3.2400e+02 4.0095e-11
3.3000e+02 1.6838e-12 3.2600e+02 3.9744e-11
3.3100e+02 1.6675e-12 3.3100e+02 3.8859e-11
3.3200e+02 1.6513e-12 3.2900e+02 3.9214e-11
3.3300e+02 1.6354e-12 3.3000e+02 3.9036e-11
3.3400e+02 1.6196e-12 3.3400e+02 3.8326e-11
3.3500e+02 1.6041e-12 3.3500e+02 3.8148e-11
3.3600e+02 1.5887e-12 3.3600e+02 3.7970e-11
3.3700e+02 1.5735e-12 3.3700e+02 3.7792e-11
3.3800e+02 1.5585e-12 3.4000e+02 3.7257e-11
3.3900e+02 1.5437e-12 3.3900e+02 3.7435e-11
3.4000e+02 1.5291e-12 3.4200e+02 3.6901e-11
3.4100e+02 1.5146e-12 3.4400e+02 3.6545e-11
3.4200e+02 1.5003e-12 3.4100e+02 3.7079e-11
3.4300e+02 1.4862e-12 3.4500e+02 3.6367e-11
3.4400e+02 1.4722e-12 3.4300e+02 3.6723e-11
3.4500e+02 1.4584e-12 3.4700e+02 3.6013e-11
3.4600e+02 1.4448e-12 3.4600e+02 3.6190e-11
3.4700e+02 1.4313e-12 3.3800e+02 3.7614e-11
3.4800e+02 1.4180e-12 3.4900e+02 3.5659e-11
3.4900e+02 1.4048e-12 3.4800e+02 3.5836e-11
3.5000e+02 1.3918e-12 3.5000e+02 3.5483e-11
3.5100e+02 1.3789e-12 3.5300e+02 3.4956e-11
3.5200e+02 1.3662e-12 3.5200e+02 3.5131e-11
3.5300e+02 1.3537e-12 3.5900e+02 3.3914e-11
3.5400e+02 1.3412e-12 3.5500e+02 3.4607e-11
3.5500e+02 1.3290e-12 3.6100e+02 3.3570e-11
3.5600e+02 1.3168e-12 3.5600e+02 3.4433e-11
3.5700e+02 1.3048e-12 3.6400e+02 3.3058e-11
3.5800e+02 1.2930e-12 3.5400e+02 3.4781e-11
3.5900e+02 1.2812e-12 3.5100e+02 3.5307e-11
3.6000e+02 1.2696e-12 3.6700e+02 3.2551e-11
3.6100e+02 1.2582e-12 3.5700e+02 3.4260e-11
3.6200e+02 1.2468e-12 3.5800e+02 3.4086e-11
3.6300e+02 1.2356e-12 3.6200e+02 3.3398e-11
3.6400e+02 1.2245e-12 3.6800e+02 3.2383e-11
3.6500e+02 1.2136e-12 3.6000e+02 3.3741e-11
3.6600e+02 1.2027e-12 3.7500e+02 3.1229e-11
3.6700e+02 1.1920e-12 3.6300e+02 3.3228e-11
3.6800e+02 1.1814e-12 3.7100e+02 3.1884e-11
3.6900e+02 1.1709e-12 3.6600e+02 3.2719e-11
3.7000e+02 1.1606e-12 3.6900e+02 3.2216e-11
3.7100e+02 1.1503e-12 3.7000e+02 3.2050e-11
3.7200e+02 1.1402e-12 3.7400e+02 3.1392e-11
3.7300e+02 1.1301e-12 3.7200e+02 3.1719e-11
3.7400e+02 1.1202e-12 3.7700e+02 3.0906e-11
3.7500e+02 1.1104e-12 3.8200e+02 3.0114e-11
3.7600e+02 1.1007e-12 3.7300e+02 3.1555e-11
3.7700e+02 1.0911e-12 3.7800e+02 3.0746e-11
3.7800e+02 1.0816e-12 3.7900e+02 3.0587e-11
3.7900e+02 1.0722e-12 3.7600e+02 3.1067e-11
3.8000e+02 1.0629e-12 3.6500e+02 3.2888e-11
3.8100e+02 1.0537e-12 3.8100e+02 3.0270e-11
3.8200e+02 1.0446e-12 3.8500e+02 2.9648e-11
3.8300e+02 1.0356e-12 3.8300e+02 2.9958e-11
3.8400e+02 1.0268e-12 3.8600e+02 2.9495e-11
3.8500e+02 1.0180e-12 3.8000e+02 3.0428e-11
3.8600e+02 1.0092e-12 3.8400e+02 2.9803e-11
3.8700e+02 1.0006e-12 3.8700e+02 2.9343e-11
3.8800e+02 9.9210e-13 3.8800e+02 2.9191e-11
3.8900e+02 9.8366e-13 3.8900e+02 2.9041e-11
3.9000e+02 9.7532e-13 3.9000e+02 2.8891e-11
3.9100e+02 9.6706e-13 3.9100e+02 2.8743e-11
3.9200e+02 9.5889e-13 3.9200e+02 2.8595e-11
3.9300e+02 9.5080e-13 3.9300e+02 2.8449e-11
3.9400e+02 9.4280e-13 3.9400e+02 2.8303e-11
3.9500e+02 9.3488e-13 3.9500e+02 2.8158e-11
3.9600e+02 9.2704e-13 3.9600e+02 2.8014e-11
3.9700e+02 9.1928e-13 3.9700e+02 2.7871e-11
3.9800e+02 9.1161e-13 3.9900e+02 2.7588e-11
3.9900e+02 9.0401e-13 4.0000e+02 2.7448e-11
4.0000e+02 8.9649e-13 3.9800e+02 2.7729e-11
4.0100e+02 8.8905e-13 4.0100e+02 2.7309e-11
4.0200e+02 8.8169e-13 4.0200e+02 2.7171e-11
4.0300e+02 8.7440e-13 4.0500e+02 2.6763e-11
4.0400e+02 8.6718e-13 4.0400e+02 2.6898e-11
4.0500e+02 8.6004e-13 4.0300e+02 2.7034e-11
4.0600e+02 8.5297e-13 4.0600e+02 2.6629e-11
4.0700e+02 8.4597e-13 4.0700e+02 2.6496e-11
4.0800e+02 8.3905e-13 4.0800e+02 2.6364e-11
4.0900e+02 8.3219e-13 4.0900e+02 2.6234e-11
4.1000e+02 8.2540e-13 4.1100e+02 2.5975e-11
4.1100e+02 8.1868e-13 4.1200e+02 2.5847e-11
4.1200e+02 8.1203e-13 4.1600e+02 2.5347e-11
4.1300e+02 8.0544e-13 4.1000e+02 2.6104e-11
4.1400e+02 7.9892e-13 4.1500e+02 2.5470e-11
4.1500e+02 7.9247e-13 4.2300e+02 2.4510e-11
4.1600e+02 7.8608e-13 4.1300e+02 2.5720e-11
4.1700e+02 7.7975e-13 4.2100e+02 2.4744e-11
4.1800e+02 7.7349e-13 4.1800e+02 2.5102e-11
4.1900e+02 7.6729e-13 4.1700e+02 2.5224e-11
4.2000e+02 7.6115e-13 4.2000e+02 2.4862e-11
4.2100e+02 7.5507e-13 4.1400e+02 2.5595e-11
4.2200e+02 7.4905e-13 4.2400e+02 2.4394e-11
4.2300e+02 7.4309e-13 4.2500e+02 2.4280e-11
4.2400e+02 7.3719e-13 4.1900e+02 2.4982e-11
4.2500e+02 7.3134e-13 4.2200e+02 2.4626e-11
4.2600e+02 7.2556e-13 4.2800e+02 2.3943e-11
4.2700e+02 7.1983e-13 4.2600e+02 2.4166e-11
4.2800e+02 7.1416e-13 4.2700e+02 2.4054e-11
4.2900e+02 7.0854e-13 4.3100e+02 2.3614e-11
4.3000e+02 7.0298e-13 4.3000e+02 2.3723e-11
4.3100e+02 6.9747e-13 4.2900e+02 2.3832e-11
4.3200e+02 6.9201e-13 4.3600e+02 2.3086e-11
4.3300e+02 6.8661e-13 4.3200e+02 2.3506e-11
4.3400e+02 6.8126e-13 4.3400e+02 2.3294e-11
4.3500e+02 6.7596e-13 4.3300e+02 2.3400e-11
4.3600e+02 6.7071e-13 4.3700e+02 2.2983e-11
4.3700e+02 6.6551e-13 4.3500e+02 2.3190e-11
4.3800e+02 6.6036e-13 4.3900e+02 2.2781e-11
4.3900e+02 6.5527e-13 4.3800e+02 2.2882e-11
4.4000e+02 6.5021e-13 4.4000e+02 2.2681e-11
4.4100e+02 6.4521e-13 4.4100e+02 2.2582e-11
4.4200e+02 6.4026e-13 4.4200e+02 2.2484e-11
4.4300e+02 6.3535e-13 4.4400e+02 2.2291e-11
4.4400e+02 6.3049e-13 4.4300e+02 2.2387e-11
4.4500e+02 6.2568e-13 4.4700e+02 2.2009e-11
4.4600e+02 6.2091e-13 4.4500e+02 2.2196e-11
4.4700e+02 6.1618e-13 4.4600e+02 2.2102e-11
4.4800e+02 6.1150e-13 4.4800e+02 2.1916e-11
4.4900e+02 6.0686e-13 4.4900e+02 2.1825e-11
4.5000e+02 6.0227e-13 4.5000e+02 2.1734e-11
4.5100e+02 5.9772e-13 4.5100e+02 2.1645e-11
4.5200e+02 5.9322e-13 4.5200e+02 2.1556e-11
4.5300e+02 5.8875e-13 4.5400e+02 2.1381e-11
4.5400e+02 5.8433e-13 4.5300e+02 2.1468e-11
4.5500e+02 5.7995e-13 4.5600e+02 2.1209e-11
4.5600e+02 5.7561e-13 4.5700e+02 2.1125e-11
4.5700e+02 5.7130e-13 4.5900e+02 2.0959e-11
4.5800e+02 5.6704e-13 4.5800e+02 2.1041e-11
4.5900e+02 5.6282e-13 4.5500e+02 2.1295e-11
4.6000e+02 5.5864e-13 4.6100e+02 2.0796e-11
4.6100e+02 5.5449e-13 4.6000e+02 2.0877e-11
4.6200e+02 5.5039e-13 4.6200e+02 2.0715e-11
4.6300e+02 5.4632e-13 4.6400e+02 2.0557e-11
4.6400e+02 5.4229e-13 4.6300e+02 2.0636e-11
4.6500e+02 5.3829e-13 4.6500e+02 2.0479e-11
4.6600e+02 5.3433e-13 4.6900e+02 2.0176e-11
4.6700e+02 5.3041e-13 4.6800e+02 2.0250e-11
4.6800e+02 5.2652e-13 4.7100e+02 2.0028e-11
4.6900e+02 5.2267e-13 4.6600e+02 2.0402e-11
4.7000e+02 5.1886e-13 4.6700e+02 2.0326e-11
4.7100e+02 5.1507e-13 4.7400e+02 1.9813e-11
4.7200e+02 5.1133e-13 4.7900e+02 1.9468e-11
4.7300e+02 5.0761e-13 4.7500e+02 1.9742e-11
4.7400e+02 5.0393e-13 4.7200e+02 1.9956e-11
4.7500e+02 5.0029e-13 4.7000e+02 2.0102e-11
4.7600e+02 4.9667e-13 4.7800e+02 1.9535e-11
4.7700e+02 4.9309e-13 4.7700e+02 1.9604e-11
4.7800e+02 4.8954e-13 4.7300e+02 1.9884e-11
4.7900e+02 4.8602e-13 4.7600e+02 1.9673e-11
4.8000e+02 4.8254e-13 4.8200e+02 1.9269e-11
4.8100e+02 4.7908e-13 4.8000e+02 1.9401e-11
4.8200e+02 4.7565e-13 4.8300e+02 1.9204e-11
4.8300e+02 4.7226e-13 4.8100e+02 1.9335e-11
4.8400e+02 4.6889e-13 4.8400e+02 1.9140e-11
4.8500e+02 4.6556e-13 4.8500e+02 1.9076e-11
4.8600e+02 4.6225e-13 4.8700e+02 1.8951e-11
4.8700e+02 4.5897e-13 4.9100e+02 1.8708e-11
4.8800e+02 4.5573e-13 4.8600e+02 1.9013e-11
4.8900e+02 4.5251e-13 4.9000e+02 1.8768e-11
4.9000e+02 4.4932e-13 4.8800e+02 1.8889e-11
4.9100e+02 4.4615e-13 4.8900e+02 1.8828e-11
4.9200e+02 4.4302e-13 4.9200e+02 1.8649e-11
4.9300e+02 4.3991e-13 4.9300e+02 1.8590e-11
4.9400e+02 4.3683e-13 4.9400e+02 1.8532e-11
4.9500e+02 4.3377e-13 4.9700e+02 1.8361e-11
4.9600e+02 4.3074e-13 4.9500e+02 1.8474e-11
4.9700e+02 4.2774e-13 5.0100e+02 1.8141e-11
4.9800e+02 4.2477e-13 4.9600e+02 1.8417e-11
4.9900e+02 4.2181e-13 5.0000e+02 1.8195e-11
5.0000e+02 4.1889e-13 4.9800e+02 1.8305e-11
5.0100e+02 4.1599e-13 4.9900e+02 1.8250e-11
5.0200e+02 4.1312e-13 5.0200e+02 1.8087e-11
5.0300e+02 4.1026e-13 5.0300e+02 1.8034e-11
5.0400e+02 4.0744e-13 5.0400e+02 1.7981e-11
5.0500e+02 4.0463e-13 5.0500e+02 1.7929e-11
5.0600e+02 4.0186e-13 5.0600e+02 1.7878e-11
5.0700e+02 3.9910e-13 5.0800e+02 1.7776e-11
5.0800e+02 3.9637e-13 5.0700e+02 1.7826e-11
5.0900e+02 3.9366e-13 5.0900e+02 1.7725e-11
5.1000e+02 3.9098e-13 5.1000e+02 1.7676e-11
5.1100e+02 3.8831e-13 5.1300e+02 1.7529e-11
5.1200e+02 3.8568e-13 5.1100e+02 1.7627e-11
5.1300e+02 3.8306e-13 5.1500e+02 1.7434e-11
5.1400e+02 3.8046e-13 5.1200e+02 1.7578e-11
5.1500e+02 3.7789e-13 5.1600e+02 1.7387e-11
5.1600e+02 3.7533e-13 5.1400e+02 1.7481e-11
5.1700e+02 3.7280e-13 5.1900e+02 1.7248e-11
5.1800e+02 3.7029e-13 5.1700e+02 1.7340e-11
5.1900e+02 3.6781e-13 5.1800e+02 1.7294e-11
5.2000e+02 3.6534e-13 5.2000e+02 1.7203e-11
5.2100e+02 3.6289e-13 5.2200e+02 1.7113e-11
5.2200e+02 3.6047e-13 5.2100e+02 1.7158e-11
5.2300e+02 3.5806e-13 5.2400e+02 1.7025e-11
5.2400e+02 3.5567e-13 5.2300e+02 1.7069e-11
5.2500e+02 3.5331e-13 5.2900e+02 1.6811e-11
5.2600e+02 3.5096e-13 5.2700e+02 1.6896e-11
5.2700e+02 3.4863e-13 5.2500e+02 1.6982e-11
5.2800e+02 3.4632e-13 5.2600e+02 1.6938e-11
5.2900e+02 3.4403e-13 5.2800e+02 1.6853e-11
5.3000e+02 3.4176e-13 5.3200e+02 1.6687e-11
5.3100e+02 3.3951e-13 5.3100e+02 1.6728e-11
5.3200e+02 3.3728e-13 5.3400e+02 1.6606e-11
5.3300e+02 3.3506e-13 5.3000e+02 1.6770e-11
5.3400e+02 3.3286e-13 5.3700e+02 1.6487e-11
5.3500e+02 3.3068e-13 5.3300e+02 1.6646e-11
5.3600e+02 3.2852e-13 5.3500e+02 1.6566e-11
5.3700e+02 3.2638e-13 5.3600e+02 1.6526e-11
5.3800e+02 3.2425e-13 5.3900e+02 1.6409e-11
5.3900e+02 3.2214e-13 5.3800e+02 1.6448e-11
5.4000e+02 3.2005e-13 5.4100e+02 1.6332e-11
5.4100e+02 3.1798e-13 5.4000e+02 1.6370e-11
5.4200e+02 3.1592e-13 5.4600e+02 1.6144e-11
5.4300e+02 3.1388e-13 5.4200e+02 1.6294e-11
5.4400e+02 3.1185e-13 5.4400e+02 1.6218e-11
5.4500e+02 3.0985e-13 5.4500e+02 1.6181e-11
5.4600e+02 3.0785e-13 5.4300e+02 1.6256e-11
5.4700e+02 3.0588e-13 5.4800e+02 1.6071e-11
5.4800e+02 3.0392e-13 5.4700e+02 1.6108e-11
5.4900e+02 3.0197e-13 5.5300e+02 1.5892e-11
5.5000e+02 3.0004e-13 5.4900e+02 1.6035e-11
5.5100e+02 2.9813e-13 5.5000e+02 1.5999e-11
5.5200e+02 2.9623e-13 5.5100e+02 1.5963e-11
5.5300e+02 2.9435e-13 5.5500e+02 1.5822e-11
5.5400e+02 2.9248e-13 5.5200e+02 1.5928e-11
5.5500e+02 2.9062e-13 5.5400e+02 1.5857e-11
5.5600e+02 2.8878e-13 5.5600e+02 1.5788e-11
5.5700e+02 2.8696e-13 5.5700e+02 1.5753e-11
5.5800e+02 2.8515e-13 5.5800e+02 1.5719e-11
5.5900e+02 2.8335e-13 5.5900e+02 1.5685e-11
5.6000e+02 2.8157e-13 5.6000e+02 1.5651e-11
5.6100e+02 2.7980e-13 5.6100e+02 1.5617e-11
5.6200e+02 2.7805e-13 5.6200e+02 1.5584e-11
5.6300e+02 2.7631e-13 5.6400e+02 1.5517e-11
5.6400e+02 2.7458e-13 5.6300e+02 1.5550e-11
5.6500e+02 2.7287e-13 5.6500e+02 1.5484e-11
5.6600e+02 2.7117e-13 5.6800e+02 1.5386e-11
5.6700e+02 2.6949e-13 5.6700e+02 1.5419e-11
5.6800e+02 2.6781e-13 5.6900e+02 1.5354e-11
5.6900e+02 2.6615e-13 5.6600e+02 1.5451e-11
5.7000e+02 2.6451e-13 5.7000e+02 1.5322e-11
5.7100e+02 2.6287e-13 5.7100e+02 1.5290e-11
5.7200e+02 2.6125e-13 5.7200e+02 1.5258e-11
5.7300e+02 2.5964e-13 5.7300e+02 1.5226e-11
5.7400e+02 2.5805e-13 5.7600e+02 1.5132e-11
5.7500e+02 2.5646e-13 5.7400e+02 1.5195e-11
5.7600e+02 2.5489e-13 5.7500e+02 1.5163e-11
5.7700e+02 2.5333e-13 5.7900e+02 1.5038e-11
5.7800e+02 2.5178e-13 5.7800e+02 1.5069e-11
5.7900e+02 2.5025e-13 5.8000e+02 1.5008e-11
5.8000e+02 2.4872e-13 5.8100e+02 1.4977e-11
5.8100e+02 2.4721e-13 5.7700e+02 1.5101e-11
5.8200e+02 2.4571e-13 5.8300e+02 1.4916e-11
5.8300e+02 2.4422e-13 5.8200e+02 1.4946e-11
5.8400e+02 2.4274e-13 5.9000e+02 1.4705e-11
5.8500e+02 2.4128e-13 5.8400e+02 1.4885e-11
5.8600e+02 2.3982e-13 5.8600e+02 1.4825e-11
5.8700e+02 2.3838e-13 5.8500e+02 1.4855e-11
5.8800e+02 2.3694e-13 5.8900e+02 1.4735e-11
5.8900e+02 2.3552e-13 5.8800e+02 1.4765e-11
5.9000e+02 2.3411e-13 5.9100e+02 1.4675e-11
5.9100e+02 2.3271e-13 5.8700e+02 1.4795e-11
5.9200e+02 2.3132e-13 5.9600e+02 1.4528e-11
5.9300e+02 2.2994e-13 5.9300e+02 1.4616e-11
5.9400e+02 2.2857e-13 5.9400e+02 1.4586e-11
5.9500e+02 2.2721e-13 5.9800e+02 1.4469e-11
5.9600e+02 2.2586e-13 5.9200e+02 1.4645e-11
5.9700e+02 2.2452e-13 5.9500e+02 1.4557e-11
5.9800e+02 2.2319e-13 5.9700e+02 1.4498e-11
5.9900e+02 2.2187e-13 6.0100e+02 1.4382e-11
6.0000e+02 2.2056e-13 6.0200e+02 1.4353e-11
6.0100e+02 2.1926e-13 6.0000e+02 1.4411e-11
6.0200e+02 2.1797e-13 6.0300e+02 1.4325e-11
6.0300e+02 2.1669e-13 5.9900e+02 1.4440e-11
6.0400e+02 2.1542e-13 6.0500e+02 1.4267e-11
6.0500e+02 2.1416e-13 6.0400e+02 1.4296e-11
6.0600e+02 2.1290e-13 6.0600e+02 1.4239e-11
6.0700e+02 2.1166e-13 6.0800e+02 1.4182e-11
6.0800e+02 2.1043e-13 6.0700e+02 1.4210e-11
6.0900e+02 2.0920e-13 6.0900e+02 1.4153e-11
6.1000e+02 2.0799e-13 6.1000e+02 1.4125e-11
6.1100e+02 2.0678e-13 6.1200e+02 1.4068e-11
6.1200e+02 2.0558e-13 6.1100e+02 1.4097e-11
6.1300e+02 2.0439e-13 6.1300e+02 1.4040e-11
6.1400e+02 2.0321e-13 6.1400e+02 1.4012e-11
6.1500e+02 2.0204e-13 6.1500e+02 1.3984e-11
6.1600e+02 2.0088e-13 6.1600e+02 1.3956e-11
6.1700e+02 1.9972e-13 6.1700e+02 1.3928e-11
6.1800e+02 1.9857e-13 6.1900e+02 1.3872e-11
6.1900e+02 1.9744e-13 6.1800e+02 1.3900e-11
6.2000e+02 1.9631e-13 6.2200e+02 1.3789e-11
6.2100e+02 1.9518e-13 6.2000e+02 1.3845e-11
6.2200e+02 1.9407e-13 6.2100e+02 1.3817e-11
6.2300e+02 1.9297e-13 6.2300e+02 1.3762e-11
6.2400e+02 1.9187e-13 6.2400e+02 1.3734e-11
6.2500e+02 1.9078e-13 6.2500e+02 1.3707e-11
6.2600e+02 1.8970e-13 6.2700e+02 1.3652e-11
6.2700e+02 1.8862e-13 6.2600e+02 1.3679e-11
6.2800e+02 1.8755e-13 6.2800e+02 1.3625e-11
6.2900e+02 1.8650e-13 6.2900e+02 1.3597e-11
6.3000e+02 1.8545e-13 6.3000e+02 1.3570e-11
6.3100e+02 1.8440e-13 6.3200e+02 1.3516e-11
6.3200e+02 1.8336e-13 6.3100e+02 1.3543e-11
6.3300e+02 1.8234e-13 6.3700e+02 1.3381e-11
6.3400e+02 1.8131e-13 6.3500e+02 1.3435e-11
6.3500e+02 1.8030e-13 6.3400e+02 1.3462e-11
6.3600e+02 1.7929e-13 6.3600e+02 1.3408e-11
6.3700e+02 1.7829e-13 6.3300e+02 1.3489e-11
6.3800e+02 1.7730e-13 6.4300e+02 1.3221e-11
6.3900e+02 1.7631e-13 6.3800e+02 1.3354e-11
6.4000e+02 1.7533e-13 6.4500e+02 1.3168e-11
6.4100e+02 1.7436e-13 6.4100e+02 1.3274e-11
6.4200e+02 1.7340e-13 6.3900e+02 1.3328e-11
6.4300e+02 1.7244e-13 6.4200e+02 1.3248e-11
6.4400e+02 1.7149e-13 6.4600e+02 1.3142e-11
6.4500e+02 1.7054e-13 6.5100e+02 1.3010e-11
6.4600e+02 1.6960e-13 6.4400e+02 1.3195e-11
6.4700e+02 1.6867e-13 6.4700e+02 1.3115e-11
6.4800e+02 1.6775e-13 6.4000e+02 1.3301e-11
6.4900e+02 1.6683e-13 6.4900e+02 1.3063e-11
6.5000e+02 1.6591e-13 6.4800e+02 1.3089e-11
6.5100e+02 1.6501e-13 6.5200e+02 1.2984e-11
6.5200e+02 1.6411e-13 6.5000e+02 1.3037e-11
6.5300e+02 1.6321e-13 6.5300e+02 1.2958e-11
6.5400e+02 1.6233e-13 6.5400e+02 1.2932e-11
6.5500e+02 1.6144e-13 6.5600e+02 1.2880e-11
6.5600e+02 1.6057e-13 6.5500e+02 1.2906e-11
6.5700e+02 1.5970e-13 6.5700e+02 1.2855e-11
6.5800e+02 1.5884e-13 6.5900e+02 1.2803e-11
6.5900e+02 1.5798e-13 6.6000e+02 1.2777e-11
6.6000e+02 1.5713e-13 6.5800e+02 1.2829e-11
6.6100e+02 1.5628e-13 6.6100e+02 1.2752e-11
6.6200e+02 1.5544e-13 6.6300e+02 1.2700e-11
6.6300e+02 1.5461e-13 6.6200e+02 1.2726e-11
6.6400e+02 1.5378e-13 6.6400e+02 1.2675e-11
6.6500e+02 1.5295e-13 6.6500e+02 1.2649e-11
6.6600e+02 1.5214e-13 6.6800e+02 1.2573e-11
6.6700e+02 1.5132e-13 6.6600e+02 1.2624e-11
6.6800e+02 1.5052e-13 6.6700e+02 1.2599e-11
6.6900e+02 1.4972e-13 6.6900e+02 1.2548e-11
6.7000e+02 1.4892e-13 6.7000e+02 1.2523e-11
6.7100e+02 1.4813e-13 6.7100e+02 1.2498e-11
6.7200e+02 1.4735e-13 6.7200e+02 1.2472e-11
6.7300e+02 1.4657e-13 6.7300e+02 1.2447e-11
6.7400e+02 1.4579e-13 6.7500e+02 1.2397e-11
6.7500e+02 1.4502e-13 6.7400e+02 1.2422e-11
6.7600e+02 1.4426e-13 6.7900e+02 1.2298e-11
6.7700e+02 1.4350e-13 6.7600e+02 1.2372e-11
6.7800e+02 1.4275e-13 6.8000e+02 1.2273e-11
6.7900e+02 1.4200e-13 6.7700e+02 1.2347e-11
6.8000e+02 1.4125e-13 6.7800e+02 1.2323e-11
6.8100e+02 1.4052e-13 6.8200e+02 1.2224e-11
6.8200e+02 1.3978e-13 6.8100e+02 1.2248e-11
6.8300e+02 1.3905e-13 6.8300e+02 1.2199e-11
6.8400e+02 1.3833e-13 6.8500e+02 1.2150e-11
6.8500e+02 1.3761e-13 6.8400e+02 1.2175e-11
6.8600e+02 1.3689e-13 6.8700e+02 1.2102e-11
6.8700e+02 1.3618e-13 6.8600e+02 1.2126e-11
6.8800e+02 1.3548e-13 6.8800e+02 1.2077e-11
6.8900e+02 1.3478e-13 6.9000e+02 1.2029e-11
6.9000e+02 1.3408e-13 6.9100e+02 1.2005e-11
6.9100e+02 1.3339e-13 6.9200e+02 1.1981e-11
6.9200e+02 1.3270e-13 6.8900e+02 1.2053e-11
6.9300e+02 1.3202e-13 6.9300e+02 1.1957e-11
6.9400e+02 1.3134e-13 6.9400e+02 1.1933e-11
6.9500e+02 1.3067e-13 6.9600e+02 1.1885e-11
6.9600e+02 1.3000e-13 6.9500e+02 1.1909e-11
6.9700e+02 1.2934e-13 6.9800e+02 1.1837e-11
6.9800e+02 1.2868e-13 6.9700e+02 1.1861e-11
6.9900e+02 1.2802e-13 7.0300e+02 1.1720e-11
7.0000e+02 1.2737e-13 6.9900e+02 1.1814e-11
7.0100e+02 1.2672e-13 7.0500e+02 1.1673e-11
7.0200e+02 1.2608e-13 7.0100e+02 1.1767e-11
7.0300e+02 1.2544e-13 7.0400e+02 1.1697e-11
7.0400e+02 1.2480e-13 7.0200e+02 1.1743e-11
7.0500e+02 1.2417e-13 7.0000e+02 1.1790e-11
7.0600e+02 1.2354e-13 7.0900e+02 1.1581e-11
7.0700e+02 1.2292e-13 7.0600e+02 1.1650e-11
7.0800e+02 1.2230e-13 7.0700e+02 1.1627e-11
7.0900e+02 1.2168e-13 7.0800e+02 1.1604e-11
7.1000e+02 1.2107e-13 7.1100e+02 1.1535e-11
7.1100e+02 1.2047e-13 7.1000e+02 1.1558e-11
7.1200e+02 1.1986e-13 7.1500e+02 1.1445e-11
7.1300e+02 1.1926e-13 7.1300e+02 1.1490e-11
7.1400e+02 1.1867e-13 7.1200e+02 1.1513e-11
7.1500e+02 1.1807e-13 7.1400e+02 1.1467e-11
7.1600e+02 1.1749e-13 7.1600e+02 1.1422e-11
7.1700e+02 1.1690e-13 7.1800e+02 1.1378e-11
7.1800e+02 1.1632e-13 7.1700e+02 1.1400e-11
7.1900e+02 1.1574e-13 7.1900e+02 1.1355e-11
7.2000e+02 1.1517e-13 7.2000e+02 1.1333e-11
7.2100e+02 1.1460e-13 7.2100e+02 1.1311e-11
7.2200e+02 1.1403e-13 7.2200e+02 1.1289e-11
7.2300e+02 1.1347e-13 7.2300e+02 1.1267e-11
7.2400e+02 1.1291e-13 7.2400e+02 1.1246e-11
7.2500e+02 1.1235e-13 7.2500e+02 1.1224e-11
7.2600e+02 1.1180e-13 7.2600e+02 1.1202e-11
7.2700e+02 1.1125e-13 7.2700e+02 1.1181e-11
7.2800e+02 1.1071e-13 7.2800e+02 1.1159e-11
7.2900e+02 1.1016e-13 7.2900e+02 1.1138e-11
7.3000e+02 1.0962e-13 7.3100e+02 1.1095e-11
7.3100e+02 1.0909e-13 7.3000e+02 1.1117e-11
7.3200e+02 1.0856e-13 7.3400e+02 1.1032e-11
7.3300e+02 1.0803e-13 7.3200e+02 1.1074e-11
7.3400e+02 1.0750e-13 7.3300e+02 1.1053e-11
7.3500e+02 1.0698e-13 7.3600e+02 1.0991e-11
7.3600e+02 1.0646e-13 7.3500e+02 1.1012e-11
7.3700e+02 1.0594e-13 7.3700e+02 1.0970e-11
7.3800e+02 1.0543e-13 7.3800e+02 1.0950e-11
7.3900e+02 1.0492e-13 7.3900e+02 1.0929e-11
7.4000e+02 1.0442e-13 7.4000e+02 1.0909e-11
7.4100e+02 1.0391e-13 7.4100e+02 1.0888e-11
7.4200e+02 1.0341e-13 7.4200e+02 1.0868e-11
7.4300e+02 1.0291e-13 7.4400e+02 1.0828e-11
7.4400e+02 1.0242e-13 7.4500e+02 1.0808e-11
7.4500e+02 1.0193e-13 7.4600e+02 1.0788e-11
7.4600e+02 1.0144e-13 7.4300e+02 1.0848e-11
7.4700e+02 1.0095e-13 7.4700e+02 1.0769e-11
7.4800e+02 1.0047e-13 7.4900e+02 1.0729e-11
7.4900e+02 9.9992e-14 7.4800e+02 1.0749e-11
7.5000e+02 9.9515e-14 7.5100e+02 1.0691e-11
7.5100e+02 9.9041e-14 7.5000e+02 1.0710e-11
7.5200e+02 9.8570e-14 7.5200e+02 1.0671e-11
7.5300e+02 9.8102e-14 7.5500e+02 1.0614e-11
7.5400e+02 9.7637e-14 7.5300e+02 1.0652e-11
7.5500e+02 9.7174e-14 7.5400e+02 1.0633e-11
7.5600e+02 9.6714e-14 7.5600e+02 1.0595e-11
7.5700e+02 9.6257e-14 7.5700e+02 1.0577e-11
7.5800e+02 9.5803e-14 7.5900e+02 1.0539e-11
7.5900e+02 9.5351e-14 7.5800e+02 1.0558e-11
7.6000e+02 9.4902e-14 7.6000e+02 1.0521e-11
7.6100e+02 9.4456e-14 7.6200e+02 1.0484e-11
7.6200e+02 9.4012e-14 7.6400e+02 1.0448e-11
7.6300e+02 9.3571e-14 7.6100e+02 1.0503e-11
7.6400e+02 9.3132e-14 7.6300e+02 1.0466e-11
7.6500e+02 9.2697e-14 7.6500e+02 1.0430e-11
7.6600e+02 9.2263e-14 7.6800e+02 1.0377e-11
7.6700e+02 9.1832e-14 7.6700e+02 1.0394e-11
7.6800e+02 9.1404e-14 7.6900e+02 1.0359e-11
7.6900e+02 9.0979e-14 7.6600e+02 1.0412e-11
7.7000e+02 9.0555e-14 7.7000e+02 1.0342e-11
7.7100e+02 9.0135e-14 7.7100e+02 1.0324e-11
7.7200e+02 8.9716e-14 7.7200e+02 1.0307e-11
7.7300e+02 8.9301e-14 7.7400e+02 1.0273e-11
7.7400e+02 8.8887e-14 7.7300e+02 1.0290e-11
7.7500e+02 8.8476e-14 7.7500e+02 1.0256e-11
7.7600e+02 8.8068e-14 7.7600e+02 1.0239e-11
7.7700e+02 8.7661e-14 7.7700e+02 1.0222e-11
7.7800e+02 8.7258e-14 7.7800e+02 1.0205e-11
7.7900e+02 8.6856e-14 7.7900e+02 1.0188e-11
7.8000e+02 8.6457e-14 7.8000e+02 1.0172e-11
7.8100e+02 8.6060e-14 7.8100e+02 1.0156e-11
7.8200e+02 8.5665e-14 7.8200e+02 1.0139e-11
7.8300e+02 8.5273e-14 7.8300e+02 1.0123e-11
7.8400e+02 8.4883e-14 7.8400e+02 1.0107e-11
7.8500e+02 8.4495e-14 7.8500e+02 1.0091e-11
7.8600e+02 8.4110e-14 7.9000e+02 1.0012e-11
7.8700e+02 8.3726e-14 7.8800e+02 1.0043e-11
7.8800e+02 8.3345e-14 7.8700e+02 1.0059e-11
7.8900e+02 8.2966e-14 7.8600e+02 1.0075e-11
7.9000e+02 8.2589e-14 7.9100e+02 9.9963e-12
7.9100e+02 8.2215e-14 7.8900e+02 1.0027e-11
7.9200e+02 8.1842e-14 7.9200e+02 9.9809e-12
7.9300e+02 8.1472e-14 7.9300e+02 9.9655e-12
7.9400e+02 8.1103e-14 7.9400e+02 9.9503e-12
7.9500e+02 8.0737e-14 7.9500e+02 9.9351e-12
7.9600e+02 8.0373e-14 7.9600e+02 9.9201e-12
7.9700e+02 8.0011e-14 7.9700e+02 9.9051e-12
7.9800e+02 7.9651e-14 8.0100e+02 9.8461e-12
7.9900e+02 7.9293e-14 7.9900e+02 9.8755e-12
8.0000e+02 7.8937e-14 8.0000e+02 9.8607e-12
8.0100e+02 7.8583e-14 7.9800e+02 9.8902e-12
8.0200e+02 7.8231e-14 8.0300e+02 9.8171e-12
8.0300e+02 7.7881e-14 8.0400e+02 9.8028e-12
8.0400e+02 7.7532e-14 8.0200e+02 9.8316e-12
8.0500e+02 7.7186e-14 8.0500e+02 9.7885e-12
8.0600e+02 7.6842e-14 8.0600e+02 9.7743e-12
8.0700e+02 7.6500e-14 8.0700e+02 9.7602e-12
8.0800e+02 7.6159e-14 8.0900e+02 9.7322e-12
8.0900e+02 7.5821e-14 8.0800e+02 9.7461e-12
8.1000e+02 7.5484e-14 8.1000e+02 9.7183e-12
8.1100e+02 7.5149e-14 8.1100e+02 9.7046e-12
8.1200e+02 7.4817e-14 8.1500e+02 9.6502e-12
8.1300e+02 7.4485e-14 8.1200e+02 9.6909e-12
8.1400e+02 7.4156e-14 8.1400e+02 9.6637e-12
8.1500e+02 7.3829e-14 8.1300e+02 9.6772e-12
8.1600e+02 7.3503e-14 8.1600e+02 9.6368e-12
8.1700e+02 7.3179e-14 8.1700e+02 9.6235e-12
8.1800e+02 7.2857e-14 8.2000e+02 9.5840e-12
8.1900e+02 7.2537e-14 8.1900e+02 9.5971e-12
8.2000e+02 7.2219e-14 8.1800e+02 9.6103e-12
8.2100e+02 7.1902e-14 8.2200e+02 9.5581e-12
8.2200e+02 7.1587e-14 8.2100e+02 9.5710e-12
8.2300e+02 7.1274e-14 8.2300e+02 9.5452e-12
8.2400e+02 7.0962e-14 8.2500e+02 9.5197e-12
8.2500e+02 7.0652e-14 8.2400e+02 9.5324e-12
8.2600e+02 7.0344e-14 8.2600e+02 9.5070e-12
8.2700e+02 7.0037e-14 8.2700e+02 9.4945e-12
8.2800e+02 6.9733e-14 8.2800e+02 9.4820e-12
8.2900e+02 6.9429e-14 8.2900e+02 9.4695e-12
8.3000e+02 6.9128e-14 8.3000e+02 9.4572e-12
8.3100e+02 6.8828e-14 8.3100e+02 9.4449e-12
8.3200e+02 6.8530e-14 8.3300e+02 9.4205e-12
8.3300e+02 6.8233e-14 8.3200e+02 9.4326e-12
8.3400e+02 6.7938e-14 8.3400e+02 9.4083e-12
8.3500e+02 6.7644e-14 8.3500e+02 9.3963e-12
8.3600e+02 6.7353e-14 8.3600e+02 9.3843e-12
8.3700e+02 6.7062e-14 8.3700e+02 9.3724e-12
8.3800e+02 6.6773e-14 8.3800e+02 9.3606e-12
8.3900e+02 6.6486e-14 8.3900e+02 9.3488e-12
8.4000e+02 6.6201e-14 8.4000e+02 9.3371e-12
8.4100e+02 6.5916e-14 8.4100e+02 9.3254e-12
8.4200e+02 6.5634e-14 8.4300e+02 9.3023e-12
8.4300e+02 6.5353e-14 8.4500e+02 9.2794e-12
8.4400e+02 6.5073e-14 8.4200e+02 9.3138e-12
8.4500e+02 6.4795e-14 8.4400e+02 9.2908e-12
8.4600e+02 6.4518e-14 8.4600e+02 9.2680e-12
8.4700e+02 6.4243e-14 8.4800e+02 9.2455e-12
8.4800e+02 6.3969e-14 8.4700e+02 9.2567e-12
8.4900e+02 6.3697e-14 8.4900e+02 9.2343e-12
8.5000e+02 6.3426e-14 8.5000e+02 9.2231e-12
8.5100e+02 6.3157e-14 8.5100e+02 9.2121e-12
8.5200e+02 6.2889e-14 8.5300e+02 9.1901e-12
8.5300e+02 6.2622e-14 8.5200e+02 9.2010e-12
8.5400e+02 6.2357e-14 8.5400e+02 9.1792e-12
8.5500e+02 6.2093e-14 8.5600e+02 9.1575e-12
8.5600e+02 6.1831e-14 8.5700e+02 9.1467e-12
8.5700e+02 6.1570e-14 8.5900e+02 9.1253e-12
8.5800e+02 6.1310e-14 8.5500e+02 9.1683e-12
8.5900e+02 6.1052e-14 8.6100e+02 9.1041e-12
8.6000e+02 6.0795e-14 8.5800e+02 9.1360e-12
8.6100e+02 6.0539e-14 8.6000e+02 9.1147e-12
8.6200e+02 6.0285e-14 8.6200e+02 9.0936e-12
8.6300e+02 6.0032e-14 8.6300e+02 9.0831e-12
8.6400e+02 5.9780e-14 8.6400e+02 9.0727e-12
8.6500e+02 5.9530e-14 8.6600e+02 9.0520e-12
8.6600e+02 5.9281e-14 8.6900e+02 9.0212e-12
8.6700e+02 5.9033e-14 8.6500e+02 9.0623e-12
8.6800e+02 5.8787e-14 8.6700e+02 9.0417e-12
8.6900e+02 5.8542e-14 8.6800e+02 9.0314e-12
8.7000e+02 5.8298e-14 8.7100e+02 9.0009e-12
8.7100e+02 5.8055e-14 8.7000e+02 9.0110e-12
8.7200e+02 5.7814e-14 8.7400e+02 8.9708e-12
8.7300e+02 5.7574e-14 8.7200e+02 8.9909e-12
8.7400e+02 5.7335e-14 8.7300e+02 8.9808e-12
8.7500e+02 5.7097e-14 8.7600e+02 8.9509e-12
8.7600e+02 5.6861e-14 8.7800e+02 8.9312e-12
8.7700e+02 5.6625e-14 8.7500e+02 8.9608e-12
8.7800e+02 5.6391e-14 8.7700e+02 8.9410e-12
8.7900e+02 5.6158e-14 8.7900e+02 8.9214e-12
8.8000e+02 5.5927e-14 8.8000e+02 8.9116e-12
8.8100e+02 5.5696e-14 8.8100e+02 8.9019e-12
8.8200e+02 5.5467e-14 8.8400e+02 8.8729e-12
8.8300e+02 5.5239e-14 8.8200e+02 8.8922e-12
8.8400e+02 5.5012e-14 8.8300e+02 8.8826e-12
8.8500e+02 5.4786e-14 8.8500e+02 8.8634e-12
8.8600e+02 5.4562e-14 8.8800e+02 8.8348e-12
8.8700e+02 5.4338e-14 8.8700e+02 8.8443e-12
8.8800e+02 5.4116e-14 8.8600e+02 8.8538e-12
8.8900e+02 5.3894e-14 8.8900e+02 8.8253e-12
8.9000e+02 5.3674e-14 8.9000e+02 8.8159e-12
8.9100e+02 5.3455e-14 8.9100e+02 8.8065e-12
8.9200e+02 5.3237e-14 8.9200e+02 8.7972e-12
8.9300e+02 5.3021e-14 8.9300e+02 8.7878e-12
8.9400e+02 5.2805e-14 8.9400e+02 8.7786e-12
8.9500e+02 5.2590e-14 8.9500e+02 8.7693e-12
8.9600e+02 5.2377e-14 8.9600e+02 8.7600e-12
8.9700e+02 5.2164e-14 8.9700e+02 8.7509e-12
8.9800e+02 5.1953e-14 8.9900e+02 8.7325e-12
8.9900e+02 5.1742e-14 8.9800e+02 8.7417e-12
9.0000e+02 5.1533e-14 9.0000e+02 8.7234e-12
9.0100e+02 5.1325e-14 9.0100e+02 8.7143e-12
9.0200e+02 5.1118e-14 9.0200e+02 8.7052e-12
9.0300e+02 5.0911e-14 9.0400e+02 8.6872e-12
9.0400e+02 5.0706e-14 9.0300e+02 8.6962e-12
9.0500e+02 5.0502e-14 9.0500e+02 8.6782e-12
9.0600e+02 5.0299e-14 9.0600e+02 8.6692e-12
9.0700e+02 5.0097e-14 9.0700e+02 8.6603e-12
9.0800e+02 4.9896e-14 9.0800e+02 8.6513e-12
9.0900e+02 4.9695e-14 9.1000e+02 8.6336e-12
9.1000e+02 4.9496e-14 9.0900e+02 8.6424e-12
9.1100e+02 4.9298e-14 9.1100e+02 8.6247e-12
9.1200e+02 4.9101e-14 9.1300e+02 8.6071e-12
9.1300e+02 4.8905e-14 9.1400e+02 8.5983e-12
9.1400e+02 4.8710e-14 9.1200e+02 8.6159e-12
9.1500e+02 4.8515e-14 9.1500e+02 8.5896e-12
9.1600e+02 4.8322e-14 9.1700e+02 8.5721e-12
9.1700e+02 4.8130e-14 9.1600e+02 8.5808e-12
9.1800e+02 4.7938e-14 9.1800e+02 8.5634e-12
9.1900e+02 4.7748e-14 9.1900e+02 8.5548e-12
9.2000e+02 4.7558e-14 9.2100e+02 8.5375e-12
9.2100e+02 4.7370e-14 9.2000e+02 8.5461e-12
9.2200e+02 4.7182e-14 9.2200e+02 8.5289e-12
9.2300e+02 4.6995e-14 9.2500e+02 8.5032e-12
9.2400e+02 4.6810e-14 9.2300e+02 8.5203e-12
9.2500e+02 4.6625e-14 9.2600e+02 8.4946e-12
9.2600e+02 4.6441e-14 9.2400e+02 8.5117e-12
9.2700e+02 4.6257e-14 9.2700e+02 8.4861e-12
9.2800e+02 4.6075e-14 9.2800e+02 8.4776e-12
9.2900e+02 4.5894e-14 9.3000e+02 8.4606e-12
9.3000e+02 4.5713e-14 9.2900e+02 8.4691e-12
9.3100e+02 4.5534e-14 9.3100e+02 8.4522e-12
9.3200e+02 4.5355e-14 9.3400e+02 8.4269e-12
9.3300e+02 4.5177e-14 9.3200e+02 8.4437e-12
9.3400e+02 4.5000e-14 9.3300e+02 8.4353e-12
9.3500e+02 4.4824e-14 9.3600e+02 8.4101e-12
9.3600e+02 4.4649e-14 9.3500e+02 8.4185e-12
9.3700e+02 4.4474e-14 9.3700e+02 8.4018e-12
9.3800e+02 4.4301e-14 9.3800e+02 8.3934e-12
9.3900e+02 4.4128e-14 9.3900e+02 8.3851e-12
9.4000e+02 4.3956e-14 9.4000e+02 8.3768e-12
9.4100e+02 4.3785e-14 9.4100e+02 8.3684e-12
9.4200e+02 4.3615e-14 9.4400e+02 8.3436e-12
9.4300e+02 4.3445e-14 9.4200e+02 8.3601e-12
9.4400e+02 4.3276e-14 9.4300e+02 8.3518e-12
9.4500e+02 4.3109e-14 9.4500e+02 8.3353e-12
9.4600e+02 4.2942e-14 9.4600e+02 8.3270e-12
9.4700e+02 4.2775e-14 9.4700e+02 8.3187e-12
9.4800e+02 4.2610e-14 9.4800e+02 8.3105e-12
9.4900e+02 4.2445e-14 9.4900e+02 8.3023e-12
9.5000e+02 4.2281e-14 9.5000e+02 8.2941e-12
9.5100e+02 4.2118e-14 9.5100e+02 8.2858e-12
9.5200e+02 4.1956e-14 9.5200e+02 8.2776e-12
9.5300e+02 4.1794e-14 9.5300e+02 8.2694e-12
9.5400e+02 4.1634e-14 9.5400e+02 8.2613e-12
9.5500e+02 4.1474e-14 9.5700e+02 8.2367e-12
9.5600e+02 4.1314e-14 9.5800e+02 8.2286e-12
9.5700e+02 4.1156e-14 9.5500e+02 8.2531e-12
9.5800e+02 4.0998e-14 9.5600e+02 8.2449e-12
9.5900e+02 4.0841e-14 9.5900e+02 8.2204e-12
9.6000e+02 4.0685e-14 9.6000e+02 8.2122e-12
9.6100e+02 4.0529e-14 9.6100e+02 8.2041e-12
9.6200e+02 4.0374e-14 9.6200e+02 8.1959e-12
9.6300e+02 4.0220e-14 9.6300e+02 8.1878e-12
9.6400e+02 4.0067e-14 9.6400e+02 8.1797e-12
9.6500e+02 3.9914e-14 9.6700e+02 8.1553e-12
9.6600e+02 3.9762e-14 9.6600e+02 8.1634e-12
9.6700e+02 3.9611e-14 9.6500e+02 8.1715e-12
9.6800e+02 3.9461e-14 9.7000e+02 8.1310e-12
9.6900e+02 3.9311e-14 9.6900e+02 8.1391e-12
9.7000e+02 3.9162e-14 9.6800e+02 8.1472e-12
9.7100e+02 3.9014e-14 9.7200e+02 8.1148e-12
9.7200e+02 3.8866e-14 9.7100e+02 8.1229e-12
9.7300e+02 3.8719e-14 9.7800e+02 8.0662e-12
9.7400e+02 3.8573e-14 9.7300e+02 8.1067e-12
9.7500e+02 3.8427e-14 9.8200e+02 8.0339e-12
9.7600e+02 3.8282e-14 9.7400e+02 8.0986e-12
9.7700e+02 3.8138e-14 9.7600e+02 8.0824e-12
9.7800e+02 3.7994e-14 9.8000e+02 8.0501e-12
9.7900e+02 3.7851e-14 9.7500e+02 8.0905e-12
9.8000e+02 3.7709e-14 9.7900e+02 8.0581e-12
9.8100e+02 3.7567e-14 9.7700e+02 8.0743e-12
9.8200e+02 3.7426e-14 9.8500e+02 8.0097e-12
9.8300e+02 3.7286e-14 9.8600e+02 8.0016e-12
9.8400e+02 3.7146e-14 9.8100e+02 8.0420e-12
9.8500e+02 3.7007e-14 9.8700e+02 7.9936e-12
9.8600e+02 3.6869e-14 9.8300e+02 8.0259e-12
9.8700e+02 3.6731e-14 9.8900e+02 7.9775e-12
9.8800e+02 3.6594e-14 9.8400e+02 8.0178e-12
9.8900e+02 3.6458e-14 9.9200e+02 7.9533e-12
9.9000e+02 3.6322e-14 9.9500e+02 7.9291e-12
9.9100e+02 3.6187e-14 9.8800e+02 7.9855e-12
9.9200e+02 3.6052e-14 9.9600e+02 7.9211e-12
9.9300e+02 3.5918e-14 9.9700e+02 7.9130e-12
9.9400e+02 3.5785e-14 9.9000e+02 7.9694e-12
9.9500e+02 3.5652e-14 9.9100e+02 7.9613e-12
9.9600e+02 3.5520e-14 1.0000e+03 7.8889e-12
9.9700e+02 3.5389e-14 9.9400e+02 7.9372e-12
9.9800e+02 3.5258e-14 9.9300e+02 7.9452e-12
9.9900e+02 3.5127e-14 9.9800e+02 7.9050e-12
1.0000e+03 3.4998e-14 9.9900e+02 7.8970e-12
