5.0000e+00 8.3559e-08 2.0660e-08 9.3475e-08 1.7549e-08 1.1268e-08 5.1634e-09
3.1000e+01 2.0321e-09 5.2252e-10 2.4314e-09 4.3685e-10 2.9305e-10 1.3162e-10
4.4000e+01 1.0111e-09 2.6815e-10 1.2069e-09 2.2118e-10 1.4545e-10 6.6151e-11
5.1000e+01 7.5390e-10 2.0422e-10 8.9843e-10 1.6707e-10 1.0826e-10 4.9665e-11
3.2000e+01 1.9074e-09 4.9124e-10 2.2818e-09 4.1034e-10 2.7502e-10 1.2360e-10
6.0000e+00 5.7019e-08 1.4130e-08 6.4913e-08 1.1994e-08 7.8248e-09 3.5569e-09
2.6000e+01 2.8916e-09 7.3647e-10 3.4566e-09 6.1821e-10 4.1662e-10 1.8655e-10
3.6000e+01 1.5066e-09 3.9156e-10 1.8029e-09 3.2577e-10 2.1729e-10 9.7966e-11
1.9000e+01 5.4286e-09 1.3673e-09 6.4731e-09 1.1535e-09 7.8022e-10 3.4839e-10
4.0000e+00 1.3403e-07 3.3031e-08 1.4606e-07 2.8098e-08 1.7606e-08 8.1649e-09
2.9000e+01 2.3219e-09 5.9464e-10 2.7784e-09 4.9796e-10 3.3487e-10 1.5017e-10
3.7000e+01 1.4286e-09 3.7202e-10 1.7067e-09 3.0921e-10 2.0570e-10 9.2887e-11
1.7000e+01 6.7980e-09 1.7083e-09 8.0858e-09 1.4425e-09 9.7462e-10 4.3539e-10
2.7000e+01 2.6796e-09 6.8361e-10 3.2053e-09 5.7342e-10 3.8633e-10 1.7304e-10
1.5000e+01 8.7511e-09 2.1933e-09 1.0386e-08 1.8542e-09 1.2519e-09 5.5935e-10
4.6000e+01 9.2449e-10 2.4664e-10 1.1043e-09 2.0301e-10 1.3308e-10 6.0637e-11
4.3000e+01 1.0572e-09 2.7964e-10 1.2637e-09 2.3096e-10 1.5230e-10 6.9150e-11
5.5000e+01 6.4946e-10 1.7821e-10 7.7260e-10 1.4505e-10 9.3091e-11 4.2944e-11
2.1000e+01 4.4401e-09 1.1218e-09 5.2988e-09 9.4514e-10 6.3867e-10 2.8539e-10
1.2000e+01 1.3760e-08 3.4364e-09 1.6228e-08 2.9090e-09 1.9561e-09 8.7570e-10
4.5000e+01 9.6673e-10 2.5715e-10 1.1539e-09 2.1188e-10 1.3906e-10 6.3316e-11
9.0000e+00 2.4775e-08 6.1668e-09 2.8850e-08 5.2254e-09 3.4776e-09 1.5651e-09
5.4000e+01 6.7293e-10 1.8403e-10 8.0145e-10 1.4997e-10 9.6570e-11 4.4467e-11
5.0000e+01 7.8409e-10 2.1164e-10 9.3470e-10 1.7336e-10 1.1264e-10 5.1594e-11
1.0000e+01 1.9939e-08 4.9697e-09 2.3369e-08 4.2098e-09 2.8168e-09 1.2642e-09
4.2000e+01 1.1086e-09 2.9245e-10 1.3246e-09 2.4180e-10 1.5963e-10 7.2427e-11
4.8000e+01 8.5037e-10 2.2818e-10 1.0142e-09 1.8734e-10 1.2222e-10 5.5849e-11
1.8000e+01 6.0605e-09 1.5249e-09 7.2123e-09 1.2869e-09 8.6933e-10 3.8843e-10
3.0000e+00 2.4953e-07 6.1190e-08 2.5966e-07 5.2197e-08 3.1299e-08 1.4822e-08
5.7000e+01 6.0515e-10 1.6721e-10 7.1939e-10 1.3577e-10 8.6674e-11 4.0102e-11
1.3000e+01 1.1711e-08 2.9283e-09 1.3827e-08 2.4773e-09 1.6667e-09 7.4602e-10
3.9000e+01 1.2843e-09 3.3613e-10 1.5362e-09 2.7882e-10 1.8514e-10 8.3708e-11
4.9000e+01 8.1610e-10 2.1965e-10 9.7322e-10 1.8014e-10 1.1728e-10 5.3656e-11
3.5000e+01 1.5930e-09 4.1314e-10 1.9074e-09 3.4412e-10 2.2988e-10 1.0354e-10
3.3000e+01 1.7920e-09 4.6254e-10 2.1456e-09 3.8599e-10 2.5860e-10 1.1626e-10
1.6000e+01 7.6882e-09 1.9296e-09 9.1282e-09 1.6301e-09 1.1003e-09 4.9175e-10
2.4000e+01 3.3953e-09 8.6171e-10 4.0568e-09 7.2448e-10 4.8896e-10 2.1872e-10
7.0000e+00 4.1526e-08 1.0308e-08 4.7691e-08 8.7439e-09 5.7488e-09 2.6032e-09
4.7000e+01 8.8628e-10 2.3709e-10 1.0578e-09 1.9489e-10 1.2748e-10 5.8163e-11
4.1000e+01 1.1632e-09 3.0602e-10 1.3900e-09 2.5331e-10 1.6752e-10 7.5923e-11
2.3000e+01 3.6959e-09 9.3676e-10 4.4172e-09 7.8799e-10 5.3241e-10 2.3799e-10
1.4000e+01 1.0062e-08 2.5196e-09 1.1923e-08 2.1308e-09 1.4371e-09 6.4243e-10
2.0000e+01 4.9017e-09 1.2366e-09 5.8419e-09 1.0423e-09 7.0414e-10 3.1468e-10
2.2000e+01 4.0425e-09 1.0227e-09 4.8280e-09 8.6097e-10 5.8192e-10 2.6004e-10
3.0000e+01 2.1716e-09 5.5713e-10 2.5962e-09 4.6615e-10 3.1291e-10 1.4049e-10
5.3000e+01 6.9822e-10 1.9033e-10 8.3195e-10 1.5530e-10 1.0025e-10 4.6095e-11
1.1000e+01 1.6423e-08 4.0981e-09 1.9313e-08 3.4699e-09 2.3280e-09 1.0434e-09
5.6000e+01 6.2694e-10 1.7258e-10 7.4528e-10 1.4029e-10 8.9796e-11 4.1488e-11
5.2000e+01 7.2514e-10 1.9707e-10 8.6423e-10 1.6103e-10 1.0414e-10 4.7829e-11
2.0000e+00 6.1149e-07 1.4913e-07 5.8423e-07 1.2831e-07 7.0424e-08 3.4648e-08
3.8000e+01 1.3533e-09 3.5333e-10 1.6181e-09 2.9341e-10 1.9502e-10 8.8113e-11
4.0000e+01 1.2216e-09 3.2055e-10 1.4603e-09 2.6563e-10 1.7600e-10 7.9676e-11
2.5000e+01 3.1290e-09 7.9546e-10 3.7387e-09 6.6824e-10 4.5062e-10 2.0169e-10
8.0000e+00 3.1452e-08 7.8206e-09 3.6513e-08 6.6302e-09 4.4014e-09 1.9832e-09
2.8000e+01 2.4925e-09 6.3712e-10 2.9804e-09 5.3401e-10 3.5922e-10 1.6105e-10
3.4000e+01 1.6914e-09 4.3754e-10 2.0212e-09 3.6479e-10 2.4361e-10 1.0973e-10
5.9000e+01 5.6509e-10 1.5726e-10 6.7151e-10 1.2736e-10 8.0898e-11 3.7536e-11
5.8000e+01 5.8447e-10 1.6204e-10 6.9483e-10 1.3139e-10 8.3712e-11 3.8778e-11
6.0000e+01 5.4677e-10 1.5270e-10 6.4935e-10 1.2350e-10 7.8225e-11 3.6353e-11
6.2000e+01 5.1245e-10 1.4418e-10 6.0821e-10 1.1630e-10 7.3261e-11 3.4150e-11
6.1000e+01 5.2937e-10 1.4839e-10 6.2828e-10 1.1985e-10 7.5682e-11 3.5232e-11
6.4000e+01 4.8154e-10 1.3651e-10 5.7087e-10 1.0981e-10 6.8756e-11 3.2157e-11
6.7000e+01 4.4054e-10 1.2633e-10 5.2102e-10 1.0124e-10 6.2739e-11 2.9505e-11
6.9000e+01 4.1574e-10 1.2018e-10 4.9135e-10 9.6038e-11 5.9156e-11 2.7911e-11
6.6000e+01 4.5373e-10 1.2958e-10 5.3689e-10 1.0396e-10 6.4654e-11 3.0351e-11
6.5000e+01 4.6713e-10 1.3291e-10 5.5349e-10 1.0677e-10 6.6657e-11 3.1226e-11
6.8000e+01 4.2778e-10 1.2314e-10 5.0586e-10 9.8543e-11 6.0908e-11 2.8686e-11
7.0000e+01 4.0404e-10 1.1729e-10 4.7746e-10 9.3609e-11 5.7479e-11 2.7165e-11
7.4000e+01 3.6272e-10 1.0705e-10 4.2743e-10 8.5007e-11 5.1437e-11 2.4495e-11
6.3000e+01 4.9661e-10 1.4024e-10 5.8910e-10 1.1297e-10 7.0955e-11 3.3129e-11
7.7000e+01 3.3588e-10 1.0044e-10 3.9494e-10 7.9437e-11 4.7510e-11 2.2760e-11
7.2000e+01 3.8247e-10 1.1195e-10 4.5140e-10 8.9094e-11 5.4332e-11 2.5771e-11
7.3000e+01 3.7251e-10 1.0949e-10 4.3917e-10 8.7034e-11 5.2855e-11 2.5124e-11
7.5000e+01 3.5347e-10 1.0476e-10 4.1617e-10 8.3062e-11 5.0075e-11 2.3893e-11
7.6000e+01 3.4452e-10 1.0256e-10 4.0534e-10 8.1219e-11 4.8767e-11 2.3316e-11
7.1000e+01 3.9287e-10 1.1452e-10 4.6416e-10 9.1266e-11 5.5872e-11 2.6448e-11
8.2000e+01 2.9730e-10 9.0934e-11 3.4851e-10 7.1457e-11 4.1897e-11 2.0272e-11
9.1000e+01 2.4365e-10 7.7781e-11 2.8346e-10 6.0454e-11 3.4027e-11 1.6792e-11
7.8000e+01 3.2744e-10 9.8353e-11 3.8493e-10 7.7681e-11 4.6300e-11 2.2220e-11
8.0000e+01 3.1168e-10 9.4476e-11 3.6603e-10 7.4425e-11 4.4016e-11 2.1206e-11
7.9000e+01 3.1933e-10 9.6358e-11 3.7530e-10 7.6009e-11 4.5136e-11 2.1701e-11
8.3000e+01 2.9038e-10 8.9234e-11 3.4022e-10 7.0042e-11 4.0894e-11 1.9827e-11
1.0200e+02 1.9648e-10 6.6386e-11 2.2619e-10 5.0970e-11 2.7092e-11 1.3727e-11
8.9000e+01 2.5405e-10 8.0323e-11 2.9622e-10 6.2570e-11 3.5572e-11 1.7472e-11
8.4000e+01 2.8382e-10 8.7615e-11 3.3222e-10 6.8669e-11 3.9927e-11 1.9399e-11
9.0000e+01 2.4877e-10 7.9021e-11 2.8973e-10 6.1482e-11 3.4786e-11 1.7125e-11
8.7000e+01 2.6542e-10 8.3107e-11 3.0987e-10 6.4916e-11 3.7224e-11 1.8207e-11
8.1000e+01 3.0445e-10 9.2689e-11 3.5711e-10 7.2926e-11 4.2937e-11 2.0732e-11
9.7000e+01 2.1600e-10 7.1070e-11 2.4980e-10 5.4859e-11 2.9952e-11 1.4993e-11
8.5000e+01 2.7757e-10 8.6080e-11 3.2451e-10 6.7378e-11 3.8994e-11 1.8989e-11
1.0100e+02 2.0015e-10 6.7263e-11 2.3063e-10 5.1706e-11 2.7630e-11 1.3965e-11
9.5000e+01 2.2458e-10 7.3144e-11 2.6031e-10 5.6585e-11 3.1225e-11 1.5553e-11
9.3000e+01 2.3375e-10 7.5390e-11 2.7151e-10 5.8464e-11 3.2581e-11 1.6154e-11
8.8000e+01 2.5956e-10 8.1682e-11 3.0293e-10 6.3720e-11 3.6384e-11 1.7832e-11
1.0600e+02 1.8299e-10 6.3176e-11 2.0965e-10 4.8311e-11 2.5089e-11 1.2843e-11
8.6000e+01 2.7148e-10 8.4582e-11 3.1706e-10 6.6137e-11 3.8094e-11 1.8593e-11
1.0500e+02 1.8621e-10 6.3939e-11 2.1361e-10 4.8938e-11 2.5568e-11 1.3054e-11
1.0900e+02 1.7378e-10 6.1012e-11 1.9843e-10 4.6522e-11 2.3729e-11 1.2243e-11
9.4000e+01 2.2908e-10 7.4239e-11 2.6582e-10 5.7509e-11 3.1892e-11 1.5848e-11
9.2000e+01 2.3868e-10 7.6578e-11 2.7739e-10 5.9449e-11 3.3292e-11 1.6469e-11
9.6000e+01 2.2020e-10 7.2086e-11 2.5498e-10 5.5703e-11 3.0579e-11 1.5268e-11
9.8000e+01 2.1192e-10 7.0084e-11 2.4479e-10 5.4045e-11 2.9345e-11 1.4726e-11
1.0000e+02 2.0395e-10 6.8176e-11 2.3521e-10 5.2466e-11 2.8185e-11 1.4212e-11
1.0300e+02 1.9289e-10 6.5536e-11 2.2187e-10 5.0268e-11 2.6569e-11 1.3495e-11
9.9000e+01 2.0790e-10 6.9119e-11 2.3993e-10 5.3245e-11 2.8756e-11 1.4465e-11
1.0700e+02 1.7986e-10 6.2437e-11 2.0581e-10 4.7697e-11 2.4623e-11 1.2638e-11
1.0800e+02 1.7679e-10 6.1711e-11 2.0207e-10 4.7104e-11 2.4170e-11 1.2438e-11
1.0400e+02 1.8950e-10 6.4720e-11 2.1768e-10 4.9587e-11 2.6061e-11 1.3271e-11
1.1200e+02 1.6545e-10 5.9046e-11 1.8810e-10 4.4897e-11 2.2477e-11 1.1691e-11
1.1100e+02 1.6812e-10 5.9679e-11 1.9145e-10 4.5421e-11 2.2883e-11 1.1869e-11
1.1000e+02 1.7092e-10 6.0331e-11 1.9489e-10 4.5959e-11 2.3300e-11 1.2053e-11
1.1300e+02 1.6283e-10 5.8440e-11 1.8484e-10 4.4395e-11 2.2082e-11 1.1517e-11
1.1400e+02 1.6029e-10 5.7852e-11 1.8166e-10 4.3910e-11 2.1697e-11 1.1348e-11
1.1600e+02 1.5535e-10 5.6722e-11 1.7555e-10 4.2985e-11 2.0957e-11 1.1023e-11
1.1500e+02 1.5783e-10 5.7280e-11 1.7857e-10 4.3441e-11 2.1322e-11 1.1184e-11
1.1800e+02 1.5061e-10 5.5648e-11 1.6975e-10 4.2099e-11 2.0254e-11 1.0712e-11
1.2100e+02 1.4398e-10 5.4159e-11 1.6159e-10 4.0871e-11 1.9264e-11 1.0275e-11
1.2300e+02 1.3989e-10 5.3247e-11 1.5647e-10 4.0117e-11 1.8644e-11 1.0002e-11
1.1900e+02 1.4832e-10 5.5132e-11 1.6696e-10 4.1680e-11 1.9916e-11 1.0563e-11
1.2000e+02 1.4612e-10 5.4634e-11 1.6424e-10 4.1267e-11 1.9586e-11 1.0417e-11
1.2400e+02 1.3791e-10 5.2814e-11 1.5400e-10 3.9766e-11 1.8346e-11 9.8710e-12
1.2500e+02 1.3599e-10 5.2398e-11 1.5160e-10 3.9420e-11 1.8054e-11 9.7430e-12
1.1700e+02 1.5296e-10 5.6176e-11 1.7262e-10 4.2539e-11 2.0601e-11 1.0866e-11
1.2700e+02 1.3228e-10 5.1595e-11 1.4696e-10 3.8765e-11 1.7492e-11 9.4957e-12
1.3300e+02 1.2210e-10 4.9468e-11 1.3426e-10 3.7024e-11 1.5954e-11 8.8184e-12
1.2600e+02 1.3411e-10 5.1989e-11 1.4925e-10 3.9091e-11 1.7770e-11 9.6180e-12
1.4000e+02 1.1206e-10 4.7494e-11 1.2147e-10 3.5410e-11 1.4405e-11 8.1384e-12
1.4400e+02 1.0694e-10 4.6569e-11 1.1499e-10 3.4657e-11 1.3620e-11 7.7931e-12
1.2800e+02 1.3047e-10 5.1211e-11 1.4472e-10 3.8454e-11 1.7220e-11 9.3763e-12
1.3500e+02 1.1906e-10 4.8854e-11 1.3040e-10 3.6519e-11 1.5487e-11 8.6129e-12
1.5400e+02 9.6017e-11 4.4840e-11 1.0096e-10 3.3242e-11 1.1919e-11 7.0460e-12
1.2200e+02 1.4188e-10 5.3690e-11 1.5900e-10 4.0490e-11 1.8951e-11 1.0137e-11
1.4600e+02 1.0453e-10 4.6158e-11 1.1195e-10 3.4322e-11 1.3251e-11 7.6311e-12
1.2900e+02 1.2871e-10 5.0839e-11 1.4253e-10 3.8150e-11 1.6955e-11 9.2594e-12
1.3100e+02 1.2531e-10 5.0129e-11 1.3830e-10 3.7567e-11 1.6443e-11 9.0336e-12
1.3200e+02 1.2369e-10 4.9792e-11 1.3626e-10 3.7292e-11 1.6196e-11 8.9248e-12
1.5200e+02 9.8000e-11 4.5125e-11 1.0354e-10 3.3472e-11 1.2232e-11 7.1834e-12
1.3000e+02 1.2698e-10 5.0476e-11 1.4039e-10 3.7853e-11 1.6696e-11 9.1451e-12
1.5500e+02 9.5051e-11 4.4713e-11 9.9704e-11 3.3132e-11 1.1767e-11 6.9792e-12
1.3400e+02 1.2055e-10 4.9153e-11 1.3231e-10 3.6770e-11 1.5718e-11 8.7146e-12
1.3700e+02 1.1615e-10 4.8280e-11 1.2671e-10 3.6053e-11 1.5040e-11 8.4169e-12
1.4800e+02 1.0225e-10 4.5782e-11 1.0903e-10 3.4011e-11 1.2898e-11 7.4756e-12
1.3600e+02 1.1759e-10 4.8562e-11 1.2854e-10 3.6280e-11 1.5261e-11 8.5137e-12
1.3900e+02 1.1340e-10 4.7746e-11 1.2318e-10 3.5615e-11 1.4612e-11 8.2290e-12
1.3800e+02 1.1476e-10 4.8010e-11 1.2493e-10 3.5829e-11 1.4823e-11 8.3218e-12
1.4200e+02 1.0944e-10 4.7016e-11 1.1816e-10 3.5020e-11 1.4004e-11 7.9621e-12
1.4900e+02 1.0114e-10 4.5606e-11 1.0762e-10 3.3867e-11 1.2726e-11 7.4003e-12
1.4100e+02 1.1074e-10 4.7251e-11 1.1980e-10 3.5214e-11 1.4202e-11 8.0493e-12
1.4500e+02 1.0573e-10 4.6361e-11 1.1345e-10 3.4484e-11 1.3433e-11 7.7112e-12
1.5100e+02 9.9029e-11 4.5276e-11 1.0487e-10 3.3596e-11 1.2394e-11 7.2542e-12
1.4300e+02 1.0819e-10 4.6784e-11 1.1656e-10 3.4836e-11 1.3810e-11 7.8768e-12
1.6300e+02 8.7957e-11 4.3919e-11 9.0506e-11 3.2483e-11 1.0651e-11 6.4887e-12
1.4700e+02 1.0338e-10 4.5963e-11 1.1047e-10 3.4163e-11 1.3073e-11 7.5526e-12
1.5300e+02 9.6987e-11 4.4980e-11 1.0224e-10 3.3354e-11 1.2074e-11 7.1140e-12
1.5000e+02 1.0008e-10 4.5435e-11 1.0623e-10 3.3729e-11 1.2558e-11 7.3265e-12
1.5600e+02 9.4103e-11 4.4589e-11 9.8474e-11 3.3034e-11 1.1618e-11 6.9138e-12
1.6000e+02 9.0496e-11 4.4166e-11 9.3790e-11 3.2686e-11 1.1050e-11 6.6641e-12
1.5700e+02 9.3172e-11 4.4472e-11 9.7269e-11 3.2939e-11 1.1472e-11 6.8496e-12
1.5900e+02 9.1382e-11 4.4259e-11 9.4927e-11 3.2765e-11 1.1188e-11 6.7248e-12
1.6400e+02 8.7147e-11 4.3851e-11 8.9452e-11 3.2424e-11 1.0523e-11 6.4324e-12
1.5800e+02 9.2264e-11 4.4364e-11 9.6087e-11 3.2848e-11 1.1328e-11 6.7865e-12
1.6100e+02 8.9629e-11 4.4077e-11 9.2674e-11 3.2613e-11 1.0914e-11 6.6045e-12
1.6600e+02 8.5583e-11 4.3733e-11 8.7403e-11 3.2325e-11 1.0274e-11 6.3228e-12
1.6200e+02 8.8782e-11 4.3996e-11 9.1579e-11 3.2545e-11 1.0782e-11 6.5461e-12
1.6500e+02 8.6359e-11 4.3788e-11 8.8418e-11 3.2373e-11 1.0397e-11 6.3771e-12
1.6700e+02 8.4813e-11 4.3687e-11 8.6407e-11 3.2284e-11 1.0153e-11 6.2695e-12
1.6900e+02 8.3344e-11 4.3605e-11 8.4469e-11 3.2216e-11 9.9175e-12 6.1657e-12
1.6800e+02 8.4071e-11 4.3642e-11 8.5429e-11 3.2249e-11 1.0034e-11 6.2172e-12
1.7000e+02 8.2626e-11 4.3577e-11 8.3527e-11 3.2189e-11 9.8028e-12 6.1152e-12
1.7100e+02 8.1930e-11 4.3551e-11 8.2602e-11 3.2168e-11 9.6902e-12 6.0656e-12
1.7400e+02 7.9911e-11 4.3517e-11 7.9926e-11 3.2133e-11 9.3642e-12 5.9219e-12
1.7300e+02 8.0566e-11 4.3524e-11 8.0802e-11 3.2139e-11 9.4709e-12 5.9689e-12
1.7600e+02 7.8624e-11 4.3523e-11 7.8220e-11 3.2133e-11 9.1562e-12 5.8300e-12
1.7200e+02 8.1241e-11 4.3534e-11 8.1694e-11 3.2151e-11 9.5796e-12 6.0168e-12
1.7500e+02 7.9265e-11 4.3515e-11 7.9065e-11 3.2131e-11 9.2593e-12 5.8756e-12
1.8400e+02 7.3876e-11 4.3800e-11 7.1975e-11 3.2329e-11 8.3927e-12 5.4917e-12
1.7800e+02 7.7373e-11 4.3556e-11 7.6575e-11 3.2155e-11 8.9554e-12 5.7412e-12
1.7700e+02 7.7991e-11 4.3537e-11 7.7390e-11 3.2141e-11 9.0549e-12 5.7852e-12
1.8500e+02 7.3331e-11 4.3860e-11 7.1254e-11 3.2377e-11 8.3043e-12 5.4524e-12
1.7900e+02 7.6772e-11 4.3579e-11 7.5774e-11 3.2172e-11 8.8576e-12 5.6979e-12
1.9600e+02 6.7868e-11 4.4955e-11 6.4089e-11 3.3205e-11 7.4227e-12 5.0583e-12
1.8000e+02 7.6179e-11 4.3612e-11 7.4987e-11 3.2192e-11 8.7614e-12 5.6553e-12
1.8200e+02 7.5009e-11 4.3692e-11 7.3455e-11 3.2251e-11 8.5739e-12 5.5722e-12
1.8300e+02 7.4439e-11 4.3739e-11 7.2708e-11 3.2290e-11 8.4825e-12 5.5316e-12
1.9400e+02 6.8789e-11 4.4702e-11 6.5294e-11 3.3009e-11 7.5715e-12 5.1252e-12
1.9900e+02 6.6543e-11 4.5385e-11 6.2355e-11 3.3535e-11 7.2082e-12 4.9616e-12
1.8700e+02 7.2260e-11 4.4003e-11 6.9849e-11 3.2484e-11 8.1320e-12 5.3757e-12
1.8900e+02 7.1225e-11 4.4171e-11 6.8492e-11 3.2610e-11 7.9653e-12 5.3013e-12
1.8600e+02 7.2795e-11 4.3927e-11 7.0545e-11 3.2429e-11 8.2175e-12 5.4138e-12
1.8800e+02 7.1740e-11 4.4084e-11 6.9165e-11 3.2544e-11 8.0480e-12 5.3382e-12
1.8100e+02 7.5589e-11 4.3647e-11 7.4214e-11 3.2220e-11 8.6669e-12 5.6134e-12
1.9300e+02 6.9262e-11 4.4581e-11 6.5912e-11 3.2922e-11 7.6478e-12 5.1594e-12
1.9000e+02 7.0717e-11 4.4266e-11 6.7830e-11 3.2680e-11 7.8839e-12 5.2650e-12
1.9100e+02 7.0220e-11 4.4366e-11 6.7180e-11 3.2757e-11 7.8039e-12 5.2293e-12
2.0900e+02 6.2539e-11 4.7253e-11 5.7155e-11 3.4956e-11 6.5613e-12 4.6669e-12
1.9200e+02 6.9739e-11 4.4468e-11 6.6541e-11 3.2839e-11 7.7252e-12 5.1941e-12
1.9700e+02 6.7418e-11 4.5091e-11 6.3501e-11 3.3312e-11 7.3501e-12 5.0256e-12
2.0100e+02 6.5696e-11 4.5707e-11 6.1246e-11 3.3777e-11 7.0707e-12 4.8994e-12
2.0400e+02 6.4470e-11 4.6231e-11 5.9649e-11 3.4181e-11 6.8723e-12 4.8092e-12
1.9500e+02 6.8325e-11 4.4824e-11 6.4687e-11 3.3106e-11 7.4965e-12 5.0915e-12
1.9800e+02 6.6976e-11 4.5237e-11 6.2923e-11 3.3419e-11 7.2786e-12 4.9933e-12
2.0000e+02 6.6117e-11 4.5544e-11 6.1796e-11 3.3654e-11 7.1389e-12 4.9303e-12
2.0700e+02 6.3295e-11 4.6823e-11 5.8128e-11 3.4632e-11 6.6829e-12 4.7227e-12
2.0200e+02 6.5282e-11 4.5876e-11 6.0705e-11 3.3907e-11 7.0035e-12 4.8689e-12
2.0600e+02 6.3680e-11 4.6621e-11 5.8627e-11 3.4476e-11 6.7451e-12 4.7512e-12
2.0500e+02 6.4071e-11 4.6424e-11 5.9134e-11 3.4325e-11 6.8082e-12 4.7800e-12
2.0800e+02 6.2916e-11 4.7035e-11 5.7638e-11 3.4791e-11 6.6217e-12 4.6947e-12
2.0300e+02 6.4874e-11 4.6052e-11 6.0172e-11 3.4040e-11 6.9374e-12 4.8389e-12
2.1400e+02 6.0728e-11 4.8453e-11 5.4853e-11 3.5869e-11 6.2730e-12 4.5337e-12
2.1100e+02 6.1802e-11 4.7710e-11 5.6212e-11 3.5304e-11 6.4434e-12 4.6126e-12
2.2000e+02 5.8702e-11 5.0153e-11 5.2320e-11 3.7150e-11 5.9540e-12 4.3844e-12
2.1000e+02 6.2168e-11 4.7480e-11 5.6680e-11 3.5126e-11 6.5019e-12 4.6396e-12
2.1300e+02 6.1080e-11 4.8197e-11 5.5299e-11 3.5675e-11 6.3289e-12 4.5596e-12
2.1200e+02 6.1438e-11 4.7949e-11 5.5752e-11 3.5487e-11 6.3857e-12 4.5859e-12
2.1500e+02 6.0379e-11 4.8717e-11 5.4414e-11 3.6067e-11 6.2178e-12 4.5080e-12
2.1800e+02 5.9361e-11 4.9555e-11 5.3138e-11 3.6699e-11 6.0572e-12 4.4329e-12
2.1600e+02 6.0036e-11 4.8989e-11 5.3982e-11 3.6272e-11 6.1635e-12 4.4827e-12
2.1700e+02 5.9697e-11 4.9267e-11 5.3557e-11 3.6483e-11 6.1100e-12 4.4577e-12
2.1900e+02 5.9030e-11 4.9850e-11 5.2726e-11 3.6922e-11 6.0052e-12 4.4085e-12
2.2100e+02 5.8377e-11 5.0464e-11 5.1920e-11 3.7384e-11 5.9035e-12 4.3605e-12
2.2200e+02 5.8057e-11 5.0781e-11 5.1527e-11 3.7625e-11 5.8537e-12 4.3369e-12
2.2400e+02 5.7429e-11 5.1448e-11 5.0757e-11 3.8121e-11 5.7562e-12 4.2906e-12
2.2300e+02 5.7740e-11 5.1110e-11 5.1139e-11 3.7871e-11 5.8046e-12 4.3136e-12
2.2500e+02 5.7123e-11 5.1790e-11 5.0381e-11 3.8381e-11 5.7085e-12 4.2678e-12
2.2600e+02 5.6820e-11 5.2144e-11 5.0011e-11 3.8646e-11 5.6615e-12 4.2453e-12
2.2800e+02 5.6220e-11 5.2884e-11 4.9287e-11 3.9190e-11 5.5695e-12 4.2010e-12
2.2700e+02 5.6518e-11 5.2511e-11 4.9646e-11 3.8914e-11 5.6152e-12 4.2230e-12
2.3000e+02 5.5631e-11 5.3653e-11 4.8584e-11 3.9764e-11 5.4800e-12 4.1576e-12
2.2900e+02 5.5924e-11 5.3265e-11 4.8933e-11 3.9474e-11 5.5244e-12 4.1792e-12
2.3200e+02 5.5056e-11 5.4456e-11 4.7902e-11 4.0365e-11 5.3929e-12 4.1152e-12
2.3300e+02 5.4774e-11 5.4877e-11 4.7569e-11 4.0670e-11 5.3503e-12 4.0942e-12
2.4200e+02 5.2353e-11 5.9088e-11 4.4774e-11 4.3743e-11 4.9919e-12 3.9152e-12
2.3100e+02 5.5342e-11 5.4049e-11 4.8241e-11 4.0061e-11 5.4361e-12 4.1363e-12
2.3400e+02 5.4496e-11 5.5307e-11 4.7240e-11 4.0983e-11 5.3083e-12 4.0736e-12
2.3800e+02 5.3406e-11 5.7114e-11 4.5972e-11 4.2310e-11 5.1458e-12 3.9929e-12
2.3500e+02 5.4221e-11 5.5740e-11 4.6916e-11 4.1306e-11 5.2668e-12 4.0531e-12
2.4000e+02 5.2875e-11 5.8082e-11 4.5364e-11 4.3015e-11 5.0678e-12 3.9537e-12
2.3600e+02 5.3947e-11 5.6188e-11 4.6597e-11 4.1635e-11 5.2259e-12 4.0328e-12
2.4300e+02 5.2096e-11 5.9606e-11 4.4484e-11 4.4117e-11 4.9547e-12 3.8962e-12
2.4100e+02 5.2613e-11 5.8581e-11 4.5067e-11 4.3376e-11 5.0296e-12 3.9343e-12
2.3700e+02 5.3675e-11 5.6646e-11 4.6282e-11 4.1968e-11 5.1856e-12 4.0127e-12
2.3900e+02 5.3139e-11 5.7592e-11 4.5666e-11 4.2660e-11 5.1065e-12 3.9732e-12
2.5200e+02 4.9872e-11 6.4799e-11 4.2052e-11 4.7797e-11 4.6411e-12 3.7328e-12
2.4500e+02 5.1591e-11 6.0678e-11 4.3918e-11 4.4886e-11 4.8818e-12 3.8588e-12
2.4900e+02 5.0600e-11 6.2960e-11 4.2831e-11 4.6507e-11 4.7416e-12 3.7858e-12
2.4600e+02 5.1340e-11 6.1229e-11 4.3641e-11 4.5283e-11 4.8460e-12 3.8403e-12
2.5600e+02 4.8921e-11 6.7415e-11 4.1061e-11 4.9609e-11 4.5131e-12 3.6639e-12
2.5000e+02 5.0356e-11 6.3559e-11 4.2568e-11 4.6932e-11 4.7076e-12 3.7680e-12
2.4800e+02 5.0845e-11 6.2374e-11 4.3097e-11 4.6091e-11 4.7759e-12 3.8038e-12
2.5100e+02 5.0114e-11 6.4175e-11 4.2308e-11 4.7361e-11 4.6742e-12 3.7503e-12
2.4400e+02 5.1843e-11 6.0138e-11 4.4199e-11 4.4497e-11 4.9180e-12 3.8774e-12
2.5500e+02 4.9156e-11 6.6740e-11 4.1304e-11 4.9146e-11 4.5445e-12 3.6809e-12
2.5400e+02 4.9393e-11 6.6081e-11 4.1550e-11 4.8690e-11 4.5763e-12 3.6981e-12
2.4700e+02 5.1091e-11 6.1796e-11 4.3367e-11 4.5684e-11 4.8107e-12 3.8220e-12
2.5300e+02 4.9632e-11 6.5434e-11 4.1800e-11 4.8242e-11 4.6085e-12 3.7153e-12
2.5900e+02 4.8225e-11 6.9505e-11 4.0349e-11 5.1035e-11 4.4213e-12 3.6136e-12
2.6800e+02 4.6201e-11 7.6458e-11 3.8364e-11 5.5625e-11 4.1656e-12 3.4690e-12
2.5700e+02 4.8688e-11 6.8098e-11 4.0821e-11 5.0078e-11 4.4821e-12 3.6470e-12
2.5800e+02 4.8456e-11 6.8793e-11 4.0584e-11 5.0555e-11 4.4515e-12 3.6302e-12
2.6100e+02 4.7768e-11 7.0960e-11 3.9890e-11 5.2017e-11 4.3620e-12 3.5807e-12
2.6200e+02 4.7541e-11 7.1709e-11 3.9664e-11 5.2516e-11 4.3329e-12 3.5644e-12
2.6000e+02 4.7997e-11 7.0227e-11 4.0118e-11 5.1521e-11 4.3915e-12 3.5971e-12
2.6600e+02 4.6644e-11 7.4826e-11 3.8787e-11 5.4571e-11 4.2200e-12 3.5004e-12
2.6300e+02 4.7315e-11 7.2470e-11 3.9441e-11 5.3022e-11 4.3041e-12 3.5483e-12
2.6400e+02 4.7090e-11 7.3245e-11 3.9220e-11 5.3534e-11 4.2758e-12 3.5322e-12
2.6500e+02 4.6867e-11 7.4030e-11 3.9003e-11 5.4050e-11 4.2477e-12 3.5163e-12
2.6700e+02 4.6422e-11 7.5636e-11 3.8574e-11 5.5096e-11 4.1927e-12 3.4847e-12
2.7500e+02 4.4690e-11 8.2511e-11 3.6953e-11 5.9435e-11 3.9853e-12 3.3621e-12
2.6900e+02 4.5982e-11 7.7288e-11 3.8156e-11 5.6159e-11 4.1389e-12 3.4535e-12
2.7000e+02 4.5764e-11 7.8130e-11 3.7950e-11 5.6699e-11 4.1126e-12 3.4380e-12
2.7200e+02 4.5331e-11 7.9851e-11 3.7545e-11 5.7784e-11 4.0608e-12 3.4074e-12
2.7100e+02 4.5547e-11 7.8985e-11 3.7746e-11 5.7239e-11 4.0865e-12 3.4226e-12
2.7300e+02 4.5117e-11 8.0729e-11 3.7346e-11 5.8333e-11 4.0353e-12 3.3922e-12
2.7600e+02 4.4478e-11 8.3419e-11 3.6760e-11 5.9991e-11 3.9608e-12 3.3472e-12
2.7400e+02 4.4903e-11 8.1615e-11 3.7148e-11 5.8883e-11 4.0102e-12 3.3771e-12
2.7700e+02 4.4267e-11 8.4341e-11 3.6569e-11 6.0546e-11 3.9365e-12 3.3323e-12
2.7900e+02 4.3846e-11 8.6207e-11 3.6193e-11 6.1664e-11 3.8889e-12 3.3029e-12
2.8000e+02 4.3636e-11 8.7155e-11 3.6007e-11 6.2222e-11 3.8654e-12 3.2883e-12
2.7800e+02 4.4056e-11 8.5271e-11 3.6380e-11 6.1103e-11 3.9126e-12 3.3176e-12
2.8100e+02 4.3427e-11 8.8112e-11 3.5823e-11 6.2776e-11 3.8423e-12 3.2737e-12
2.8200e+02 4.3219e-11 8.9069e-11 3.5641e-11 6.3334e-11 3.8194e-12 3.2593e-12
2.8500e+02 4.2601e-11 9.1974e-11 3.5106e-11 6.4986e-11 3.7523e-12 3.2163e-12
2.8600e+02 4.2397e-11 9.2957e-11 3.4930e-11 6.5530e-11 3.7304e-12 3.2021e-12
2.8300e+02 4.3012e-11 9.0032e-11 3.5461e-11 6.3888e-11 3.7968e-12 3.2449e-12
2.8400e+02 4.2807e-11 9.0999e-11 3.5283e-11 6.4439e-11 3.7744e-12 3.2306e-12
2.8700e+02 4.2192e-11 9.3947e-11 3.4756e-11 6.6071e-11 3.7088e-12 3.1880e-12
2.8800e+02 4.1989e-11 9.4939e-11 3.4584e-11 6.6607e-11 3.6874e-12 3.1740e-12
2.8900e+02 4.1788e-11 9.5926e-11 3.4413e-11 6.7139e-11 3.6663e-12 3.1600e-12
2.9000e+02 4.1586e-11 9.6912e-11 3.4244e-11 6.7666e-11 3.6454e-12 3.1461e-12
2.9400e+02 4.0783e-11 1.0085e-10 3.3579e-11 6.9698e-11 3.5640e-12 3.0910e-12
2.9500e+02 4.0584e-11 1.0183e-10 3.3417e-11 7.0182e-11 3.5442e-12 3.0774e-12
2.9200e+02 4.1183e-11 9.8889e-11 3.3909e-11 6.8696e-11 3.6042e-12 3.1184e-12
2.9300e+02 4.0983e-11 9.9872e-11 3.3743e-11 6.9201e-11 3.5840e-12 3.1047e-12
2.9700e+02 4.0188e-11 1.0377e-10 3.3095e-11 7.1119e-11 3.5053e-12 3.0503e-12
2.9600e+02 4.0385e-11 1.0280e-10 3.3255e-11 7.0657e-11 3.5247e-12 3.0638e-12
2.9900e+02 3.9794e-11 1.0568e-10 3.2778e-11 7.2007e-11 3.4672e-12 3.0234e-12
2.9100e+02 4.1385e-11 9.7901e-11 3.4075e-11 6.8184e-11 3.6247e-12 3.1322e-12
2.9800e+02 3.9990e-11 1.0473e-10 3.2936e-11 7.1570e-11 3.4862e-12 3.0368e-12
3.0100e+02 3.9402e-11 1.0752e-10 3.2465e-11 7.2839e-11 3.4299e-12 2.9968e-12
3.0400e+02 3.8816e-11 1.1019e-10 3.2005e-11 7.3976e-11 3.3754e-12 2.9572e-12
3.0200e+02 3.9206e-11 1.0843e-10 3.2311e-11 7.3232e-11 3.4115e-12 2.9835e-12
3.0000e+02 3.9597e-11 1.0661e-10 3.2621e-11 7.2430e-11 3.4484e-12 3.0101e-12
3.0300e+02 3.9011e-11 1.0932e-10 3.2157e-11 7.3613e-11 3.3934e-12 2.9703e-12
3.0800e+02 3.8044e-11 1.1346e-10 3.1404e-11 7.5262e-11 3.3053e-12 2.9051e-12
3.1400e+02 3.6896e-11 1.1755e-10 3.0531e-11 7.6584e-11 3.2054e-12 2.8284e-12
3.0500e+02 3.8623e-11 1.1104e-10 3.1853e-11 7.4326e-11 3.3576e-12 2.9441e-12
3.0900e+02 3.7852e-11 1.1422e-10 3.1257e-11 7.5533e-11 3.2882e-12 2.8922e-12
3.1200e+02 3.7276e-11 1.1631e-10 3.0819e-11 7.6230e-11 3.2380e-12 2.8538e-12
3.1300e+02 3.7086e-11 1.1695e-10 3.0675e-11 7.6418e-11 3.2216e-12 2.8411e-12
3.0700e+02 3.8237e-11 1.1268e-10 3.1553e-11 7.4970e-11 3.3226e-12 2.9180e-12
3.2000e+02 3.5761e-11 1.2041e-10 2.9688e-11 7.7106e-11 3.1111e-12 2.7534e-12
3.1000e+02 3.7660e-11 1.1495e-10 3.1110e-11 7.5786e-11 3.2713e-12 2.8793e-12
3.1600e+02 3.6516e-11 1.1866e-10 3.0247e-11 7.6852e-11 3.1733e-12 2.8032e-12
3.1100e+02 3.7468e-11 1.1565e-10 3.0964e-11 7.6019e-11 3.2546e-12 2.8665e-12
3.1500e+02 3.6706e-11 1.1812e-10 3.0389e-11 7.6730e-11 3.1893e-12 2.8158e-12
3.0600e+02 3.8430e-11 1.1187e-10 3.1703e-11 7.4658e-11 3.3400e-12 2.9310e-12
3.1700e+02 3.6326e-11 1.1916e-10 3.0106e-11 7.6950e-11 3.1576e-12 2.7907e-12
3.1900e+02 3.5949e-11 1.2004e-10 2.9827e-11 7.7076e-11 3.1265e-12 2.7658e-12
3.2100e+02 3.5573e-11 1.2074e-10 2.9550e-11 7.7111e-11 3.0959e-12 2.7411e-12
3.2200e+02 3.5386e-11 1.2103e-10 2.9413e-11 7.7091e-11 3.0809e-12 2.7288e-12
3.2300e+02 3.5199e-11 1.2127e-10 2.9277e-11 7.7052e-11 3.0660e-12 2.7165e-12
3.2500e+02 3.4826e-11 1.2164e-10 2.9006e-11 7.6901e-11 3.0366e-12 2.6922e-12
3.1800e+02 3.6138e-11 1.1962e-10 2.9966e-11 7.7025e-11 3.1419e-12 2.7782e-12
3.2400e+02 3.5012e-11 1.2148e-10 2.9141e-11 7.6990e-11 3.0512e-12 2.7044e-12
3.2600e+02 3.4641e-11 1.2175e-10 2.8872e-11 7.6788e-11 3.0221e-12 2.6801e-12
3.2700e+02 3.4456e-11 1.2182e-10 2.8738e-11 7.6650e-11 3.0078e-12 2.6681e-12
3.2800e+02 3.4271e-11 1.2184e-10 2.8605e-11 7.6490e-11 2.9935e-12 2.6561e-12
3.2900e+02 3.4087e-11 1.2181e-10 2.8473e-11 7.6309e-11 2.9794e-12 2.6441e-12
3.3100e+02 3.3720e-11 1.2161e-10 2.8211e-11 7.5876e-11 2.9516e-12 2.6204e-12
3.3000e+02 3.3903e-11 1.2173e-10 2.8342e-11 7.6104e-11 2.9655e-12 2.6322e-12
3.3200e+02 3.3537e-11 1.2144e-10 2.8081e-11 7.5628e-11 2.9379e-12 2.6086e-12
3.3300e+02 3.3355e-11 1.2124e-10 2.7951e-11 7.5358e-11 2.9243e-12 2.5968e-12
3.3400e+02 3.3173e-11 1.2099e-10 2.7822e-11 7.5069e-11 2.9108e-12 2.5851e-12
3.3500e+02 3.2992e-11 1.2069e-10 2.7694e-11 7.4763e-11 2.8974e-12 2.5734e-12
3.3600e+02 3.2811e-11 1.2036e-10 2.7566e-11 7.4435e-11 2.8842e-12 2.5618e-12
3.3700e+02 3.2630e-11 1.1999e-10 2.7439e-11 7.4090e-11 2.8710e-12 2.5503e-12
3.3800e+02 3.2450e-11 1.1957e-10 2.7313e-11 7.3728e-11 2.8580e-12 2.5388e-12
3.3900e+02 3.2271e-11 1.1912e-10 2.7187e-11 7.3347e-11 2.8451e-12 2.5273e-12
3.4200e+02 3.1736e-11 1.1753e-10 2.6814e-11 7.2110e-11 2.8070e-12 2.4933e-12
3.4000e+02 3.2092e-11 1.1863e-10 2.7063e-11 7.2950e-11 2.8323e-12 2.5159e-12
3.4100e+02 3.1914e-11 1.1809e-10 2.6938e-11 7.2537e-11 2.8196e-12 2.5046e-12
3.4400e+02 3.1381e-11 1.1630e-10 2.6569e-11 7.1215e-11 2.7821e-12 2.4708e-12
3.4600e+02 3.1030e-11 1.1495e-10 2.6326e-11 7.0269e-11 2.7576e-12 2.4485e-12
3.4300e+02 3.1558e-11 1.1693e-10 2.6691e-11 7.1669e-11 2.7945e-12 2.4820e-12
3.4500e+02 3.1205e-11 1.1564e-10 2.6447e-11 7.0749e-11 2.7698e-12 2.4596e-12
3.4800e+02 3.0680e-11 1.1350e-10 2.6086e-11 6.9275e-11 2.7335e-12 2.4265e-12
3.4900e+02 3.0506e-11 1.1273e-10 2.5967e-11 6.8760e-11 2.7216e-12 2.4155e-12
3.5100e+02 3.0160e-11 1.1112e-10 2.5731e-11 6.7706e-11 2.6981e-12 2.3938e-12
3.4700e+02 3.0854e-11 1.1424e-10 2.6206e-11 6.9777e-11 2.7455e-12 2.4375e-12
3.5000e+02 3.0333e-11 1.1193e-10 2.5848e-11 6.8237e-11 2.7098e-12 2.4046e-12
3.5200e+02 2.9988e-11 1.1028e-10 2.5613e-11 6.7165e-11 2.6865e-12 2.3830e-12
3.5300e+02 2.9816e-11 1.0942e-10 2.5497e-11 6.6618e-11 2.6749e-12 2.3722e-12
3.5500e+02 2.9476e-11 1.0767e-10 2.5266e-11 6.5507e-11 2.6521e-12 2.3509e-12
3.5600e+02 2.9306e-11 1.0677e-10 2.5152e-11 6.4942e-11 2.6408e-12 2.3403e-12
3.5400e+02 2.9646e-11 1.0855e-10 2.5381e-11 6.6065e-11 2.6635e-12 2.3615e-12
3.5700e+02 2.9137e-11 1.0586e-10 2.5038e-11 6.4373e-11 2.6297e-12 2.3298e-12
3.6200e+02 2.8301e-11 1.0118e-10 2.4480e-11 6.1497e-11 2.5749e-12 2.2778e-12
3.6100e+02 2.8467e-11 1.0213e-10 2.4590e-11 6.2075e-11 2.5857e-12 2.2881e-12
3.6000e+02 2.8634e-11 1.0307e-10 2.4701e-11 6.2652e-11 2.5966e-12 2.2984e-12
3.6300e+02 2.8136e-11 1.0023e-10 2.4370e-11 6.0917e-11 2.5642e-12 2.2676e-12
3.5800e+02 2.8969e-11 1.0494e-10 2.4925e-11 6.3802e-11 2.6186e-12 2.3193e-12
3.6400e+02 2.7971e-11 9.9271e-11 2.4261e-11 6.0337e-11 2.5536e-12 2.2574e-12
3.5900e+02 2.8801e-11 1.0401e-10 2.4812e-11 6.3228e-11 2.6075e-12 2.3088e-12
3.6500e+02 2.7807e-11 9.8312e-11 2.4153e-11 5.9757e-11 2.5431e-12 2.2472e-12
3.7100e+02 2.6839e-11 9.2584e-11 2.3519e-11 5.6307e-11 2.4813e-12 2.1874e-12
3.7300e+02 2.6522e-11 9.0701e-11 2.3314e-11 5.5182e-11 2.4613e-12 2.1679e-12
3.6800e+02 2.7321e-11 9.5440e-11 2.3833e-11 5.8022e-11 2.5118e-12 2.2171e-12
3.6700e+02 2.7482e-11 9.6395e-11 2.3939e-11 5.8599e-11 2.5222e-12 2.2271e-12
3.6900e+02 2.7159e-11 9.4487e-11 2.3728e-11 5.7448e-11 2.5016e-12 2.2072e-12
3.6600e+02 2.7644e-11 9.7351e-11 2.4046e-11 5.9178e-11 2.5326e-12 2.2371e-12
3.7400e+02 2.6365e-11 8.9767e-11 2.3212e-11 5.4624e-11 2.4513e-12 2.1582e-12
3.7200e+02 2.6681e-11 9.1640e-11 2.3416e-11 5.5743e-11 2.4712e-12 2.1776e-12
3.7700e+02 2.5898e-11 8.7003e-11 2.2912e-11 5.2974e-11 2.4220e-12 2.1294e-12
3.7900e+02 2.5590e-11 8.5203e-11 2.2715e-11 5.1894e-11 2.4028e-12 2.1105e-12
3.7000e+02 2.6999e-11 9.3534e-11 2.3623e-11 5.6876e-11 2.4914e-12 2.1973e-12
3.7600e+02 2.6053e-11 8.7916e-11 2.3011e-11 5.3520e-11 2.4317e-12 2.1390e-12
3.7500e+02 2.6208e-11 8.8837e-11 2.3111e-11 5.4070e-11 2.4415e-12 2.1486e-12
3.8100e+02 2.5285e-11 8.3440e-11 2.2522e-11 5.0835e-11 2.3838e-12 2.0917e-12
3.8000e+02 2.5437e-11 8.4317e-11 2.2618e-11 5.1362e-11 2.3933e-12 2.1011e-12
3.7800e+02 2.5744e-11 8.6098e-11 2.2813e-11 5.2431e-11 2.4124e-12 2.1199e-12
3.8200e+02 2.5134e-11 8.2575e-11 2.2426e-11 5.0313e-11 2.3744e-12 2.0824e-12
3.8300e+02 2.4983e-11 8.1716e-11 2.2331e-11 4.9796e-11 2.3651e-12 2.0732e-12
3.8500e+02 2.4685e-11 8.0025e-11 2.2144e-11 4.8781e-11 2.3466e-12 2.0548e-12
3.8400e+02 2.4834e-11 8.0866e-11 2.2237e-11 4.9286e-11 2.3558e-12 2.0640e-12
3.8800e+02 2.4244e-11 7.7562e-11 2.1868e-11 4.7306e-11 2.3192e-12 2.0277e-12
3.8600e+02 2.4538e-11 7.9194e-11 2.2051e-11 4.8283e-11 2.3374e-12 2.0457e-12
3.8700e+02 2.4391e-11 7.8373e-11 2.1959e-11 4.7791e-11 2.3283e-12 2.0367e-12
3.9000e+02 2.3954e-11 7.5982e-11 2.1688e-11 4.6355e-11 2.3013e-12 2.0098e-12
3.8900e+02 2.4099e-11 7.6764e-11 2.1778e-11 4.6828e-11 2.3103e-12 2.0187e-12
3.9100e+02 2.3811e-11 7.5210e-11 2.1599e-11 4.5888e-11 2.2924e-12 2.0010e-12
3.9200e+02 2.3668e-11 7.4448e-11 2.1511e-11 4.5427e-11 2.2836e-12 1.9922e-12
3.9300e+02 2.3526e-11 7.3698e-11 2.1424e-11 4.4973e-11 2.2749e-12 1.9834e-12
3.9400e+02 2.3385e-11 7.2958e-11 2.1337e-11 4.4526e-11 2.2661e-12 1.9747e-12
3.9500e+02 2.3245e-11 7.2231e-11 2.1251e-11 4.4085e-11 2.2575e-12 1.9661e-12
3.9600e+02 2.3105e-11 7.1518e-11 2.1166e-11 4.3651e-11 2.2489e-12 1.9575e-12
3.9800e+02 2.2829e-11 7.0122e-11 2.0998e-11 4.2803e-11 2.2318e-12 1.9404e-12
3.9700e+02 2.2967e-11 7.0815e-11 2.1081e-11 4.3224e-11 2.2403e-12 1.9489e-12
3.9900e+02 2.2692e-11 6.9440e-11 2.0914e-11 4.2388e-11 2.2234e-12 1.9319e-12
4.0100e+02 2.2420e-11 6.8109e-11 2.0750e-11 4.1580e-11 2.2066e-12 1.9152e-12
4.0200e+02 2.2286e-11 6.7458e-11 2.0669e-11 4.1186e-11 2.1983e-12 1.9069e-12
4.0000e+02 2.2556e-11 6.8768e-11 2.0832e-11 4.1981e-11 2.2150e-12 1.9235e-12
4.0300e+02 2.2152e-11 6.6820e-11 2.0589e-11 4.0799e-11 2.1901e-12 1.8986e-12
4.0400e+02 2.2020e-11 6.6195e-11 2.0509e-11 4.0418e-11 2.1819e-12 1.8904e-12
4.0600e+02 2.1757e-11 6.4978e-11 2.0352e-11 3.9675e-11 2.1656e-12 1.8741e-12
4.0800e+02 2.1498e-11 6.3802e-11 2.0197e-11 3.8955e-11 2.1495e-12 1.8581e-12
4.0900e+02 2.1370e-11 6.3231e-11 2.0121e-11 3.8603e-11 2.1416e-12 1.8501e-12
4.0500e+02 2.1888e-11 6.5582e-11 2.0430e-11 4.0044e-11 2.1737e-12 1.8822e-12
4.0700e+02 2.1627e-11 6.4385e-11 2.0274e-11 3.9312e-11 2.1575e-12 1.8661e-12
4.1200e+02 2.0990e-11 6.1580e-11 1.9896e-11 3.7588e-11 2.1180e-12 1.8265e-12
4.1100e+02 2.1115e-11 6.2120e-11 1.9970e-11 3.7920e-11 2.1258e-12 1.8343e-12
4.1000e+02 2.1242e-11 6.2670e-11 2.0045e-11 3.8259e-11 2.1337e-12 1.8422e-12
4.1500e+02 2.0618e-11 6.0024e-11 1.9676e-11 3.6625e-11 2.0948e-12 1.8034e-12
4.1300e+02 2.0865e-11 6.1052e-11 1.9822e-11 3.7261e-11 2.1102e-12 1.8188e-12
4.1400e+02 2.0741e-11 6.0533e-11 1.9749e-11 3.6940e-11 2.1025e-12 1.8110e-12
4.1600e+02 2.0496e-11 5.9524e-11 1.9604e-11 3.6316e-11 2.0872e-12 1.7958e-12
4.1800e+02 2.0254e-11 5.8552e-11 1.9462e-11 3.5715e-11 2.0720e-12 1.7807e-12
4.1700e+02 2.0374e-11 5.9033e-11 1.9533e-11 3.6012e-11 2.0796e-12 1.7882e-12
4.1900e+02 2.0135e-11 5.8081e-11 1.9392e-11 3.5423e-11 2.0645e-12 1.7732e-12
4.2000e+02 2.0016e-11 5.7620e-11 1.9322e-11 3.5137e-11 2.0571e-12 1.7658e-12
4.2200e+02 1.9781e-11 5.6723e-11 1.9184e-11 3.4579e-11 2.0423e-12 1.7511e-12
4.2100e+02 1.9898e-11 5.7167e-11 1.9253e-11 3.4856e-11 2.0496e-12 1.7585e-12
4.2300e+02 1.9665e-11 5.6288e-11 1.9116e-11 3.4308e-11 2.0349e-12 1.7439e-12
4.2500e+02 1.9436e-11 5.5446e-11 1.8982e-11 3.3782e-11 2.0204e-12 1.7295e-12
4.2600e+02 1.9323e-11 5.5038e-11 1.8915e-11 3.3527e-11 2.0132e-12 1.7224e-12
4.2400e+02 1.9550e-11 5.5863e-11 1.9049e-11 3.4042e-11 2.0276e-12 1.7367e-12
4.2700e+02 1.9211e-11 5.4638e-11 1.8849e-11 3.3278e-11 2.0060e-12 1.7153e-12
4.2800e+02 1.9100e-11 5.4248e-11 1.8783e-11 3.3033e-11 1.9989e-12 1.7083e-12
4.3100e+02 1.8770e-11 5.3131e-11 1.8590e-11 3.2327e-11 1.9778e-12 1.6876e-12
4.3000e+02 1.8879e-11 5.3495e-11 1.8654e-11 3.2558e-11 1.9848e-12 1.6944e-12
4.2900e+02 1.8989e-11 5.3867e-11 1.8718e-11 3.2793e-11 1.9919e-12 1.7014e-12
4.3200e+02 1.8662e-11 5.2775e-11 1.8526e-11 3.2101e-11 1.9709e-12 1.6808e-12
4.3500e+02 1.8343e-11 5.1752e-11 1.8338e-11 3.1452e-11 1.9503e-12 1.6606e-12
4.3300e+02 1.8555e-11 5.2426e-11 1.8463e-11 3.1880e-11 1.9640e-12 1.6740e-12
4.3400e+02 1.8448e-11 5.2085e-11 1.8400e-11 3.1664e-11 1.9571e-12 1.6673e-12
4.3700e+02 1.8134e-11 5.1106e-11 1.8214e-11 3.1043e-11 1.9368e-12 1.6475e-12
4.3600e+02 1.8238e-11 5.1426e-11 1.8276e-11 3.1245e-11 1.9435e-12 1.6540e-12
4.3800e+02 1.8031e-11 5.0794e-11 1.8153e-11 3.0845e-11 1.9301e-12 1.6409e-12
4.3900e+02 1.7929e-11 5.0489e-11 1.8093e-11 3.0652e-11 1.9234e-12 1.6345e-12
4.4100e+02 1.7727e-11 4.9902e-11 1.7972e-11 3.0277e-11 1.9102e-12 1.6217e-12
4.4000e+02 1.7828e-11 5.0192e-11 1.8032e-11 3.0462e-11 1.9168e-12 1.6281e-12
4.4200e+02 1.7628e-11 4.9619e-11 1.7913e-11 3.0096e-11 1.9037e-12 1.6154e-12
4.4500e+02 1.7334e-11 4.8814e-11 1.7737e-11 2.9575e-11 1.8843e-12 1.5967e-12
4.4300e+02 1.7529e-11 4.9344e-11 1.7854e-11 2.9918e-11 1.8972e-12 1.6091e-12
4.4400e+02 1.7431e-11 4.9075e-11 1.7795e-11 2.9744e-11 1.8907e-12 1.6029e-12
4.4600e+02 1.7237e-11 4.8559e-11 1.7679e-11 2.9409e-11 1.8779e-12 1.5906e-12
4.4700e+02 1.7142e-11 4.8311e-11 1.7621e-11 2.9246e-11 1.8715e-12 1.5845e-12
4.4800e+02 1.7047e-11 4.8068e-11 1.7564e-11 2.9088e-11 1.8652e-12 1.5785e-12
4.4900e+02 1.6953e-11 4.7832e-11 1.7507e-11 2.8933e-11 1.8590e-12 1.5725e-12
4.5000e+02 1.6860e-11 4.7603e-11 1.7450e-11 2.8782e-11 1.8528e-12 1.5666e-12
4.5100e+02 1.6768e-11 4.7379e-11 1.7394e-11 2.8635e-11 1.8466e-12 1.5607e-12
4.5300e+02 1.6586e-11 4.6949e-11 1.7282e-11 2.8352e-11 1.8343e-12 1.5491e-12
4.5200e+02 1.6677e-11 4.7161e-11 1.7338e-11 2.8492e-11 1.8404e-12 1.5549e-12
4.5400e+02 1.6496e-11 4.6744e-11 1.7227e-11 2.8215e-11 1.8283e-12 1.5434e-12
4.5500e+02 1.6407e-11 4.6544e-11 1.7171e-11 2.8082e-11 1.8222e-12 1.5377e-12
4.5700e+02 1.6232e-11 4.6160e-11 1.7062e-11 2.7826e-11 1.8103e-12 1.5265e-12
4.5900e+02 1.6059e-11 4.5800e-11 1.6954e-11 2.7583e-11 1.7985e-12 1.5154e-12
4.5600e+02 1.6319e-11 4.6349e-11 1.7117e-11 2.7952e-11 1.8162e-12 1.5321e-12
4.5800e+02 1.6145e-11 4.5978e-11 1.7008e-11 2.7703e-11 1.8044e-12 1.5209e-12
4.6000e+02 1.5974e-11 4.5629e-11 1.6901e-11 2.7466e-11 1.7926e-12 1.5100e-12
4.6200e+02 1.5806e-11 4.5302e-11 1.6794e-11 2.7241e-11 1.7811e-12 1.4993e-12
4.6100e+02 1.5889e-11 4.5463e-11 1.6847e-11 2.7352e-11 1.7868e-12 1.5046e-12
4.6300e+02 1.5723e-11 4.5148e-11 1.6741e-11 2.7133e-11 1.7754e-12 1.4939e-12
4.6400e+02 1.5641e-11 4.4997e-11 1.6689e-11 2.7029e-11 1.7697e-12 1.4887e-12
4.6600e+02 1.5479e-11 4.4712e-11 1.6585e-11 2.6829e-11 1.7584e-12 1.4783e-12
4.6500e+02 1.5560e-11 4.4852e-11 1.6637e-11 2.6928e-11 1.7640e-12 1.4835e-12
4.6900e+02 1.5242e-11 4.4320e-11 1.6431e-11 2.6551e-11 1.7418e-12 1.4631e-12
4.6700e+02 1.5399e-11 4.4577e-11 1.6533e-11 2.6734e-11 1.7528e-12 1.4732e-12
4.6800e+02 1.5320e-11 4.4446e-11 1.6482e-11 2.6641e-11 1.7473e-12 1.4681e-12
4.7100e+02 1.5087e-11 4.4084e-11 1.6329e-11 2.6380e-11 1.7309e-12 1.4532e-12
4.7000e+02 1.5164e-11 4.4199e-11 1.6380e-11 2.6464e-11 1.7364e-12 1.4581e-12
4.7200e+02 1.5011e-11 4.3974e-11 1.6279e-11 2.6298e-11 1.7255e-12 1.4483e-12
4.7500e+02 1.4786e-11 4.3674e-11 1.6129e-11 2.6068e-11 1.7096e-12 1.4339e-12
4.7300e+02 1.4935e-11 4.3869e-11 1.6228e-11 2.6219e-11 1.7202e-12 1.4435e-12
4.7600e+02 1.4712e-11 4.3584e-11 1.6080e-11 2.5997e-11 1.7044e-12 1.4292e-12
4.7700e+02 1.4639e-11 4.3498e-11 1.6030e-11 2.5928e-11 1.6992e-12 1.4245e-12
4.7900e+02 1.4495e-11 4.3338e-11 1.5933e-11 2.5799e-11 1.6889e-12 1.4153e-12
4.7800e+02 1.4567e-11 4.3416e-11 1.5982e-11 2.5862e-11 1.6940e-12 1.4199e-12
4.7400e+02 1.4860e-11 4.3769e-11 1.6179e-11 2.6142e-11 1.7149e-12 1.4387e-12
4.8200e+02 1.4284e-11 4.3131e-11 1.5788e-11 2.5623e-11 1.6737e-12 1.4019e-12
4.8000e+02 1.4424e-11 4.3265e-11 1.5884e-11 2.5738e-11 1.6838e-12 1.4108e-12
4.8100e+02 1.4354e-11 4.3196e-11 1.5836e-11 2.5679e-11 1.6787e-12 1.4063e-12
4.8300e+02 1.4215e-11 4.3071e-11 1.5741e-11 2.5569e-11 1.6687e-12 1.3975e-12
4.8500e+02 1.4079e-11 4.2964e-11 1.5646e-11 2.5469e-11 1.6589e-12 1.3888e-12
4.8400e+02 1.4147e-11 4.3015e-11 1.5693e-11 2.5518e-11 1.6638e-12 1.3931e-12
4.8600e+02 1.4012e-11 4.2917e-11 1.5599e-11 2.5422e-11 1.6540e-12 1.3845e-12
4.8700e+02 1.3945e-11 4.2875e-11 1.5552e-11 2.5377e-11 1.6492e-12 1.3803e-12
4.8900e+02 1.3814e-11 4.2804e-11 1.5460e-11 2.5295e-11 1.6396e-12 1.3719e-12
4.8800e+02 1.3879e-11 4.2837e-11 1.5506e-11 2.5335e-11 1.6444e-12 1.3761e-12
4.9300e+02 1.3558e-11 4.2712e-11 1.5277e-11 2.5156e-11 1.6209e-12 1.3558e-12
4.9000e+02 1.3749e-11 4.2775e-11 1.5414e-11 2.5257e-11 1.6349e-12 1.3678e-12
4.9200e+02 1.3622e-11 4.2729e-11 1.5322e-11 2.5188e-11 1.6255e-12 1.3597e-12
4.9100e+02 1.3685e-11 4.2750e-11 1.5368e-11 2.5221e-11 1.6302e-12 1.3638e-12
4.9400e+02 1.3496e-11 4.2699e-11 1.5232e-11 2.5127e-11 1.6163e-12 1.3518e-12
4.9500e+02 1.3434e-11 4.2690e-11 1.5187e-11 2.5099e-11 1.6118e-12 1.3479e-12
4.9700e+02 1.3312e-11 4.2684e-11 1.5098e-11 2.5050e-11 1.6028e-12 1.3402e-12
4.9900e+02 1.3192e-11 4.2693e-11 1.5010e-11 2.5010e-11 1.5939e-12 1.3327e-12
4.9600e+02 1.3373e-11 4.2685e-11 1.5142e-11 2.5074e-11 1.6073e-12 1.3440e-12
4.9800e+02 1.3252e-11 4.2687e-11 1.5054e-11 2.5029e-11 1.5983e-12 1.3364e-12
5.0000e+02 1.3133e-11 4.2704e-11 1.4966e-11 2.4993e-11 1.5896e-12 1.3290e-12
5.0100e+02 1.3074e-11 4.2719e-11 1.4923e-11 2.4978e-11 1.5852e-12 1.3253e-12
5.0200e+02 1.3016e-11 4.2738e-11 1.4880e-11 2.4965e-11 1.5809e-12 1.3217e-12
5.0300e+02 1.2959e-11 4.2761e-11 1.4837e-11 2.4953e-11 1.5766e-12 1.3181e-12
5.0400e+02 1.2902e-11 4.2788e-11 1.4794e-11 2.4943e-11 1.5724e-12 1.3145e-12
5.0500e+02 1.2845e-11 4.2819e-11 1.4752e-11 2.4935e-11 1.5682e-12 1.3110e-12
5.0600e+02 1.2789e-11 4.2854e-11 1.4710e-11 2.4929e-11 1.5640e-12 1.3075e-12
5.0700e+02 1.2734e-11 4.2892e-11 1.4668e-11 2.4925e-11 1.5599e-12 1.3041e-12
5.0800e+02 1.2678e-11 4.2935e-11 1.4626e-11 2.4923e-11 1.5558e-12 1.3007e-12
5.1000e+02 1.2570e-11 4.3032e-11 1.4544e-11 2.4923e-11 1.5477e-12 1.2940e-12
5.0900e+02 1.2624e-11 4.2982e-11 1.4585e-11 2.4922e-11 1.5517e-12 1.2973e-12
5.1100e+02 1.2516e-11 4.3087e-11 1.4503e-11 2.4925e-11 1.5437e-12 1.2907e-12
5.1300e+02 1.2411e-11 4.3208e-11 1.4422e-11 2.4936e-11 1.5358e-12 1.2842e-12
5.1200e+02 1.2463e-11 4.3145e-11 1.4462e-11 2.4929e-11 1.5397e-12 1.2874e-12
5.1400e+02 1.2358e-11 4.3273e-11 1.4381e-11 2.4944e-11 1.5319e-12 1.2810e-12
5.1500e+02 1.2307e-11 4.3342e-11 1.4341e-11 2.4953e-11 1.5280e-12 1.2778e-12
5.1600e+02 1.2255e-11 4.3416e-11 1.4302e-11 2.4964e-11 1.5242e-12 1.2747e-12
5.1800e+02 1.2154e-11 4.3573e-11 1.4223e-11 2.4990e-11 1.5166e-12 1.2685e-12
5.1900e+02 1.2104e-11 4.3657e-11 1.4184e-11 2.5006e-11 1.5129e-12 1.2655e-12
5.1700e+02 1.2204e-11 4.3493e-11 1.4262e-11 2.4976e-11 1.5204e-12 1.2716e-12
5.2300e+02 1.1908e-11 4.4033e-11 1.4031e-11 2.5083e-11 1.4983e-12 1.2537e-12
5.2000e+02 1.2054e-11 4.3745e-11 1.4146e-11 2.5023e-11 1.5092e-12 1.2625e-12
5.2600e+02 1.1766e-11 4.4356e-11 1.3919e-11 2.5156e-11 1.4876e-12 1.2452e-12
5.2100e+02 1.2005e-11 4.3838e-11 1.4107e-11 2.5042e-11 1.5055e-12 1.2595e-12
5.2200e+02 1.1957e-11 4.3933e-11 1.4069e-11 2.5061e-11 1.5019e-12 1.2566e-12
5.2400e+02 1.1860e-11 4.4137e-11 1.3993e-11 2.5106e-11 1.4947e-12 1.2508e-12
5.2500e+02 1.1813e-11 4.4244e-11 1.3956e-11 2.5130e-11 1.4911e-12 1.2480e-12
5.2800e+02 1.1672e-11 4.4591e-11 1.3845e-11 2.5210e-11 1.4807e-12 1.2397e-12
5.3500e+02 1.1358e-11 4.5527e-11 1.3596e-11 2.5442e-11 1.4574e-12 1.2213e-12
5.2700e+02 1.1719e-11 4.4471e-11 1.3882e-11 2.5182e-11 1.4841e-12 1.2424e-12
5.3200e+02 1.1491e-11 4.5104e-11 1.3701e-11 2.5336e-11 1.4672e-12 1.2290e-12
5.3300e+02 1.1446e-11 4.5242e-11 1.3666e-11 2.5370e-11 1.4639e-12 1.2264e-12
5.3100e+02 1.1535e-11 4.4970e-11 1.3737e-11 2.5302e-11 1.4705e-12 1.2316e-12
5.2900e+02 1.1626e-11 4.4713e-11 1.3809e-11 2.5240e-11 1.4773e-12 1.2369e-12
5.3000e+02 1.1581e-11 4.4840e-11 1.3773e-11 2.5270e-11 1.4739e-12 1.2343e-12
5.3600e+02 1.1314e-11 4.5675e-11 1.3562e-11 2.5480e-11 1.4542e-12 1.2187e-12
5.3400e+02 1.1402e-11 4.5383e-11 1.3631e-11 2.5405e-11 1.4606e-12 1.2238e-12
5.4000e+02 1.1144e-11 4.6304e-11 1.3426e-11 2.5642e-11 1.4417e-12 1.2089e-12
5.3700e+02 1.1271e-11 4.5827e-11 1.3527e-11 2.5519e-11 1.4510e-12 1.2162e-12
5.4200e+02 1.1060e-11 4.6640e-11 1.3360e-11 2.5729e-11 1.4356e-12 1.2042e-12
5.3800e+02 1.1228e-11 4.5982e-11 1.3493e-11 2.5559e-11 1.4479e-12 1.2138e-12
5.4100e+02 1.1102e-11 4.6470e-11 1.3393e-11 2.5685e-11 1.4386e-12 1.2065e-12
5.3900e+02 1.1186e-11 4.6141e-11 1.3460e-11 2.5600e-11 1.4448e-12 1.2113e-12
5.4300e+02 1.1019e-11 4.6814e-11 1.3327e-11 2.5774e-11 1.4326e-12 1.2018e-12
5.4400e+02 1.0978e-11 4.6993e-11 1.3295e-11 2.5819e-11 1.4296e-12 1.1995e-12
5.4500e+02 1.0937e-11 4.7174e-11 1.3262e-11 2.5865e-11 1.4267e-12 1.1972e-12
5.4800e+02 1.0817e-11 4.7741e-11 1.3167e-11 2.6010e-11 1.4180e-12 1.1905e-12
5.4600e+02 1.0897e-11 4.7360e-11 1.3231e-11 2.5913e-11 1.4238e-12 1.1950e-12
5.4700e+02 1.0857e-11 4.7549e-11 1.3199e-11 2.5961e-11 1.4209e-12 1.1927e-12
5.4900e+02 1.0777e-11 4.7937e-11 1.3136e-11 2.6059e-11 1.4152e-12 1.1883e-12
5.5000e+02 1.0738e-11 4.8137e-11 1.3105e-11 2.6109e-11 1.4124e-12 1.1861e-12
5.5100e+02 1.0699e-11 4.8340e-11 1.3075e-11 2.6160e-11 1.4096e-12 1.1840e-12
5.5300e+02 1.0622e-11 4.8756e-11 1.3014e-11 2.6263e-11 1.4041e-12 1.1797e-12
5.5200e+02 1.0660e-11 4.8546e-11 1.3044e-11 2.6211e-11 1.4068e-12 1.1818e-12
5.5400e+02 1.0584e-11 4.8969e-11 1.2984e-11 2.6315e-11 1.4014e-12 1.1776e-12
5.5500e+02 1.0546e-11 4.9185e-11 1.2955e-11 2.6368e-11 1.3988e-12 1.1756e-12
5.5600e+02 1.0508e-11 4.9404e-11 1.2925e-11 2.6421e-11 1.3961e-12 1.1735e-12
5.5700e+02 1.0471e-11 4.9626e-11 1.2896e-11 2.6475e-11 1.3935e-12 1.1715e-12
5.5800e+02 1.0434e-11 4.9852e-11 1.2868e-11 2.6529e-11 1.3909e-12 1.1695e-12
5.5900e+02 1.0397e-11 5.0080e-11 1.2839e-11 2.6583e-11 1.3883e-12 1.1675e-12
5.6000e+02 1.0360e-11 5.0311e-11 1.2811e-11 2.6638e-11 1.3858e-12 1.1655e-12
5.6100e+02 1.0324e-11 5.0545e-11 1.2783e-11 2.6693e-11 1.3833e-12 1.1636e-12
5.6200e+02 1.0287e-11 5.0783e-11 1.2755e-11 2.6748e-11 1.3808e-12 1.1617e-12
5.6300e+02 1.0251e-11 5.1023e-11 1.2727e-11 2.6803e-11 1.3783e-12 1.1597e-12
5.6400e+02 1.0216e-11 5.1267e-11 1.2700e-11 2.6858e-11 1.3759e-12 1.1578e-12
5.6500e+02 1.0180e-11 5.1513e-11 1.2673e-11 2.6913e-11 1.3735e-12 1.1560e-12
5.6600e+02 1.0145e-11 5.1762e-11 1.2646e-11 2.6968e-11 1.3711e-12 1.1541e-12
5.6700e+02 1.0109e-11 5.2014e-11 1.2620e-11 2.7023e-11 1.3687e-12 1.1522e-12
5.6800e+02 1.0075e-11 5.2268e-11 1.2594e-11 2.7078e-11 1.3664e-12 1.1504e-12
5.7000e+02 1.0005e-11 5.2785e-11 1.2542e-11 2.7187e-11 1.3617e-12 1.1468e-12
5.7100e+02 9.9710e-12 5.3046e-11 1.2517e-11 2.7241e-11 1.3595e-12 1.1450e-12
5.7200e+02 9.9368e-12 5.3311e-11 1.2491e-11 2.7295e-11 1.3572e-12 1.1432e-12
5.6900e+02 1.0040e-11 5.2525e-11 1.2568e-11 2.7132e-11 1.3640e-12 1.1486e-12
5.7500e+02 9.8356e-12 5.4116e-11 1.2417e-11 2.7455e-11 1.3506e-12 1.1380e-12
5.7600e+02 9.8023e-12 5.4388e-11 1.2393e-11 2.7508e-11 1.3484e-12 1.1363e-12
5.7400e+02 9.8692e-12 5.3846e-11 1.2442e-11 2.7402e-11 1.3528e-12 1.1397e-12
5.7300e+02 9.9029e-12 5.3577e-11 1.2466e-11 2.7349e-11 1.3550e-12 1.1415e-12
5.7800e+02 9.7360e-12 5.4937e-11 1.2345e-11 2.7611e-11 1.3442e-12 1.1329e-12
5.7700e+02 9.7690e-12 5.4663e-11 1.2369e-11 2.7559e-11 1.3463e-12 1.1346e-12
5.8000e+02 9.6704e-12 5.5491e-11 1.2299e-11 2.7711e-11 1.3400e-12 1.1295e-12
5.8100e+02 9.6378e-12 5.5770e-11 1.2276e-11 2.7761e-11 1.3379e-12 1.1279e-12
5.7900e+02 9.7031e-12 5.5214e-11 1.2322e-11 2.7661e-11 1.3421e-12 1.1312e-12
5.8200e+02 9.6054e-12 5.6050e-11 1.2253e-11 2.7809e-11 1.3359e-12 1.1262e-12
5.8300e+02 9.5732e-12 5.6331e-11 1.2231e-11 2.7857e-11 1.3339e-12 1.1246e-12
5.8700e+02 9.4458e-12 5.7459e-11 1.2144e-11 2.8037e-11 1.3260e-12 1.1181e-12
5.8400e+02 9.5411e-12 5.6612e-11 1.2209e-11 2.7903e-11 1.3319e-12 1.1230e-12
5.8600e+02 9.4774e-12 5.7177e-11 1.2165e-11 2.7994e-11 1.3280e-12 1.1197e-12
5.8500e+02 9.5092e-12 5.6894e-11 1.2187e-11 2.7949e-11 1.3299e-12 1.1213e-12
5.8800e+02 9.4144e-12 5.7742e-11 1.2122e-11 2.8080e-11 1.3241e-12 1.1166e-12
5.9000e+02 9.3519e-12 5.8306e-11 1.2081e-11 2.8161e-11 1.3203e-12 1.1134e-12
5.8900e+02 9.3830e-12 5.8024e-11 1.2102e-11 2.8121e-11 1.3222e-12 1.1150e-12
5.9100e+02 9.3208e-12 5.8587e-11 1.2060e-11 2.8200e-11 1.3185e-12 1.1119e-12
5.9200e+02 9.2899e-12 5.8866e-11 1.2040e-11 2.8238e-11 1.3166e-12 1.1103e-12
5.9500e+02 9.1979e-12 5.9699e-11 1.1981e-11 2.8342e-11 1.3112e-12 1.1057e-12
5.9400e+02 9.2284e-12 5.9423e-11 1.2001e-11 2.8309e-11 1.3130e-12 1.1072e-12
5.9800e+02 9.1069e-12 6.0515e-11 1.1924e-11 2.8433e-11 1.3060e-12 1.1011e-12
5.9600e+02 9.1674e-12 5.9974e-11 1.1962e-11 2.8374e-11 1.3095e-12 1.1042e-12
5.9700e+02 9.1371e-12 6.0246e-11 1.1943e-11 2.8404e-11 1.3077e-12 1.1027e-12
5.9300e+02 9.2591e-12 5.9146e-11 1.2020e-11 2.8274e-11 1.3148e-12 1.1088e-12
5.9900e+02 9.0769e-12 6.0784e-11 1.1906e-11 2.8460e-11 1.3042e-12 1.0996e-12
6.0300e+02 8.9577e-12 6.1827e-11 1.1835e-11 2.8551e-11 1.2975e-12 1.0937e-12
6.0200e+02 8.9873e-12 6.1570e-11 1.1852e-11 2.8531e-11 1.2992e-12 1.0952e-12
6.0000e+02 9.0469e-12 6.1049e-11 1.1888e-11 2.8485e-11 1.3025e-12 1.0981e-12
6.0100e+02 9.0171e-12 6.1311e-11 1.1870e-11 2.8509e-11 1.3009e-12 1.0967e-12
6.0400e+02 8.9281e-12 6.2079e-11 1.1817e-11 2.8570e-11 1.2959e-12 1.0922e-12
6.0500e+02 8.8987e-12 6.2327e-11 1.1800e-11 2.8586e-11 1.2943e-12 1.0908e-12
6.0700e+02 8.8402e-12 6.2812e-11 1.1767e-11 2.8614e-11 1.2911e-12 1.0878e-12
6.0600e+02 8.8694e-12 6.2572e-11 1.1784e-11 2.8601e-11 1.2927e-12 1.0893e-12
6.0800e+02 8.8110e-12 6.3047e-11 1.1751e-11 2.8625e-11 1.2895e-12 1.0864e-12
6.0900e+02 8.7820e-12 6.3278e-11 1.1735e-11 2.8633e-11 1.2879e-12 1.0849e-12
6.1000e+02 8.7530e-12 6.3504e-11 1.1719e-11 2.8640e-11 1.2864e-12 1.0835e-12
6.1100e+02 8.7241e-12 6.3723e-11 1.1704e-11 2.8645e-11 1.2848e-12 1.0820e-12
6.1200e+02 8.6953e-12 6.3936e-11 1.1689e-11 2.8648e-11 1.2833e-12 1.0806e-12
6.1300e+02 8.6666e-12 6.4142e-11 1.1674e-11 2.8649e-11 1.2818e-12 1.0791e-12
6.1500e+02 8.6094e-12 6.4534e-11 1.1644e-11 2.8644e-11 1.2788e-12 1.0763e-12
6.1400e+02 8.6380e-12 6.4341e-11 1.1659e-11 2.8648e-11 1.2803e-12 1.0777e-12
6.1600e+02 8.5810e-12 6.4719e-11 1.1630e-11 2.8638e-11 1.2774e-12 1.0749e-12
6.1700e+02 8.5526e-12 6.4898e-11 1.1616e-11 2.8630e-11 1.2759e-12 1.0734e-12
6.1800e+02 8.5243e-12 6.5069e-11 1.1602e-11 2.8620e-11 1.2745e-12 1.0720e-12
6.1900e+02 8.4961e-12 6.5231e-11 1.1589e-11 2.8608e-11 1.2730e-12 1.0706e-12
6.2000e+02 8.4680e-12 6.5386e-11 1.1575e-11 2.8593e-11 1.2716e-12 1.0692e-12
6.2100e+02 8.4399e-12 6.5532e-11 1.1562e-11 2.8576e-11 1.2702e-12 1.0678e-12
6.2200e+02 8.4119e-12 6.5669e-11 1.1549e-11 2.8557e-11 1.2688e-12 1.0663e-12
6.2300e+02 8.3840e-12 6.5799e-11 1.1537e-11 2.8536e-11 1.2674e-12 1.0649e-12
6.2500e+02 8.3283e-12 6.6028e-11 1.1512e-11 2.8487e-11 1.2647e-12 1.0621e-12
6.2400e+02 8.3561e-12 6.5918e-11 1.1524e-11 2.8513e-11 1.2660e-12 1.0635e-12
6.2700e+02 8.2729e-12 6.6221e-11 1.1489e-11 2.8430e-11 1.2620e-12 1.0593e-12
6.2600e+02 8.3006e-12 6.6129e-11 1.1501e-11 2.8460e-11 1.2633e-12 1.0607e-12
6.2900e+02 8.2178e-12 6.6375e-11 1.1466e-11 2.8363e-11 1.2593e-12 1.0565e-12
6.2800e+02 8.2453e-12 6.6303e-11 1.1478e-11 2.8398e-11 1.2607e-12 1.0579e-12
6.3200e+02 8.1356e-12 6.6528e-11 1.1435e-11 2.8247e-11 1.2554e-12 1.0523e-12
6.3100e+02 8.1629e-12 6.6487e-11 1.1445e-11 2.8288e-11 1.2567e-12 1.0537e-12
6.3300e+02 8.1083e-12 6.6559e-11 1.1424e-11 2.8204e-11 1.2541e-12 1.0509e-12
6.3400e+02 8.0810e-12 6.6578e-11 1.1414e-11 2.8159e-11 1.2528e-12 1.0495e-12
6.3500e+02 8.0538e-12 6.6586e-11 1.1405e-11 2.8111e-11 1.2516e-12 1.0482e-12
6.3000e+02 8.1903e-12 6.6436e-11 1.1456e-11 2.8327e-11 1.2580e-12 1.0551e-12
6.4000e+02 7.9187e-12 6.6461e-11 1.1360e-11 2.7844e-11 1.2454e-12 1.0412e-12
6.4100e+02 7.8918e-12 6.6402e-11 1.1352e-11 2.7784e-11 1.2441e-12 1.0398e-12
6.3600e+02 8.0267e-12 6.6583e-11 1.1395e-11 2.8062e-11 1.2503e-12 1.0468e-12
6.3900e+02 7.9456e-12 6.6508e-11 1.1368e-11 2.7901e-11 1.2466e-12 1.0426e-12
6.3700e+02 7.9996e-12 6.6569e-11 1.1386e-11 2.8010e-11 1.2491e-12 1.0454e-12
6.4200e+02 7.8650e-12 6.6333e-11 1.1344e-11 2.7723e-11 1.2429e-12 1.0385e-12
6.3800e+02 7.9726e-12 6.6544e-11 1.1377e-11 2.7957e-11 1.2478e-12 1.0440e-12
6.4300e+02 7.8383e-12 6.6252e-11 1.1336e-11 2.7659e-11 1.2417e-12 1.0371e-12
6.4500e+02 7.7849e-12 6.6059e-11 1.1321e-11 2.7527e-11 1.2393e-12 1.0343e-12
6.4600e+02 7.7583e-12 6.5948e-11 1.1314e-11 2.7458e-11 1.2381e-12 1.0329e-12
6.4700e+02 7.7317e-12 6.5826e-11 1.1307e-11 2.7387e-11 1.2369e-12 1.0316e-12
6.4400e+02 7.8116e-12 6.6161e-11 1.1328e-11 2.7594e-11 1.2405e-12 1.0357e-12
6.4900e+02 7.6786e-12 6.5553e-11 1.1294e-11 2.7241e-11 1.2346e-12 1.0288e-12
6.4800e+02 7.7051e-12 6.5694e-11 1.1300e-11 2.7315e-11 1.2358e-12 1.0302e-12
6.5000e+02 7.6521e-12 6.5401e-11 1.1288e-11 2.7165e-11 1.2334e-12 1.0274e-12
6.5100e+02 7.6257e-12 6.5240e-11 1.1282e-11 2.7088e-11 1.2323e-12 1.0261e-12
6.5200e+02 7.5993e-12 6.5070e-11 1.1276e-11 2.7009e-11 1.2311e-12 1.0247e-12
6.5300e+02 7.5730e-12 6.4891e-11 1.1270e-11 2.6929e-11 1.2300e-12 1.0233e-12
6.5500e+02 7.5205e-12 6.4506e-11 1.1260e-11 2.6764e-11 1.2277e-12 1.0206e-12
6.5700e+02 7.4682e-12 6.4087e-11 1.1250e-11 2.6593e-11 1.2254e-12 1.0178e-12
6.5600e+02 7.4943e-12 6.4300e-11 1.1255e-11 2.6679e-11 1.2266e-12 1.0192e-12
6.5800e+02 7.4420e-12 6.3864e-11 1.1246e-11 2.6506e-11 1.2243e-12 1.0165e-12
6.5400e+02 7.5467e-12 6.4702e-11 1.1265e-11 2.6847e-11 1.2288e-12 1.0219e-12
6.5900e+02 7.4160e-12 6.3635e-11 1.1242e-11 2.6417e-11 1.2232e-12 1.0151e-12
6.6000e+02 7.3900e-12 6.3399e-11 1.1238e-11 2.6327e-11 1.2221e-12 1.0137e-12
6.6200e+02 7.3380e-12 6.2907e-11 1.1230e-11 2.6144e-11 1.2199e-12 1.0110e-12
6.6100e+02 7.3640e-12 6.3157e-11 1.1234e-11 2.6236e-11 1.2210e-12 1.0123e-12
6.6300e+02 7.3121e-12 6.2651e-11 1.1227e-11 2.6050e-11 1.2188e-12 1.0096e-12
6.6400e+02 7.2863e-12 6.2390e-11 1.1223e-11 2.5956e-11 1.2177e-12 1.0082e-12
6.6500e+02 7.2604e-12 6.2124e-11 1.1220e-11 2.5861e-11 1.2166e-12 1.0069e-12
6.6600e+02 7.2347e-12 6.1852e-11 1.1218e-11 2.5765e-11 1.2155e-12 1.0055e-12
6.6700e+02 7.2090e-12 6.1575e-11 1.1215e-11 2.5667e-11 1.2144e-12 1.0041e-12
6.6800e+02 7.1833e-12 6.1294e-11 1.1212e-11 2.5569e-11 1.2133e-12 1.0028e-12
6.6900e+02 7.1576e-12 6.1007e-11 1.1210e-11 2.5470e-11 1.2122e-12 1.0014e-12
6.7000e+02 7.1320e-12 6.0718e-11 1.1208e-11 2.5371e-11 1.2111e-12 1.0000e-12
6.7100e+02 7.1065e-12 6.0424e-11 1.1206e-11 2.5270e-11 1.2100e-12 9.9864e-13
6.7200e+02 7.0810e-12 6.0128e-11 1.1204e-11 2.5169e-11 1.2090e-12 9.9726e-13
6.7300e+02 7.0555e-12 5.9828e-11 1.1203e-11 2.5068e-11 1.2079e-12 9.9589e-13
6.7400e+02 7.0301e-12 5.9527e-11 1.1201e-11 2.4965e-11 1.2068e-12 9.9451e-13
6.7500e+02 7.0047e-12 5.9223e-11 1.1200e-11 2.4863e-11 1.2057e-12 9.9314e-13
6.7600e+02 6.9793e-12 5.8917e-11 1.1199e-11 2.4760e-11 1.2047e-12 9.9176e-13
6.7700e+02 6.9540e-12 5.8610e-11 1.1198e-11 2.4656e-11 1.2036e-12 9.9038e-13
6.7800e+02 6.9288e-12 5.8302e-11 1.1197e-11 2.4552e-11 1.2025e-12 9.8900e-13
6.7900e+02 6.9036e-12 5.7991e-11 1.1196e-11 2.4447e-11 1.2015e-12 9.8762e-13
6.8000e+02 6.8784e-12 5.7681e-11 1.1196e-11 2.4342e-11 1.2004e-12 9.8624e-13
6.8100e+02 6.8533e-12 5.7370e-11 1.1195e-11 2.4237e-11 1.1993e-12 9.8486e-13
6.8300e+02 6.8031e-12 5.6749e-11 1.1195e-11 2.4026e-11 1.1972e-12 9.8209e-13
6.8400e+02 6.7782e-12 5.6437e-11 1.1195e-11 2.3920e-11 1.1962e-12 9.8071e-13
6.8200e+02 6.8282e-12 5.7060e-11 1.1195e-11 2.4132e-11 1.1983e-12 9.8348e-13
6.8500e+02 6.7532e-12 5.6125e-11 1.1195e-11 2.3814e-11 1.1951e-12 9.7932e-13
6.8800e+02 6.6787e-12 5.5192e-11 1.1196e-11 2.3496e-11 1.1920e-12 9.7515e-13
6.8700e+02 6.7035e-12 5.5502e-11 1.1196e-11 2.3602e-11 1.1930e-12 9.7654e-13
6.8600e+02 6.7283e-12 5.5814e-11 1.1195e-11 2.3708e-11 1.1941e-12 9.7793e-13
6.9100e+02 6.6045e-12 5.4266e-11 1.1198e-11 2.3178e-11 1.1888e-12 9.7097e-13
6.8900e+02 6.6539e-12 5.4882e-11 1.1197e-11 2.3390e-11 1.1909e-12 9.7376e-13
6.9000e+02 6.6292e-12 5.4574e-11 1.1197e-11 2.3284e-11 1.1899e-12 9.7237e-13
6.9200e+02 6.5799e-12 5.3960e-11 1.1199e-11 2.3072e-11 1.1878e-12 9.6957e-13
6.9300e+02 6.5553e-12 5.3656e-11 1.1199e-11 2.2966e-11 1.1867e-12 9.6818e-13
6.9500e+02 6.5064e-12 5.3052e-11 1.1201e-11 2.2755e-11 1.1846e-12 9.6538e-13
6.9400e+02 6.5308e-12 5.3353e-11 1.1200e-11 2.2861e-11 1.1857e-12 9.6678e-13
6.9800e+02 6.4333e-12 5.2164e-11 1.1205e-11 2.2441e-11 1.1815e-12 9.6117e-13
6.9900e+02 6.4091e-12 5.1873e-11 1.1206e-11 2.2337e-11 1.1805e-12 9.5976e-13
6.9600e+02 6.4820e-12 5.2753e-11 1.1202e-11 2.2651e-11 1.1836e-12 9.6398e-13
7.0100e+02 6.3608e-12 5.1299e-11 1.1208e-11 2.2130e-11 1.1784e-12 9.5694e-13
6.9700e+02 6.4576e-12 5.2457e-11 1.1204e-11 2.2546e-11 1.1826e-12 9.6257e-13
7.0000e+02 6.3849e-12 5.1585e-11 1.1207e-11 2.2234e-11 1.1794e-12 9.5835e-13
7.0200e+02 6.3367e-12 5.1015e-11 1.1210e-11 2.2028e-11 1.1773e-12 9.5553e-13
7.0300e+02 6.3127e-12 5.0734e-11 1.1211e-11 2.1925e-11 1.1763e-12 9.5412e-13
7.0400e+02 6.2887e-12 5.0455e-11 1.1212e-11 2.1823e-11 1.1753e-12 9.5271e-13
7.0500e+02 6.2648e-12 5.0179e-11 1.1214e-11 2.1722e-11 1.1742e-12 9.5130e-13
7.0600e+02 6.2409e-12 4.9905e-11 1.1215e-11 2.1621e-11 1.1732e-12 9.4988e-13
7.0700e+02 6.2171e-12 4.9635e-11 1.1216e-11 2.1520e-11 1.1722e-12 9.4847e-13
7.0900e+02 6.1698e-12 4.9103e-11 1.1219e-11 2.1321e-11 1.1701e-12 9.4563e-13
7.0800e+02 6.1934e-12 4.9367e-11 1.1218e-11 2.1420e-11 1.1711e-12 9.4705e-13
7.1000e+02 6.1462e-12 4.8841e-11 1.1220e-11 2.1222e-11 1.1691e-12 9.4422e-13
7.1200e+02 6.0992e-12 4.8326e-11 1.1223e-11 2.1026e-11 1.1670e-12 9.4138e-13
7.1100e+02 6.1227e-12 4.8582e-11 1.1222e-11 2.1124e-11 1.1680e-12 9.4280e-13
7.1400e+02 6.0525e-12 4.7823e-11 1.1225e-11 2.0833e-11 1.1649e-12 9.3854e-13
7.1300e+02 6.0758e-12 4.8073e-11 1.1224e-11 2.0930e-11 1.1660e-12 9.3996e-13
7.1500e+02 6.0292e-12 4.7577e-11 1.1226e-11 2.0738e-11 1.1639e-12 9.3712e-13
7.1600e+02 6.0060e-12 4.7333e-11 1.1228e-11 2.0643e-11 1.1629e-12 9.3570e-13
7.1700e+02 5.9829e-12 4.7093e-11 1.1229e-11 2.0549e-11 1.1618e-12 9.3428e-13
7.1800e+02 5.9598e-12 4.6857e-11 1.1230e-11 2.0456e-11 1.1608e-12 9.3286e-13
7.1900e+02 5.9368e-12 4.6623e-11 1.1230e-11 2.0363e-11 1.1598e-12 9.3144e-13
7.2000e+02 5.9139e-12 4.6392e-11 1.1231e-11 2.0271e-11 1.1588e-12 9.3001e-13
7.2100e+02 5.8910e-12 4.6164e-11 1.1232e-11 2.0180e-11 1.1577e-12 9.2859e-13
7.2200e+02 5.8682e-12 4.5940e-11 1.1233e-11 2.0089e-11 1.1567e-12 9.2717e-13
7.2300e+02 5.8455e-12 4.5719e-11 1.1233e-11 2.0000e-11 1.1557e-12 9.2575e-13
7.2400e+02 5.8229e-12 4.5500e-11 1.1234e-11 1.9911e-11 1.1547e-12 9.2433e-13
7.2500e+02 5.8003e-12 4.5285e-11 1.1234e-11 1.9823e-11 1.1537e-12 9.2292e-13
7.2600e+02 5.7778e-12 4.5073e-11 1.1234e-11 1.9735e-11 1.1526e-12 9.2150e-13
7.2700e+02 5.7554e-12 4.4863e-11 1.1234e-11 1.9649e-11 1.1516e-12 9.2008e-13
7.2800e+02 5.7330e-12 4.4657e-11 1.1235e-11 1.9563e-11 1.1506e-12 9.1866e-13
7.3000e+02 5.6885e-12 4.4255e-11 1.1234e-11 1.9395e-11 1.1486e-12 9.1583e-13
7.2900e+02 5.7107e-12 4.4454e-11 1.1234e-11 1.9479e-11 1.1496e-12 9.1725e-13
7.3100e+02 5.6664e-12 4.4059e-11 1.1234e-11 1.9312e-11 1.1476e-12 9.1442e-13
7.3200e+02 5.6443e-12 4.3867e-11 1.1234e-11 1.9229e-11 1.1466e-12 9.1301e-13
7.3300e+02 5.6224e-12 4.3677e-11 1.1233e-11 1.9148e-11 1.1456e-12 9.1160e-13
7.3400e+02 5.6005e-12 4.3490e-11 1.1232e-11 1.9067e-11 1.1446e-12 9.1019e-13
7.3500e+02 5.5787e-12 4.3306e-11 1.1231e-11 1.8988e-11 1.1436e-12 9.0878e-13
7.3600e+02 5.5569e-12 4.3125e-11 1.1230e-11 1.8909e-11 1.1426e-12 9.0738e-13
7.3700e+02 5.5353e-12 4.2947e-11 1.1229e-11 1.8831e-11 1.1416e-12 9.0597e-13
7.4000e+02 5.4708e-12 4.2432e-11 1.1225e-11 1.8602e-11 1.1386e-12 9.0178e-13
7.3900e+02 5.4922e-12 4.2600e-11 1.1227e-11 1.8677e-11 1.1396e-12 9.0317e-13
7.3800e+02 5.5137e-12 4.2772e-11 1.1228e-11 1.8754e-11 1.1406e-12 9.0457e-13
7.4100e+02 5.4495e-12 4.2266e-11 1.1223e-11 1.8527e-11 1.1376e-12 9.0039e-13
7.4400e+02 5.3861e-12 4.1787e-11 1.1217e-11 1.8309e-11 1.1346e-12 8.9623e-13
7.4200e+02 5.4283e-12 4.2104e-11 1.1222e-11 1.8454e-11 1.1366e-12 8.9900e-13
7.4300e+02 5.4071e-12 4.1944e-11 1.1219e-11 1.8381e-11 1.1356e-12 8.9761e-13
7.4600e+02 5.3442e-12 4.1482e-11 1.1212e-11 1.8168e-11 1.1327e-12 8.9347e-13
7.4500e+02 5.3651e-12 4.1633e-11 1.1215e-11 1.8238e-11 1.1337e-12 8.9484e-13
7.4700e+02 5.3234e-12 4.1335e-11 1.1210e-11 1.8099e-11 1.1317e-12 8.9209e-13
7.4800e+02 5.3027e-12 4.1189e-11 1.1207e-11 1.8030e-11 1.1308e-12 8.9072e-13
7.4900e+02 5.2820e-12 4.1046e-11 1.1204e-11 1.7963e-11 1.1298e-12 8.8935e-13
7.5000e+02 5.2615e-12 4.0907e-11 1.1201e-11 1.7896e-11 1.1288e-12 8.8799e-13
7.5600e+02 5.1400e-12 4.0130e-11 1.1178e-11 1.7515e-11 1.1232e-12 8.7990e-13
7.5500e+02 5.1600e-12 4.0253e-11 1.1182e-11 1.7576e-11 1.1241e-12 8.8124e-13
7.5200e+02 5.2206e-12 4.0637e-11 1.1194e-11 1.7766e-11 1.1269e-12 8.8528e-13
7.5300e+02 5.2003e-12 4.0506e-11 1.1190e-11 1.7702e-11 1.1260e-12 8.8393e-13
7.5100e+02 5.2410e-12 4.0771e-11 1.1197e-11 1.7830e-11 1.1279e-12 8.8663e-13
7.5700e+02 5.1201e-12 4.0010e-11 1.1174e-11 1.7454e-11 1.1223e-12 8.7857e-13
7.5400e+02 5.1801e-12 4.0378e-11 1.1186e-11 1.7638e-11 1.1251e-12 8.8258e-13
7.5800e+02 5.1002e-12 3.9893e-11 1.1169e-11 1.7394e-11 1.1213e-12 8.7724e-13
7.5900e+02 5.0805e-12 3.9778e-11 1.1164e-11 1.7335e-11 1.1204e-12 8.7592e-13
7.6000e+02 5.0608e-12 3.9667e-11 1.1159e-11 1.7277e-11 1.1195e-12 8.7460e-13
7.6100e+02 5.0413e-12 3.9558e-11 1.1154e-11 1.7220e-11 1.1186e-12 8.7329e-13
7.6200e+02 5.0218e-12 3.9451e-11 1.1149e-11 1.7164e-11 1.1177e-12 8.7198e-13
7.6400e+02 4.9831e-12 3.9246e-11 1.1138e-11 1.7054e-11 1.1159e-12 8.6938e-13
7.6300e+02 5.0024e-12 3.9347e-11 1.1144e-11 1.7108e-11 1.1168e-12 8.7068e-13
7.6500e+02 4.9639e-12 3.9147e-11 1.1132e-11 1.7000e-11 1.1150e-12 8.6809e-13
7.6600e+02 4.9448e-12 3.9051e-11 1.1127e-11 1.6947e-11 1.1141e-12 8.6681e-13
7.6700e+02 4.9258e-12 3.8957e-11 1.1121e-11 1.6894e-11 1.1132e-12 8.6553e-13
7.6800e+02 4.9069e-12 3.8866e-11 1.1114e-11 1.6843e-11 1.1124e-12 8.6426e-13
7.7000e+02 4.8693e-12 3.8692e-11 1.1102e-11 1.6743e-11 1.1106e-12 8.6174e-13
7.6900e+02 4.8880e-12 3.8778e-11 1.1108e-11 1.6793e-11 1.1115e-12 8.6299e-13
7.7100e+02 4.8507e-12 3.8608e-11 1.1095e-11 1.6694e-11 1.1098e-12 8.6048e-13
7.7200e+02 4.8321e-12 3.8528e-11 1.1088e-11 1.6645e-11 1.1089e-12 8.5924e-13
7.7400e+02 4.7953e-12 3.8373e-11 1.1074e-11 1.6551e-11 1.1072e-12 8.5677e-13
7.7300e+02 4.8137e-12 3.8449e-11 1.1081e-11 1.6598e-11 1.1081e-12 8.5800e-13
7.7500e+02 4.7770e-12 3.8300e-11 1.1067e-11 1.6505e-11 1.1064e-12 8.5554e-13
7.7600e+02 4.7589e-12 3.8228e-11 1.1060e-11 1.6460e-11 1.1056e-12 8.5432e-13
7.7800e+02 4.7228e-12 3.8093e-11 1.1045e-11 1.6372e-11 1.1040e-12 8.5191e-13
7.7700e+02 4.7408e-12 3.8160e-11 1.1052e-11 1.6416e-11 1.1048e-12 8.5311e-13
7.7900e+02 4.7049e-12 3.8029e-11 1.1037e-11 1.6330e-11 1.1032e-12 8.5072e-13
7.8000e+02 4.6871e-12 3.7968e-11 1.1029e-11 1.6287e-11 1.1024e-12 8.4953e-13
7.8100e+02 4.6694e-12 3.7908e-11 1.1021e-11 1.6246e-11 1.1016e-12 8.4835e-13
7.8200e+02 4.6518e-12 3.7851e-11 1.1013e-11 1.6206e-11 1.1008e-12 8.4717e-13
7.8300e+02 4.6343e-12 3.7796e-11 1.1005e-11 1.6166e-11 1.1000e-12 8.4601e-13
7.8400e+02 4.6169e-12 3.7744e-11 1.0997e-11 1.6127e-11 1.0993e-12 8.4485e-13
7.8500e+02 4.5995e-12 3.7694e-11 1.0988e-11 1.6088e-11 1.0985e-12 8.4370e-13
7.8700e+02 4.5651e-12 3.7600e-11 1.0971e-11 1.6013e-11 1.0970e-12 8.4143e-13
7.8600e+02 4.5823e-12 3.7646e-11 1.0980e-11 1.6050e-11 1.0978e-12 8.4256e-13
7.8800e+02 4.5481e-12 3.7557e-11 1.0963e-11 1.5977e-11 1.0963e-12 8.4030e-13
7.9000e+02 4.5143e-12 3.7477e-11 1.0945e-11 1.5907e-11 1.0949e-12 8.3807e-13
7.8900e+02 4.5311e-12 3.7516e-11 1.0954e-11 1.5941e-11 1.0956e-12 8.3918e-13
7.9100e+02 4.4975e-12 3.7440e-11 1.0936e-11 1.5872e-11 1.0942e-12 8.3697e-13
7.9200e+02 4.4808e-12 3.7405e-11 1.0927e-11 1.5839e-11 1.0935e-12 8.3588e-13
7.9300e+02 4.4642e-12 3.7373e-11 1.0918e-11 1.5806e-11 1.0928e-12 8.3480e-13
7.9600e+02 4.4150e-12 3.7289e-11 1.0891e-11 1.5711e-11 1.0908e-12 8.3160e-13
7.9500e+02 4.4313e-12 3.7315e-11 1.0900e-11 1.5742e-11 1.0914e-12 8.3266e-13
7.9700e+02 4.3988e-12 3.7265e-11 1.0882e-11 1.5681e-11 1.0901e-12 8.3055e-13
7.9400e+02 4.4477e-12 3.7343e-11 1.0909e-11 1.5774e-11 1.0921e-12 8.3372e-13
7.9900e+02 4.3666e-12 3.7224e-11 1.0863e-11 1.5622e-11 1.0888e-12 8.2848e-13
7.9800e+02 4.3827e-12 3.7244e-11 1.0872e-11 1.5651e-11 1.0895e-12 8.2951e-13
8.0200e+02 4.3190e-12 3.7178e-11 1.0835e-11 1.5538e-11 1.0870e-12 8.2544e-13
8.0000e+02 4.3507e-12 3.7207e-11 1.0854e-11 1.5593e-11 1.0882e-12 8.2746e-13
8.0100e+02 4.3348e-12 3.7192e-11 1.0844e-11 1.5565e-11 1.0876e-12 8.2645e-13
8.0300e+02 4.3034e-12 3.7167e-11 1.0825e-11 1.5511e-11 1.0864e-12 8.2445e-13
8.0400e+02 4.2878e-12 3.7158e-11 1.0816e-11 1.5485e-11 1.0858e-12 8.2347e-13
8.0700e+02 4.2415e-12 3.7142e-11 1.0787e-11 1.5410e-11 1.0841e-12 8.2056e-13
8.0500e+02 4.2723e-12 3.7150e-11 1.0806e-11 1.5460e-11 1.0852e-12 8.2249e-13
8.1000e+02 4.1961e-12 3.7144e-11 1.0759e-11 1.5341e-11 1.0825e-12 8.1774e-13
8.0600e+02 4.2569e-12 3.7145e-11 1.0797e-11 1.5435e-11 1.0847e-12 8.2152e-13
8.0800e+02 4.2263e-12 3.7140e-11 1.0778e-11 1.5387e-11 1.0836e-12 8.1961e-13
8.0900e+02 4.2111e-12 3.7141e-11 1.0768e-11 1.5363e-11 1.0830e-12 8.1867e-13
8.1100e+02 4.1811e-12 3.7149e-11 1.0749e-11 1.5318e-11 1.0820e-12 8.1682e-13
8.1200e+02 4.1662e-12 3.7155e-11 1.0740e-11 1.5297e-11 1.0815e-12 8.1591e-13
8.1300e+02 4.1514e-12 3.7164e-11 1.0730e-11 1.5276e-11 1.0810e-12 8.1501e-13
8.1400e+02 4.1367e-12 3.7174e-11 1.0721e-11 1.5255e-11 1.0805e-12 8.1411e-13
8.1500e+02 4.1221e-12 3.7186e-11 1.0711e-11 1.5235e-11 1.0800e-12 8.1323e-13
8.1600e+02 4.1075e-12 3.7201e-11 1.0702e-11 1.5215e-11 1.0796e-12 8.1235e-13
8.1700e+02 4.0931e-12 3.7216e-11 1.0692e-11 1.5196e-11 1.0791e-12 8.1149e-13
8.1800e+02 4.0787e-12 3.7234e-11 1.0683e-11 1.5177e-11 1.0787e-12 8.1063e-13
8.1900e+02 4.0644e-12 3.7254e-11 1.0674e-11 1.5159e-11 1.0783e-12 8.0978e-13
8.2000e+02 4.0502e-12 3.7275e-11 1.0664e-11 1.5141e-11 1.0778e-12 8.0894e-13
8.2100e+02 4.0360e-12 3.7299e-11 1.0655e-11 1.5124e-11 1.0774e-12 8.0811e-13
8.2400e+02 3.9941e-12 3.7380e-11 1.0628e-11 1.5075e-11 1.0763e-12 8.0568e-13
8.2300e+02 4.0080e-12 3.7351e-11 1.0637e-11 1.5091e-11 1.0767e-12 8.0648e-13
8.2200e+02 4.0220e-12 3.7324e-11 1.0646e-11 1.5107e-11 1.0770e-12 8.0730e-13
8.2600e+02 3.9666e-12 3.7443e-11 1.0610e-11 1.5045e-11 1.0756e-12 8.0411e-13
8.2500e+02 3.9803e-12 3.7410e-11 1.0619e-11 1.5060e-11 1.0759e-12 8.0489e-13
8.2700e+02 3.9530e-12 3.7477e-11 1.0601e-11 1.5030e-11 1.0752e-12 8.0333e-13
8.2900e+02 3.9259e-12 3.7550e-11 1.0583e-11 1.5002e-11 1.0746e-12 8.0181e-13
8.3000e+02 3.9125e-12 3.7589e-11 1.0574e-11 1.4988e-11 1.0743e-12 8.0106e-13
8.2800e+02 3.9394e-12 3.7512e-11 1.0592e-11 1.5016e-11 1.0749e-12 8.0257e-13
8.3100e+02 3.8992e-12 3.7630e-11 1.0566e-11 1.4975e-11 1.0740e-12 8.0032e-13
8.3200e+02 3.8859e-12 3.7672e-11 1.0557e-11 1.4962e-11 1.0737e-12 7.9959e-13
8.3300e+02 3.8727e-12 3.7716e-11 1.0549e-11 1.4950e-11 1.0735e-12 7.9887e-13
8.3400e+02 3.8596e-12 3.7762e-11 1.0540e-11 1.4938e-11 1.0732e-12 7.9816e-13
8.3500e+02 3.8465e-12 3.7809e-11 1.0532e-11 1.4926e-11 1.0730e-12 7.9745e-13
8.3600e+02 3.8336e-12 3.7858e-11 1.0524e-11 1.4915e-11 1.0728e-12 7.9676e-13
8.3800e+02 3.8079e-12 3.7961e-11 1.0508e-11 1.4893e-11 1.0723e-12 7.9539e-13
8.3700e+02 3.8207e-12 3.7909e-11 1.0516e-11 1.4904e-11 1.0725e-12 7.9607e-13
8.3900e+02 3.7951e-12 3.8014e-11 1.0500e-11 1.4883e-11 1.0721e-12 7.9472e-13
8.4000e+02 3.7825e-12 3.8069e-11 1.0492e-11 1.4873e-11 1.0720e-12 7.9406e-13
8.4100e+02 3.7699e-12 3.8126e-11 1.0484e-11 1.4863e-11 1.0718e-12 7.9340e-13
8.4200e+02 3.7573e-12 3.8184e-11 1.0476e-11 1.4853e-11 1.0716e-12 7.9276e-13
8.4400e+02 3.7325e-12 3.8304e-11 1.0461e-11 1.4835e-11 1.0713e-12 7.9149e-13
8.4300e+02 3.7449e-12 3.8243e-11 1.0469e-11 1.4844e-11 1.0715e-12 7.9212e-13
8.4600e+02 3.7079e-12 3.8430e-11 1.0447e-11 1.4818e-11 1.0711e-12 7.9025e-13
8.4500e+02 3.7202e-12 3.8366e-11 1.0454e-11 1.4826e-11 1.0712e-12 7.9087e-13
8.4800e+02 3.6836e-12 3.8561e-11 1.0432e-11 1.4802e-11 1.0709e-12 7.8905e-13
8.4700e+02 3.6957e-12 3.8495e-11 1.0439e-11 1.4810e-11 1.0710e-12 7.8965e-13
8.4900e+02 3.6715e-12 3.8628e-11 1.0425e-11 1.4794e-11 1.0709e-12 7.8846e-13
8.5000e+02 3.6595e-12 3.8697e-11 1.0418e-11 1.4787e-11 1.0708e-12 7.8787e-13
8.5200e+02 3.6357e-12 3.8839e-11 1.0405e-11 1.4772e-11 1.0707e-12 7.8673e-13
8.5400e+02 3.6122e-12 3.8985e-11 1.0392e-11 1.4759e-11 1.0707e-12 7.8561e-13
8.5100e+02 3.6476e-12 3.8767e-11 1.0412e-11 1.4779e-11 1.0708e-12 7.8730e-13
8.5300e+02 3.6239e-12 3.8911e-11 1.0398e-11 1.4765e-11 1.0707e-12 7.8617e-13
8.5500e+02 3.6005e-12 3.9059e-11 1.0386e-11 1.4752e-11 1.0707e-12 7.8506e-13
8.5600e+02 3.5889e-12 3.9135e-11 1.0379e-11 1.4746e-11 1.0707e-12 7.8452e-13
8.5700e+02 3.5774e-12 3.9212e-11 1.0373e-11 1.4740e-11 1.0707e-12 7.8399e-13
8.5800e+02 3.5659e-12 3.9290e-11 1.0367e-11 1.4734e-11 1.0708e-12 7.8346e-13
8.5900e+02 3.5544e-12 3.9369e-11 1.0361e-11 1.4728e-11 1.0708e-12 7.8294e-13
8.6200e+02 3.5205e-12 3.9611e-11 1.0344e-11 1.4711e-11 1.0710e-12 7.8141e-13
8.6100e+02 3.5318e-12 3.9530e-11 1.0350e-11 1.4716e-11 1.0709e-12 7.8192e-13
8.6300e+02 3.5093e-12 3.9695e-11 1.0339e-11 1.4705e-11 1.0711e-12 7.8092e-13
8.6000e+02 3.5431e-12 3.9449e-11 1.0355e-11 1.4722e-11 1.0709e-12 7.8242e-13
8.6400e+02 3.4982e-12 3.9778e-11 1.0333e-11 1.4700e-11 1.0712e-12 7.8043e-13
8.6700e+02 3.4651e-12 4.0034e-11 1.0318e-11 1.4685e-11 1.0716e-12 7.7899e-13
8.6500e+02 3.4871e-12 3.9863e-11 1.0328e-11 1.4695e-11 1.0714e-12 7.7994e-13
8.6600e+02 3.4760e-12 3.9947e-11 1.0323e-11 1.4690e-11 1.0715e-12 7.7946e-13
8.6800e+02 3.4541e-12 4.0120e-11 1.0313e-11 1.4680e-11 1.0718e-12 7.7852e-13
8.7000e+02 3.4324e-12 4.0295e-11 1.0303e-11 1.4670e-11 1.0722e-12 7.7761e-13
8.6900e+02 3.4433e-12 4.0208e-11 1.0308e-11 1.4675e-11 1.0720e-12 7.7806e-13
8.7200e+02 3.4110e-12 4.0473e-11 1.0294e-11 1.4660e-11 1.0725e-12 7.7671e-13
8.7100e+02 3.4217e-12 4.0384e-11 1.0299e-11 1.4665e-11 1.0723e-12 7.7715e-13
8.7300e+02 3.4003e-12 4.0563e-11 1.0290e-11 1.4655e-11 1.0728e-12 7.7626e-13
8.7400e+02 3.3897e-12 4.0652e-11 1.0285e-11 1.4650e-11 1.0730e-12 7.7583e-13
8.7500e+02 3.3791e-12 4.0743e-11 1.0281e-11 1.4646e-11 1.0732e-12 7.7539e-13
8.7600e+02 3.3686e-12 4.0833e-11 1.0277e-11 1.4641e-11 1.0735e-12 7.7497e-13
8.7700e+02 3.3581e-12 4.0925e-11 1.0273e-11 1.4636e-11 1.0737e-12 7.7454e-13
8.7800e+02 3.3477e-12 4.1016e-11 1.0269e-11 1.4631e-11 1.0740e-12 7.7412e-13
8.8200e+02 3.3065e-12 4.1383e-11 1.0255e-11 1.4612e-11 1.0752e-12 7.7248e-13
8.7900e+02 3.3373e-12 4.1108e-11 1.0265e-11 1.4627e-11 1.0743e-12 7.7371e-13
8.8000e+02 3.3270e-12 4.1199e-11 1.0262e-11 1.4622e-11 1.0746e-12 7.7330e-13
8.8300e+02 3.2963e-12 4.1474e-11 1.0251e-11 1.4607e-11 1.0756e-12 7.7208e-13
8.8100e+02 3.3167e-12 4.1291e-11 1.0258e-11 1.4617e-11 1.0749e-12 7.7289e-13
8.8600e+02 3.2660e-12 4.1750e-11 1.0241e-11 1.4591e-11 1.0766e-12 7.7090e-13
8.8500e+02 3.2761e-12 4.1658e-11 1.0245e-11 1.4597e-11 1.0763e-12 7.7130e-13
8.8400e+02 3.2862e-12 4.1566e-11 1.0248e-11 1.4602e-11 1.0759e-12 7.7169e-13
8.8800e+02 3.2460e-12 4.1932e-11 1.0235e-11 1.4581e-11 1.0774e-12 7.7013e-13
8.8700e+02 3.2560e-12 4.1841e-11 1.0238e-11 1.4586e-11 1.0770e-12 7.7052e-13
8.8900e+02 3.2361e-12 4.2022e-11 1.0233e-11 1.4575e-11 1.0778e-12 7.6975e-13
8.9000e+02 3.2262e-12 4.2113e-11 1.0230e-11 1.4570e-11 1.0782e-12 7.6937e-13
8.9100e+02 3.2164e-12 4.2203e-11 1.0227e-11 1.4564e-11 1.0786e-12 7.6900e-13
8.9200e+02 3.2066e-12 4.2292e-11 1.0225e-11 1.4558e-11 1.0790e-12 7.6863e-13
8.9300e+02 3.1968e-12 4.2381e-11 1.0222e-11 1.4552e-11 1.0794e-12 7.6826e-13
8.9400e+02 3.1871e-12 4.2469e-11 1.0220e-11 1.4546e-11 1.0799e-12 7.6789e-13
8.9500e+02 3.1774e-12 4.2556e-11 1.0217e-11 1.4540e-11 1.0803e-12 7.6752e-13
8.9600e+02 3.1677e-12 4.2642e-11 1.0215e-11 1.4534e-11 1.0808e-12 7.6716e-13
8.9700e+02 3.1581e-12 4.2729e-11 1.0213e-11 1.4527e-11 1.0813e-12 7.6680e-13
8.9800e+02 3.1485e-12 4.2813e-11 1.0211e-11 1.4520e-11 1.0818e-12 7.6644e-13
8.9900e+02 3.1390e-12 4.2897e-11 1.0209e-11 1.4513e-11 1.0823e-12 7.6608e-13
9.0200e+02 3.1106e-12 4.3142e-11 1.0203e-11 1.4492e-11 1.0838e-12 7.6501e-13
9.0100e+02 3.1200e-12 4.3061e-11 1.0205e-11 1.4499e-11 1.0833e-12 7.6537e-13
9.0400e+02 3.0918e-12 4.3299e-11 1.0200e-11 1.4477e-11 1.0849e-12 7.6431e-13
9.0500e+02 3.0824e-12 4.3375e-11 1.0198e-11 1.4469e-11 1.0854e-12 7.6396e-13
9.0000e+02 3.1295e-12 4.2980e-11 1.0207e-11 1.4506e-11 1.0828e-12 7.6572e-13
9.0600e+02 3.0731e-12 4.3451e-11 1.0197e-11 1.4460e-11 1.0860e-12 7.6361e-13
9.0300e+02 3.1011e-12 4.3221e-11 1.0201e-11 1.4484e-11 1.0843e-12 7.6466e-13
9.0700e+02 3.0639e-12 4.3524e-11 1.0195e-11 1.4452e-11 1.0865e-12 7.6326e-13
9.0800e+02 3.0546e-12 4.3596e-11 1.0194e-11 1.4444e-11 1.0871e-12 7.6291e-13
9.1000e+02 3.0362e-12 4.3735e-11 1.0192e-11 1.4426e-11 1.0883e-12 7.6222e-13
9.0900e+02 3.0454e-12 4.3666e-11 1.0193e-11 1.4435e-11 1.0877e-12 7.6257e-13
9.1300e+02 3.0089e-12 4.3930e-11 1.0188e-11 1.4397e-11 1.0901e-12 7.6119e-13
9.1200e+02 3.0180e-12 4.3867e-11 1.0189e-11 1.4407e-11 1.0895e-12 7.6153e-13
9.1400e+02 2.9998e-12 4.3990e-11 1.0187e-11 1.4387e-11 1.0907e-12 7.6084e-13
9.1100e+02 3.0271e-12 4.3802e-11 1.0190e-11 1.4417e-11 1.0889e-12 7.6188e-13
9.1500e+02 2.9908e-12 4.4049e-11 1.0187e-11 1.4377e-11 1.0914e-12 7.6050e-13
9.1600e+02 2.9818e-12 4.4106e-11 1.0186e-11 1.4367e-11 1.0920e-12 7.6016e-13
9.1800e+02 2.9639e-12 4.4213e-11 1.0184e-11 1.4345e-11 1.0933e-12 7.5947e-13
9.1700e+02 2.9728e-12 4.4161e-11 1.0185e-11 1.4356e-11 1.0927e-12 7.5981e-13
9.1900e+02 2.9550e-12 4.4263e-11 1.0184e-11 1.4334e-11 1.0940e-12 7.5913e-13
9.2000e+02 2.9461e-12 4.4311e-11 1.0183e-11 1.4322e-11 1.0946e-12 7.5878e-13
9.2200e+02 2.9284e-12 4.4399e-11 1.0182e-11 1.4299e-11 1.0960e-12 7.5809e-13
9.2100e+02 2.9372e-12 4.4357e-11 1.0183e-11 1.4311e-11 1.0953e-12 7.5844e-13
9.2400e+02 2.9108e-12 4.4477e-11 1.0182e-11 1.4274e-11 1.0974e-12 7.5741e-13
9.2500e+02 2.9021e-12 4.4511e-11 1.0182e-11 1.4261e-11 1.0981e-12 7.5706e-13
9.2300e+02 2.9196e-12 4.4439e-11 1.0182e-11 1.4287e-11 1.0967e-12 7.5775e-13
9.2600e+02 2.8933e-12 4.4544e-11 1.0182e-11 1.4248e-11 1.0988e-12 7.5671e-13
9.2700e+02 2.8846e-12 4.4572e-11 1.0181e-11 1.4235e-11 1.0995e-12 7.5637e-13
9.2800e+02 2.8759e-12 4.4599e-11 1.0181e-11 1.4221e-11 1.1002e-12 7.5602e-13
9.2900e+02 2.8673e-12 4.4622e-11 1.0182e-11 1.4207e-11 1.1009e-12 7.5567e-13
9.3100e+02 2.8500e-12 4.4661e-11 1.0182e-11 1.4179e-11 1.1024e-12 7.5498e-13
9.3000e+02 2.8586e-12 4.4643e-11 1.0182e-11 1.4193e-11 1.1016e-12 7.5533e-13
9.3200e+02 2.8414e-12 4.4675e-11 1.0182e-11 1.4164e-11 1.1031e-12 7.5463e-13
9.3300e+02 2.8328e-12 4.4686e-11 1.0183e-11 1.4149e-11 1.1038e-12 7.5428e-13
9.3400e+02 2.8243e-12 4.4695e-11 1.0183e-11 1.4134e-11 1.1046e-12 7.5393e-13
9.3500e+02 2.8158e-12 4.4701e-11 1.0183e-11 1.4118e-11 1.1053e-12 7.5357e-13
9.3600e+02 2.8073e-12 4.4702e-11 1.0184e-11 1.4103e-11 1.1061e-12 7.5322e-13
9.3700e+02 2.7988e-12 4.4701e-11 1.0185e-11 1.4086e-11 1.1069e-12 7.5287e-13
9.3900e+02 2.7819e-12 4.4690e-11 1.0186e-11 1.4053e-11 1.1084e-12 7.5215e-13
9.3800e+02 2.7903e-12 4.4697e-11 1.0185e-11 1.4070e-11 1.1076e-12 7.5251e-13
9.4100e+02 2.7651e-12 4.4665e-11 1.0188e-11 1.4019e-11 1.1099e-12 7.5144e-13
9.4000e+02 2.7735e-12 4.4679e-11 1.0187e-11 1.4037e-11 1.1092e-12 7.5180e-13
9.4300e+02 2.7483e-12 4.4627e-11 1.0190e-11 1.3984e-11 1.1115e-12 7.5072e-13
9.4200e+02 2.7567e-12 4.4647e-11 1.0189e-11 1.4002e-11 1.1107e-12 7.5108e-13
9.4400e+02 2.7400e-12 4.4603e-11 1.0191e-11 1.3966e-11 1.1123e-12 7.5035e-13
9.4500e+02 2.7317e-12 4.4576e-11 1.0192e-11 1.3948e-11 1.1131e-12 7.4999e-13
9.4600e+02 2.7234e-12 4.4546e-11 1.0193e-11 1.3929e-11 1.1139e-12 7.4962e-13
9.4700e+02 2.7151e-12 4.4513e-11 1.0195e-11 1.3911e-11 1.1146e-12 7.4926e-13
9.4800e+02 2.7068e-12 4.4475e-11 1.0196e-11 1.3892e-11 1.1154e-12 7.4889e-13
9.4900e+02 2.6986e-12 4.4436e-11 1.0198e-11 1.3872e-11 1.1162e-12 7.4852e-13
9.5000e+02 2.6904e-12 4.4392e-11 1.0199e-11 1.3853e-11 1.1170e-12 7.4815e-13
9.5100e+02 2.6822e-12 4.4346e-11 1.0201e-11 1.3833e-11 1.1178e-12 7.4777e-13
9.5200e+02 2.6740e-12 4.4296e-11 1.0203e-11 1.3813e-11 1.1186e-12 7.4740e-13
9.5300e+02 2.6658e-12 4.4243e-11 1.0204e-11 1.3792e-11 1.1194e-12 7.4702e-13
9.5400e+02 2.6577e-12 4.4188e-11 1.0206e-11 1.3772e-11 1.1203e-12 7.4665e-13
9.5500e+02 2.6495e-12 4.4129e-11 1.0208e-11 1.3751e-11 1.1211e-12 7.4627e-13
9.5600e+02 2.6414e-12 4.4067e-11 1.0211e-11 1.3730e-11 1.1219e-12 7.4588e-13
9.5700e+02 2.6333e-12 4.4002e-11 1.0213e-11 1.3709e-11 1.1227e-12 7.4550e-13
9.5900e+02 2.6172e-12 4.3864e-11 1.0217e-11 1.3665e-11 1.1243e-12 7.4473e-13
9.5800e+02 2.6252e-12 4.3934e-11 1.0215e-11 1.3687e-11 1.1235e-12 7.4512e-13
9.6100e+02 2.6011e-12 4.3715e-11 1.0222e-11 1.3621e-11 1.1259e-12 7.4395e-13
9.6200e+02 2.5931e-12 4.3636e-11 1.0225e-11 1.3599e-11 1.1267e-12 7.4356e-13
9.6400e+02 2.5771e-12 4.3471e-11 1.0231e-11 1.3553e-11 1.1284e-12 7.4276e-13
9.6500e+02 2.5692e-12 4.3385e-11 1.0234e-11 1.3530e-11 1.1292e-12 7.4236e-13
9.6300e+02 2.5851e-12 4.3555e-11 1.0228e-11 1.3576e-11 1.1275e-12 7.4316e-13
9.6000e+02 2.6091e-12 4.3790e-11 1.0220e-11 1.3643e-11 1.1251e-12 7.4434e-13
9.6600e+02 2.5612e-12 4.3296e-11 1.0237e-11 1.3507e-11 1.1300e-12 7.4196e-13
9.6900e+02 2.5375e-12 4.3018e-11 1.0247e-11 1.3436e-11 1.1324e-12 7.4074e-13
9.7100e+02 2.5218e-12 4.2822e-11 1.0254e-11 1.3387e-11 1.1340e-12 7.3992e-13
9.6700e+02 2.5533e-12 4.3206e-11 1.0240e-11 1.3483e-11 1.1308e-12 7.4156e-13
9.6800e+02 2.5454e-12 4.3113e-11 1.0243e-11 1.3460e-11 1.1316e-12 7.4115e-13
9.7000e+02 2.5296e-12 4.2921e-11 1.0250e-11 1.3412e-11 1.1332e-12 7.4033e-13
9.7600e+02 2.4827e-12 4.2301e-11 1.0273e-11 1.3264e-11 1.1380e-12 7.3780e-13
9.7200e+02 2.5139e-12 4.2722e-11 1.0257e-11 1.3363e-11 1.1348e-12 7.3950e-13
9.7700e+02 2.4749e-12 4.2192e-11 1.0278e-11 1.3238e-11 1.1388e-12 7.3737e-13
9.7900e+02 2.4595e-12 4.1970e-11 1.0286e-11 1.3187e-11 1.1404e-12 7.3650e-13
9.8100e+02 2.4440e-12 4.1743e-11 1.0296e-11 1.3136e-11 1.1420e-12 7.3562e-13
9.7300e+02 2.5061e-12 4.2618e-11 1.0261e-11 1.3338e-11 1.1356e-12 7.3908e-13
9.8000e+02 2.4517e-12 4.1857e-11 1.0291e-11 1.3162e-11 1.1412e-12 7.3606e-13
9.8300e+02 2.4287e-12 4.1511e-11 1.0305e-11 1.3084e-11 1.1435e-12 7.3472e-13
9.7400e+02 2.4983e-12 4.2515e-11 1.0265e-11 1.3314e-11 1.1364e-12 7.3866e-13
9.7800e+02 2.4672e-12 4.2081e-11 1.0282e-11 1.3213e-11 1.1396e-12 7.3694e-13
9.7500e+02 2.4905e-12 4.2409e-11 1.0269e-11 1.3289e-11 1.1372e-12 7.3823e-13
9.8200e+02 2.4364e-12 4.1627e-11 1.0300e-11 1.3110e-11 1.1428e-12 7.3517e-13
9.8700e+02 2.3982e-12 4.1036e-11 1.0326e-11 1.2978e-11 1.1466e-12 7.3289e-13
9.8500e+02 2.4134e-12 4.1275e-11 1.0316e-11 1.3031e-11 1.1451e-12 7.3381e-13
9.8600e+02 2.4058e-12 4.1156e-11 1.0321e-11 1.3005e-11 1.1459e-12 7.3335e-13
9.8900e+02 2.3830e-12 4.0795e-11 1.0337e-11 1.2925e-11 1.1482e-12 7.3195e-13
9.8800e+02 2.3906e-12 4.0915e-11 1.0332e-11 1.2952e-11 1.1474e-12 7.3242e-13
9.8400e+02 2.4210e-12 4.1393e-11 1.0310e-11 1.3058e-11 1.1443e-12 7.3427e-13
9.9100e+02 2.3679e-12 4.0550e-11 1.0349e-11 1.2871e-11 1.1497e-12 7.3100e-13
9.9200e+02 2.3604e-12 4.0427e-11 1.0355e-11 1.2844e-11 1.1504e-12 7.3052e-13
9.9300e+02 2.3529e-12 4.0305e-11 1.0361e-11 1.2817e-11 1.1512e-12 7.3003e-13
9.9000e+02 2.3755e-12 4.0673e-11 1.0343e-11 1.2898e-11 1.1489e-12 7.3148e-13
9.9700e+02 2.3231e-12 3.9809e-11 1.0386e-11 1.2708e-11 1.1541e-12 7.2806e-13
9.9500e+02 2.3380e-12 4.0057e-11 1.0373e-11 1.2763e-11 1.1527e-12 7.2905e-13
9.9600e+02 2.3305e-12 3.9933e-11 1.0380e-11 1.2736e-11 1.1534e-12 7.2855e-13
9.9400e+02 2.3454e-12 4.0181e-11 1.0367e-11 1.2790e-11 1.1519e-12 7.2954e-13
9.9900e+02 2.3083e-12 3.9560e-11 1.0400e-11 1.2654e-11 1.1556e-12 7.2704e-13
1.0000e+03 2.3009e-12 3.9436e-11 1.0406e-11 1.2626e-11 1.1563e-12 7.2653e-13
9.9800e+02 2.3157e-12 3.9684e-11 1.0393e-11 1.2681e-11 1.1548e-12 7.2755e-13
