1.9000e+01 5.4230e-09 1.2761e-09 1.4099e-09 1.0345e-09 1.5439e-10 1.2212e-10
3.1000e+01 2.0300e-09 4.8815e-10 5.2999e-10 3.9153e-10 5.8032e-11 4.5998e-11
4.0000e+00 1.3389e-07 3.0802e-08 3.1799e-08 2.5215e-08 3.4822e-09 2.7937e-09
3.5000e+01 1.5913e-09 3.8611e-10 4.1589e-10 3.0832e-10 4.5538e-11 3.6129e-11
6.0000e+00 5.6960e-08 1.3179e-08 1.4133e-08 1.0762e-08 1.5477e-09 1.2325e-09
3.9000e+01 1.2829e-09 3.1427e-10 3.3507e-10 2.4973e-10 3.6688e-11 2.9147e-11
3.6000e+01 1.5050e-09 3.6599e-10 3.9315e-10 2.9186e-10 4.3048e-11 3.4166e-11
3.8000e+01 1.3518e-09 3.3032e-10 3.5291e-10 2.6282e-10 3.8642e-11 3.0692e-11
1.8000e+01 6.0543e-09 1.4232e-09 1.5709e-09 1.1542e-09 1.7201e-10 1.3610e-10
5.0000e+00 8.3474e-08 1.9268e-08 2.0351e-08 1.5748e-08 2.2286e-09 1.7801e-09
3.4000e+01 1.6896e-09 4.0888e-10 4.4069e-10 3.2687e-10 4.8254e-11 3.8286e-11
2.0000e+00 6.1087e-07 1.3893e-07 1.2719e-07 1.1517e-07 1.3929e-08 1.1414e-08
1.0000e+01 1.9919e-08 4.6361e-09 5.0883e-09 3.7770e-09 5.5721e-10 4.4163e-10
2.0000e+01 4.8967e-09 1.1543e-09 1.2725e-09 9.3477e-10 1.3934e-10 1.1026e-10
1.4000e+01 1.0052e-08 2.3509e-09 2.5963e-09 1.9114e-09 2.8431e-10 2.2500e-10
8.0000e+00 3.1420e-08 7.2949e-09 7.9501e-09 5.9487e-09 8.7060e-10 6.9105e-10
1.2000e+01 1.3746e-08 3.2059e-09 3.5337e-09 2.6096e-09 3.8696e-10 3.0641e-10
4.7000e+01 8.8530e-10 2.2187e-10 2.3089e-10 1.7443e-10 2.5279e-11 2.0148e-11
9.0000e+00 2.4750e-08 5.7526e-09 6.2816e-09 4.6884e-09 6.8788e-10 5.4578e-10
2.3000e+01 3.6921e-09 8.7456e-10 9.6234e-10 7.0662e-10 1.0538e-10 8.3384e-11
3.3000e+01 1.7901e-09 4.3219e-10 4.6777e-10 3.4588e-10 5.1219e-11 4.0611e-11
4.9000e+01 8.1519e-10 2.0559e-10 2.1247e-10 1.6121e-10 2.3263e-11 1.8559e-11
2.8000e+01 2.4899e-09 5.9504e-10 6.4952e-10 4.7869e-10 7.1122e-11 5.6336e-11
5.4000e+01 6.7217e-10 1.7236e-10 1.7505e-10 1.3415e-10 1.9165e-11 1.5324e-11
3.7000e+01 1.4270e-09 3.4776e-10 3.7221e-10 2.7700e-10 4.0755e-11 3.2364e-11
4.5000e+01 9.6567e-10 2.4059e-10 2.5182e-10 1.8968e-10 2.7572e-11 2.1959e-11
5.1000e+01 7.5305e-10 1.9120e-10 1.9618e-10 1.4948e-10 2.1479e-11 1.7152e-11
5.0000e+01 7.8322e-10 1.9812e-10 2.0408e-10 1.5512e-10 2.2344e-11 1.7833e-11
5.5000e+01 6.4872e-10 1.6693e-10 1.6876e-10 1.2973e-10 1.8476e-11 1.4783e-11
4.6000e+01 9.2347e-10 2.3079e-10 2.4101e-10 1.8172e-10 2.6388e-11 2.1022e-11
1.7000e+01 6.7910e-09 1.5942e-09 1.7610e-09 1.2939e-09 1.9284e-10 1.5257e-10
5.6000e+01 6.2623e-10 1.6167e-10 1.6281e-10 1.2547e-10 1.7824e-11 1.4269e-11
2.5000e+01 3.1257e-09 7.4273e-10 8.1461e-10 5.9914e-10 8.9200e-11 7.0615e-11
4.4000e+01 1.0100e-09 2.5086e-10 2.6337e-10 1.9803e-10 2.8836e-11 2.2957e-11
2.6000e+01 2.8886e-09 6.8773e-10 7.5320e-10 5.5426e-10 8.2475e-11 6.5301e-11
5.2000e+01 7.2432e-10 1.8452e-10 1.8873e-10 1.4406e-10 2.0663e-11 1.6507e-11
4.1000e+01 1.1620e-09 2.8618e-10 3.0323e-10 2.2685e-10 3.3201e-11 2.6400e-11
4.8000e+01 8.4943e-10 2.1357e-10 2.2139e-10 1.6767e-10 2.4240e-11 1.9330e-11
1.1000e+01 1.6406e-08 3.8232e-09 4.2053e-09 3.1131e-09 4.6051e-10 3.6480e-10
5.3000e+01 6.9744e-10 1.7824e-10 1.8170e-10 1.3892e-10 1.9892e-11 1.5898e-11
4.3000e+01 1.0560e-09 2.6157e-10 2.7573e-10 2.0680e-10 3.0190e-11 2.4021e-11
4.2000e+01 1.1074e-09 2.7353e-10 2.8899e-10 2.1652e-10 3.1642e-11 2.5170e-11
3.0000e+00 2.4928e-07 5.7045e-08 5.6530e-08 4.6842e-08 6.1905e-09 5.0044e-09
5.7000e+01 6.0445e-10 1.5666e-10 1.5717e-10 1.2140e-10 1.7206e-11 1.3782e-11
4.0000e+01 1.2203e-09 2.9974e-10 3.1856e-10 2.3789e-10 3.4880e-11 2.7723e-11
1.6000e+01 7.6803e-09 1.8007e-09 1.9880e-09 1.4623e-09 2.1769e-10 1.7226e-10
3.0000e+01 2.1693e-09 5.2043e-10 5.6588e-10 4.1781e-10 6.1963e-11 4.9106e-11
1.3000e+01 1.1699e-08 2.7321e-09 3.0110e-09 2.2224e-09 3.2973e-10 2.6107e-10
2.9000e+01 2.3194e-09 5.5543e-10 6.0554e-10 4.4636e-10 6.6306e-11 5.2526e-11
2.2000e+01 4.0383e-09 9.5470e-10 1.0518e-09 7.7206e-10 1.1517e-10 9.1124e-11
2.4000e+01 3.3918e-09 8.0453e-10 8.8386e-10 6.4959e-10 9.6784e-11 7.6603e-11
1.5000e+01 8.7421e-09 2.0465e-09 2.2618e-09 1.6632e-09 2.4768e-10 1.9597e-10
3.2000e+01 1.9053e-09 4.5897e-10 4.9742e-10 3.6774e-10 5.4466e-11 4.3180e-11
2.7000e+01 2.6768e-09 6.3842e-10 6.9848e-10 5.1407e-10 7.6483e-11 6.0562e-11
2.1000e+01 4.4355e-09 1.0471e-09 1.1543e-09 8.4759e-10 1.2639e-10 1.0000e-10
7.0000e+00 4.1483e-08 9.6147e-09 1.0384e-08 7.8456e-09 1.1371e-09 9.0426e-10
5.9000e+01 5.6444e-10 1.4737e-10 1.4673e-10 1.1386e-10 1.6063e-11 1.2879e-11
6.1000e+01 5.2875e-10 1.3909e-10 1.3731e-10 1.0713e-10 1.5031e-11 1.2065e-11
5.8000e+01 5.8380e-10 1.5183e-10 1.5182e-10 1.1748e-10 1.6620e-11 1.3317e-11
6.6000e+01 4.5319e-10 1.2153e-10 1.1738e-10 9.2889e-11 1.2848e-11 1.0343e-11
6.0000e+01 5.4614e-10 1.4311e-10 1.4190e-10 1.1040e-10 1.5534e-11 1.2461e-11
6.5000e+01 4.6658e-10 1.2463e-10 1.2100e-10 9.5400e-11 1.3245e-11 1.0655e-11
6.3000e+01 4.9603e-10 1.3148e-10 1.2877e-10 1.0096e-10 1.4095e-11 1.1326e-11
6.4000e+01 4.8097e-10 1.2800e-10 1.2479e-10 9.8131e-11 1.3660e-11 1.0983e-11
6.2000e+01 5.1185e-10 1.3515e-10 1.3293e-10 1.0395e-10 1.4552e-11 1.1686e-11
7.7000e+01 3.3546e-10 9.4304e-11 8.6401e-11 7.0904e-11 9.4545e-12 7.6652e-12
7.1000e+01 3.9240e-10 1.0745e-10 1.0151e-10 8.1501e-11 1.1110e-11 8.9700e-12
8.4000e+01 2.8345e-10 8.2311e-11 7.2702e-11 6.1254e-11 7.9532e-12 6.4794e-12
7.5000e+01 3.5303e-10 9.8342e-11 9.1037e-11 7.4151e-11 9.9624e-12 8.0657e-12
6.9000e+01 4.1524e-10 1.1274e-10 1.0745e-10 8.5781e-11 1.1760e-11 9.4840e-12
6.7000e+01 4.4001e-10 1.1849e-10 1.1392e-10 9.0449e-11 1.2469e-11 1.0045e-11
7.6000e+01 3.4410e-10 9.6281e-11 8.8674e-11 7.2499e-11 9.7034e-12 7.8615e-12
7.4000e+01 3.6227e-10 1.0048e-10 9.3496e-11 7.5894e-11 1.0232e-11 8.2784e-12
7.8000e+01 3.2703e-10 9.2351e-11 8.4215e-11 6.9328e-11 9.2151e-12 7.4756e-12
6.8000e+01 4.2727e-10 1.1551e-10 1.1061e-10 8.8026e-11 1.2107e-11 9.7575e-12
7.9000e+01 3.1893e-10 9.0484e-11 8.2113e-11 6.7828e-11 8.9847e-12 7.2933e-12
8.0000e+01 3.1128e-10 8.8725e-11 8.0089e-11 6.6410e-11 8.7627e-12 7.1182e-12
7.3000e+01 3.7206e-10 1.0276e-10 9.6059e-11 7.7711e-11 1.0513e-11 8.5000e-12
8.1000e+01 3.0406e-10 8.7057e-11 7.8139e-11 6.5069e-11 8.5490e-12 6.9500e-12
8.3000e+01 2.9001e-10 8.3825e-11 7.4448e-11 6.2485e-11 8.1447e-12 6.6307e-12
8.2000e+01 2.9692e-10 8.5416e-11 7.6260e-11 6.3753e-11 8.3432e-12 6.7875e-12
7.2000e+01 3.8200e-10 1.0506e-10 9.8729e-11 7.9555e-11 1.0805e-11 8.7299e-12
8.7000e+01 2.6508e-10 7.8096e-11 6.7817e-11 5.7895e-11 7.4179e-12 6.0573e-12
1.0400e+02 1.8923e-10 6.0890e-11 4.7655e-11 4.4167e-11 5.2068e-12 4.3104e-12
8.9000e+01 2.5371e-10 7.5491e-11 6.4833e-11 5.5791e-11 7.0906e-12 5.7983e-12
8.5000e+01 2.7721e-10 8.0878e-11 7.1017e-11 6.0099e-11 7.7684e-12 6.3339e-12
8.8000e+01 2.5922e-10 7.6763e-11 6.6299e-11 5.6822e-11 7.2515e-12 5.9255e-12
8.6000e+01 2.7113e-10 7.9478e-11 6.9389e-11 5.8989e-11 7.5900e-12 6.1934e-12
9.6000e+01 2.1989e-10 6.7785e-11 5.5814e-11 4.9643e-11 6.1017e-12 5.0177e-12
9.1000e+01 2.4332e-10 7.3115e-11 6.2042e-11 5.3897e-11 6.7846e-12 5.5571e-12
9.2000e+01 2.3836e-10 7.1989e-11 6.0715e-11 5.2998e-11 6.6391e-12 5.4424e-12
9.3000e+01 2.3343e-10 7.0876e-11 5.9430e-11 5.2116e-11 6.4983e-12 5.3310e-12
9.4000e+01 2.2877e-10 6.9799e-11 5.8185e-11 5.1259e-11 6.3619e-12 5.2232e-12
1.0300e+02 1.9261e-10 6.1654e-11 4.8572e-11 4.4777e-11 5.3074e-12 4.3899e-12
9.5000e+01 2.2428e-10 6.8775e-11 5.6981e-11 5.0432e-11 6.2298e-12 5.1188e-12
9.0000e+01 2.4844e-10 7.4274e-11 6.3415e-11 5.4817e-11 6.9351e-12 5.6756e-12
1.0900e+02 1.7352e-10 5.7419e-11 4.3443e-11 4.1425e-11 4.7447e-12 3.9452e-12
9.7000e+01 2.1571e-10 6.6834e-11 5.4682e-11 4.8887e-11 5.9776e-12 4.9199e-12
1.0800e+02 1.7653e-10 5.8073e-11 4.4239e-11 4.1946e-11 4.8320e-12 4.0143e-12
9.8000e+01 2.1162e-10 6.5912e-11 5.3585e-11 4.8160e-11 5.8573e-12 4.8250e-12
1.1000e+02 1.7067e-10 5.6781e-11 4.2668e-11 4.0921e-11 4.6597e-12 3.8780e-12
1.0600e+02 1.8273e-10 5.9444e-11 4.5898e-11 4.3026e-11 5.0141e-12 4.1583e-12
1.0100e+02 1.9986e-10 6.3270e-11 5.0488e-11 4.6065e-11 5.5176e-12 4.5563e-12
1.0200e+02 1.9620e-10 6.2449e-11 4.9516e-11 4.5406e-11 5.4110e-12 4.4719e-12
9.9000e+01 2.0761e-10 6.5009e-11 5.2521e-11 4.7443e-11 5.7406e-12 4.7328e-12
1.0700e+02 1.7960e-10 5.8753e-11 4.5057e-11 4.2477e-11 4.9217e-12 4.0853e-12
1.0000e+02 2.0367e-10 6.4126e-11 5.1489e-11 4.6746e-11 5.6275e-12 4.6432e-12
7.0000e+01 4.0356e-10 1.1005e-10 1.0441e-10 8.3604e-11 1.1428e-11 9.2217e-12
1.0500e+02 1.8594e-10 6.0159e-11 4.6764e-11 4.3587e-11 5.1090e-12 4.2332e-12
1.1100e+02 1.6787e-10 5.6170e-11 4.1916e-11 4.0439e-11 4.5770e-12 3.8126e-12
1.1200e+02 1.6520e-10 5.5577e-11 4.1182e-11 3.9970e-11 4.4965e-12 3.7490e-12
1.1300e+02 1.6259e-10 5.5009e-11 4.0469e-11 3.9521e-11 4.4182e-12 3.6871e-12
1.1600e+02 1.5512e-10 5.3401e-11 3.8437e-11 3.8261e-11 4.1952e-12 3.5108e-12
1.1700e+02 1.5273e-10 5.2890e-11 3.7795e-11 3.7860e-11 4.1246e-12 3.4550e-12
1.1400e+02 1.6005e-10 5.4459e-11 3.9774e-11 3.9087e-11 4.3419e-12 3.6268e-12
1.1500e+02 1.5759e-10 5.3924e-11 3.9097e-11 3.8668e-11 4.2676e-12 3.5681e-12
1.1900e+02 1.4809e-10 5.1912e-11 3.6558e-11 3.7091e-11 3.9888e-12 3.3474e-12
1.1800e+02 1.5038e-10 5.2395e-11 3.7168e-11 3.7466e-11 4.0559e-12 3.4005e-12
1.2100e+02 1.4376e-10 5.1001e-11 3.5382e-11 3.6368e-11 3.8597e-12 3.2451e-12
1.2700e+02 1.3207e-10 4.8599e-11 3.2182e-11 3.4483e-11 3.5081e-12 2.9666e-12
1.2000e+02 1.4590e-10 5.1446e-11 3.5962e-11 3.6721e-11 3.9235e-12 3.2955e-12
1.2200e+02 1.4166e-10 5.0561e-11 3.4816e-11 3.6026e-11 3.7975e-12 3.1957e-12
1.2300e+02 1.3967e-10 5.0145e-11 3.4263e-11 3.5692e-11 3.7368e-12 3.1477e-12
1.2400e+02 1.3769e-10 4.9740e-11 3.3724e-11 3.5378e-11 3.6775e-12 3.1008e-12
1.2900e+02 1.2850e-10 4.7891e-11 3.1214e-11 3.3931e-11 3.4017e-12 2.8822e-12
1.3500e+02 1.1886e-10 4.6032e-11 2.8564e-11 3.2471e-11 3.1103e-12 2.6509e-12
1.3200e+02 1.2349e-10 4.6910e-11 2.9844e-11 3.3163e-11 3.2511e-12 2.7626e-12
1.2600e+02 1.3390e-10 4.8968e-11 3.2684e-11 3.4774e-11 3.5633e-12 3.0103e-12
1.2800e+02 1.3026e-10 4.8239e-11 3.1692e-11 3.4204e-11 3.4543e-12 2.9239e-12
1.2500e+02 1.3577e-10 4.9350e-11 3.3198e-11 3.5069e-11 3.6197e-12 3.0550e-12
1.3100e+02 1.2511e-10 4.7226e-11 3.0290e-11 3.3410e-11 3.3001e-12 2.8016e-12
1.3000e+02 1.2677e-10 4.7550e-11 3.0746e-11 3.3666e-11 3.3503e-12 2.8414e-12
1.3300e+02 1.2190e-10 4.6606e-11 2.9407e-11 3.2923e-11 3.2031e-12 2.7246e-12
1.5100e+02 9.8855e-11 4.2682e-11 2.2984e-11 2.9850e-11 2.4959e-12 2.1623e-12
1.3600e+02 1.1739e-10 4.5758e-11 2.8156e-11 3.2257e-11 3.0655e-12 2.6153e-12
1.4100e+02 1.1055e-10 4.4531e-11 2.6246e-11 3.1302e-11 2.8553e-12 2.4485e-12
1.3900e+02 1.1321e-10 4.4994e-11 2.6985e-11 3.1661e-11 2.9366e-12 2.5131e-12
1.3700e+02 1.1596e-10 4.5494e-11 2.7757e-11 3.2053e-11 3.0216e-12 2.5805e-12
1.3400e+02 1.2036e-10 4.6312e-11 2.8981e-11 3.2696e-11 3.1562e-12 2.6874e-12
1.4200e+02 1.0926e-10 4.4311e-11 2.5888e-11 3.1128e-11 2.8159e-12 2.4171e-12
1.4300e+02 1.0800e-10 4.4094e-11 2.5538e-11 3.0963e-11 2.7774e-12 2.3865e-12
1.4000e+02 1.1188e-10 4.4758e-11 2.6612e-11 3.1477e-11 2.8955e-12 2.4804e-12
1.4500e+02 1.0554e-10 4.3698e-11 2.4860e-11 3.0647e-11 2.7026e-12 2.3270e-12
1.3800e+02 1.1457e-10 4.5241e-11 2.7367e-11 3.1853e-11 2.9787e-12 2.5464e-12
1.4600e+02 1.0435e-10 4.3508e-11 2.4531e-11 3.0501e-11 2.6664e-12 2.2981e-12
1.4700e+02 1.0320e-10 4.3325e-11 2.4208e-11 3.0360e-11 2.6309e-12 2.2699e-12
1.5400e+02 9.5846e-11 4.2274e-11 2.2128e-11 2.9531e-11 2.4015e-12 2.0870e-12
1.4400e+02 1.0676e-10 4.3892e-11 2.5195e-11 3.0803e-11 2.7396e-12 2.3564e-12
1.5900e+02 9.1216e-11 4.1731e-11 2.0810e-11 2.9103e-11 2.2560e-12 1.9707e-12
1.5000e+02 9.9900e-11 4.2831e-11 2.3281e-11 2.9970e-11 2.5287e-12 2.1884e-12
1.4800e+02 1.0207e-10 4.3156e-11 2.3893e-11 3.0223e-11 2.5961e-12 2.2421e-12
1.5600e+02 9.3934e-11 4.2040e-11 2.1586e-11 2.9345e-11 2.3416e-12 2.0392e-12
1.4900e+02 1.0097e-10 4.2991e-11 2.3584e-11 3.0094e-11 2.5621e-12 2.2150e-12
1.5500e+02 9.4881e-11 4.2156e-11 2.1854e-11 2.9433e-11 2.3713e-12 2.0629e-12
1.5800e+02 9.2097e-11 4.1829e-11 2.1063e-11 2.9177e-11 2.2840e-12 1.9931e-12
1.5300e+02 9.6815e-11 4.2405e-11 2.2408e-11 2.9632e-11 2.4324e-12 2.1116e-12
1.5200e+02 9.7827e-11 4.2541e-11 2.2693e-11 2.9739e-11 2.4639e-12 2.1367e-12
1.5700e+02 9.3004e-11 4.1930e-11 2.1322e-11 2.9259e-11 2.3125e-12 2.0159e-12
1.6000e+02 9.0331e-11 4.1644e-11 2.0561e-11 2.9031e-11 2.2285e-12 1.9487e-12
1.6500e+02 8.6199e-11 4.1291e-11 1.9385e-11 2.8748e-11 2.0985e-12 1.8446e-12
1.6100e+02 8.9465e-11 4.1561e-11 2.0317e-11 2.8965e-11 2.2015e-12 1.9272e-12
1.6200e+02 8.8620e-11 4.1486e-11 2.0077e-11 2.8904e-11 2.1750e-12 1.9060e-12
1.6300e+02 8.7795e-11 4.1414e-11 1.9842e-11 2.8848e-11 2.1490e-12 1.8851e-12
1.6400e+02 8.6987e-11 4.1350e-11 1.9611e-11 2.8794e-11 2.1235e-12 1.8647e-12
1.6800e+02 8.3914e-11 4.1155e-11 1.8730e-11 2.8635e-11 2.0260e-12 1.7865e-12
1.6600e+02 8.5424e-11 4.1240e-11 1.9163e-11 2.8704e-11 2.0739e-12 1.8249e-12
1.6700e+02 8.4655e-11 4.1197e-11 1.8944e-11 2.8667e-11 2.0497e-12 1.8055e-12
1.6900e+02 8.3188e-11 4.1120e-11 1.8519e-11 2.8604e-11 2.0027e-12 1.7678e-12
1.7000e+02 8.2470e-11 4.1094e-11 1.8313e-11 2.8579e-11 1.9798e-12 1.7494e-12
1.7100e+02 8.1775e-11 4.1070e-11 1.8110e-11 2.8560e-11 1.9573e-12 1.7313e-12
1.7500e+02 7.9114e-11 4.1038e-11 1.7333e-11 2.8523e-11 1.8713e-12 1.6620e-12
1.7200e+02 8.1087e-11 4.1055e-11 1.7911e-11 2.8543e-11 1.9353e-12 1.7136e-12
1.7400e+02 7.9759e-11 4.1040e-11 1.7522e-11 2.8525e-11 1.8922e-12 1.6789e-12
1.7300e+02 8.0413e-11 4.1046e-11 1.7715e-11 2.8532e-11 1.9135e-12 1.6961e-12
1.7700e+02 7.7842e-11 4.1059e-11 1.6965e-11 2.8530e-11 1.8304e-12 1.6291e-12
1.8000e+02 7.6031e-11 4.1129e-11 1.6436e-11 2.8573e-11 1.7717e-12 1.5817e-12
1.7600e+02 7.8473e-11 4.1046e-11 1.7148e-11 2.8524e-11 1.8506e-12 1.6454e-12
1.8100e+02 7.5442e-11 4.1163e-11 1.6265e-11 2.8596e-11 1.7527e-12 1.5664e-12
1.7900e+02 7.6623e-11 4.1099e-11 1.6609e-11 2.8556e-11 1.7909e-12 1.5972e-12
1.8300e+02 7.4293e-11 4.1249e-11 1.5933e-11 2.8658e-11 1.7158e-12 1.5365e-12
1.7800e+02 7.7224e-11 4.1077e-11 1.6785e-11 2.8541e-11 1.8105e-12 1.6130e-12
1.9100e+02 7.0080e-11 4.1838e-11 1.4710e-11 2.9067e-11 1.5796e-12 1.4260e-12
1.9400e+02 6.8650e-11 4.2153e-11 1.4291e-11 2.9289e-11 1.5329e-12 1.3879e-12
1.8200e+02 7.4863e-11 4.1205e-11 1.6098e-11 2.8624e-11 1.7341e-12 1.5513e-12
1.8400e+02 7.3732e-11 4.1307e-11 1.5771e-11 2.8691e-11 1.6978e-12 1.5219e-12
1.8500e+02 7.3187e-11 4.1363e-11 1.5612e-11 2.8733e-11 1.6801e-12 1.5076e-12
1.8600e+02 7.2651e-11 4.1427e-11 1.5455e-11 2.8778e-11 1.6627e-12 1.4934e-12
1.8700e+02 7.2117e-11 4.1497e-11 1.5301e-11 2.8826e-11 1.6455e-12 1.4795e-12
1.9300e+02 6.9123e-11 4.2040e-11 1.4428e-11 2.9212e-11 1.5482e-12 1.4004e-12
1.9000e+02 7.0576e-11 4.1744e-11 1.4854e-11 2.8999e-11 1.5957e-12 1.4391e-12
1.8900e+02 7.1084e-11 4.1655e-11 1.5001e-11 2.8938e-11 1.6120e-12 1.4523e-12
1.9200e+02 6.9599e-11 4.1935e-11 1.4568e-11 2.9138e-11 1.5638e-12 1.4131e-12
2.0200e+02 6.5148e-11 4.3254e-11 1.3265e-11 3.0081e-11 1.4184e-12 1.2942e-12
1.9500e+02 6.8187e-11 4.2268e-11 1.4155e-11 2.9374e-11 1.5178e-12 1.3756e-12
1.9700e+02 6.7281e-11 4.2518e-11 1.3891e-11 2.9555e-11 1.4883e-12 1.3515e-12
1.9600e+02 6.7730e-11 4.2391e-11 1.4022e-11 2.9462e-11 1.5029e-12 1.3635e-12
1.9900e+02 6.6408e-11 4.2794e-11 1.3635e-11 2.9753e-11 1.4597e-12 1.3281e-12
1.9800e+02 6.6840e-11 4.2656e-11 1.3762e-11 2.9651e-11 1.4739e-12 1.3397e-12
2.0000e+02 6.5982e-11 4.2943e-11 1.3510e-11 2.9857e-11 1.4457e-12 1.3167e-12
2.1200e+02 6.1309e-11 4.5195e-11 1.2148e-11 3.1480e-11 1.2934e-12 1.1912e-12
2.0600e+02 6.3548e-11 4.3952e-11 1.2798e-11 3.0584e-11 1.3662e-12 1.2513e-12
2.0400e+02 6.4337e-11 4.3587e-11 1.3028e-11 3.0323e-11 1.3919e-12 1.2725e-12
2.0900e+02 6.2409e-11 4.4544e-11 1.2466e-11 3.1009e-11 1.3290e-12 1.2206e-12
2.0100e+02 6.5561e-11 4.3096e-11 1.3387e-11 2.9967e-11 1.4320e-12 1.3054e-12
2.0300e+02 6.4741e-11 4.3419e-11 1.3146e-11 3.0199e-11 1.4051e-12 1.2833e-12
2.0800e+02 6.2786e-11 4.4340e-11 1.2575e-11 3.0863e-11 1.3412e-12 1.2307e-12
1.8800e+02 7.1597e-11 4.1574e-11 1.5150e-11 2.8880e-11 1.6286e-12 1.4658e-12
2.0500e+02 6.3939e-11 4.3768e-11 1.2912e-11 3.0451e-11 1.3790e-12 1.2618e-12
2.0700e+02 6.3164e-11 4.4142e-11 1.2686e-11 3.0723e-11 1.3536e-12 1.2409e-12
2.1700e+02 5.9571e-11 4.6430e-11 1.1649e-11 3.2362e-11 1.2374e-12 1.1446e-12
2.1000e+02 6.2038e-11 4.4757e-11 1.2359e-11 3.1160e-11 1.3170e-12 1.2107e-12
2.1100e+02 6.1673e-11 4.4972e-11 1.2253e-11 3.1318e-11 1.3051e-12 1.2008e-12
2.1300e+02 6.0952e-11 4.5428e-11 1.2045e-11 3.1646e-11 1.2819e-12 1.1816e-12
2.1600e+02 5.9910e-11 4.6170e-11 1.1746e-11 3.2175e-11 1.2483e-12 1.1537e-12
2.1500e+02 6.0252e-11 4.5915e-11 1.1844e-11 3.1994e-11 1.2593e-12 1.1629e-12
2.1400e+02 6.0600e-11 4.5667e-11 1.1944e-11 3.1819e-11 1.2705e-12 1.1722e-12
2.1800e+02 5.9235e-11 4.6699e-11 1.1553e-11 3.2554e-11 1.2267e-12 1.1357e-12
2.1900e+02 5.8905e-11 4.6976e-11 1.1459e-11 3.2751e-11 1.2161e-12 1.1269e-12
2.2200e+02 5.7934e-11 4.7847e-11 1.1183e-11 3.3375e-11 1.1852e-12 1.1011e-12
2.2000e+02 5.8578e-11 4.7259e-11 1.1366e-11 3.2954e-11 1.2056e-12 1.1182e-12
2.2100e+02 5.8253e-11 4.7550e-11 1.1274e-11 3.3161e-11 1.1953e-12 1.1096e-12
2.2300e+02 5.7617e-11 4.8155e-11 1.1094e-11 3.3594e-11 1.1752e-12 1.0927e-12
2.2400e+02 5.7306e-11 4.8472e-11 1.1006e-11 3.3815e-11 1.1653e-12 1.0844e-12
2.2500e+02 5.7001e-11 4.8792e-11 1.0919e-11 3.4046e-11 1.1556e-12 1.0762e-12
2.2700e+02 5.6397e-11 4.9466e-11 1.0749e-11 3.4518e-11 1.1365e-12 1.0602e-12
2.2600e+02 5.6698e-11 4.9123e-11 1.0834e-11 3.4281e-11 1.1460e-12 1.0682e-12
2.2800e+02 5.6099e-11 4.9816e-11 1.0666e-11 3.4763e-11 1.1271e-12 1.0523e-12
2.2900e+02 5.5804e-11 5.0172e-11 1.0584e-11 3.5015e-11 1.1179e-12 1.0446e-12
2.3100e+02 5.5222e-11 5.0906e-11 1.0423e-11 3.5536e-11 1.0998e-12 1.0293e-12
2.3000e+02 5.5511e-11 5.0535e-11 1.0503e-11 3.5273e-11 1.1088e-12 1.0369e-12
2.3200e+02 5.4937e-11 5.1286e-11 1.0344e-11 3.5806e-11 1.0909e-12 1.0218e-12
2.3900e+02 5.3023e-11 5.4221e-11 9.8190e-12 3.7841e-11 1.0321e-12 9.7177e-13
2.3300e+02 5.4655e-11 5.1681e-11 1.0266e-11 3.6077e-11 1.0822e-12 1.0144e-12
2.3400e+02 5.4378e-11 5.2083e-11 1.0189e-11 3.6354e-11 1.0736e-12 1.0071e-12
2.3600e+02 5.3830e-11 5.2907e-11 1.0038e-11 3.6931e-11 1.0566e-12 9.9270e-13
2.3800e+02 5.3290e-11 5.3775e-11 9.8911e-12 3.7529e-11 1.0402e-12 9.7867e-13
2.3500e+02 5.4103e-11 5.2488e-11 1.0113e-11 3.6640e-11 1.0651e-12 9.9985e-13
2.3700e+02 5.3558e-11 5.3336e-11 9.9641e-12 3.7227e-11 1.0483e-12 9.8564e-13
2.4000e+02 5.2760e-11 5.4680e-11 9.7478e-12 3.8155e-11 1.0241e-12 9.6496e-13
2.4600e+02 5.1227e-11 5.7625e-11 9.3389e-12 4.0163e-11 9.7828e-13 9.2567e-13
2.4100e+02 5.2498e-11 5.5147e-11 9.6775e-12 3.8475e-11 1.0162e-12 9.5822e-13
2.4400e+02 5.1729e-11 5.6604e-11 9.4718e-12 3.9467e-11 9.9316e-13 9.3847e-13
2.5000e+02 5.0245e-11 5.9805e-11 9.0827e-12 4.1621e-11 9.4961e-13 9.0093e-13
2.4300e+02 5.1982e-11 5.6106e-11 9.5395e-12 3.9131e-11 1.0007e-12 9.4498e-13
2.4700e+02 5.0979e-11 5.8155e-11 9.2737e-12 4.0518e-11 9.7098e-13 9.1938e-13
2.4500e+02 5.1477e-11 5.7109e-11 9.4050e-12 3.9812e-11 9.8567e-13 9.3203e-13
2.6000e+02 4.7889e-11 6.6048e-11 8.4925e-12 4.5668e-11 8.8380e-13 8.4362e-13
2.5100e+02 5.0003e-11 6.0381e-11 9.0205e-12 4.2000e-11 9.4266e-13 8.9492e-13
2.4900e+02 5.0488e-11 5.9245e-11 9.1456e-12 4.1245e-11 9.5664e-13 9.0701e-13
2.5200e+02 4.9762e-11 6.0965e-11 8.9591e-12 4.2385e-11 9.3580e-13 8.8897e-13
2.4200e+02 5.2239e-11 5.5621e-11 9.6081e-12 3.8800e-11 1.0084e-12 9.5156e-13
2.4800e+02 5.0733e-11 5.8696e-11 9.2092e-12 4.0878e-11 9.6376e-13 9.1316e-13
2.6300e+02 4.7209e-11 6.8149e-11 8.3283e-12 4.6986e-11 8.6555e-13 8.2759e-13
2.5400e+02 4.9283e-11 6.2165e-11 8.8383e-12 4.3174e-11 9.2232e-13 8.7726e-13
2.5300e+02 4.9522e-11 6.1559e-11 8.8983e-12 4.2778e-11 9.2902e-13 8.8308e-13
2.5900e+02 4.8118e-11 6.5371e-11 8.5485e-12 4.5240e-11 8.9003e-13 8.4908e-13
2.5500e+02 4.9046e-11 6.2783e-11 8.7790e-12 4.3575e-11 9.1571e-13 8.7150e-13
2.5700e+02 4.8579e-11 6.4054e-11 8.6624e-12 4.4397e-11 9.0271e-13 8.6017e-13
2.5600e+02 4.8812e-11 6.3415e-11 8.7204e-12 4.3984e-11 9.0917e-13 8.6581e-13
2.5800e+02 4.8348e-11 6.4705e-11 8.6052e-12 4.4818e-11 8.9633e-13 8.5459e-13
2.6400e+02 4.6985e-11 6.8874e-11 8.2747e-12 4.7435e-11 8.5961e-13 8.2235e-13
2.6200e+02 4.7434e-11 6.7436e-11 8.3824e-12 4.6542e-11 8.7156e-13 8.3288e-13
2.6100e+02 4.7662e-11 6.6735e-11 8.4372e-12 4.6103e-11 8.7765e-13 8.3822e-13
2.6700e+02 4.6317e-11 7.1114e-11 8.1176e-12 4.8804e-11 8.4220e-13 8.0697e-13
2.6500e+02 4.6761e-11 6.9610e-11 8.2218e-12 4.7888e-11 8.5374e-13 8.1717e-13
2.6600e+02 4.6539e-11 7.0355e-11 8.1694e-12 4.8344e-11 8.4794e-13 8.1205e-13
2.6800e+02 4.6097e-11 7.1884e-11 8.0663e-12 4.9266e-11 8.3653e-13 8.0195e-13
2.7100e+02 4.5444e-11 7.4253e-11 7.9158e-12 5.0675e-11 8.1991e-13 7.8718e-13
2.6900e+02 4.5878e-11 7.2663e-11 8.0156e-12 4.9732e-11 8.3093e-13 7.9698e-13
2.7600e+02 4.4377e-11 7.8408e-11 7.6752e-12 5.3064e-11 7.9344e-13 7.6352e-13
2.7200e+02 4.5229e-11 7.5064e-11 7.8667e-12 5.1149e-11 8.1450e-13 7.8235e-13
2.7000e+02 4.5661e-11 7.3451e-11 7.9654e-12 5.0204e-11 8.2539e-13 7.9205e-13
2.7300e+02 4.5014e-11 7.5887e-11 7.8180e-12 5.1626e-11 8.0914e-13 7.7758e-13
2.7400e+02 4.4801e-11 7.6718e-11 7.7699e-12 5.2105e-11 8.0385e-13 7.7285e-13
2.7500e+02 4.4589e-11 7.7557e-11 7.7223e-12 5.2583e-11 7.9861e-13 7.6816e-13
2.7700e+02 4.4166e-11 7.9272e-11 7.6286e-12 5.3544e-11 7.8832e-13 7.5893e-13
2.7900e+02 4.3746e-11 8.1021e-11 7.5367e-12 5.4508e-11 7.7826e-13 7.4988e-13
2.7800e+02 4.3956e-11 8.0144e-11 7.5824e-12 5.4025e-11 7.8326e-13 7.5438e-13
2.8000e+02 4.3537e-11 8.1908e-11 7.4915e-12 5.4989e-11 7.7331e-13 7.4542e-13
2.8100e+02 4.3328e-11 8.2805e-11 7.4467e-12 5.5465e-11 7.6841e-13 7.4100e-13
2.8200e+02 4.3120e-11 8.3702e-11 7.4023e-12 5.5943e-11 7.6357e-13 7.3662e-13
2.8300e+02 4.2914e-11 8.4605e-11 7.3584e-12 5.6418e-11 7.5878e-13 7.3229e-13
2.8400e+02 4.2709e-11 8.5511e-11 7.3149e-12 5.6888e-11 7.5405e-13 7.2799e-13
2.8800e+02 4.1893e-11 8.9199e-11 7.1451e-12 5.8730e-11 7.3560e-13 7.1121e-13
2.8600e+02 4.2299e-11 8.7344e-11 7.2291e-12 5.7817e-11 7.4472e-13 7.1952e-13
2.8500e+02 4.2504e-11 8.6424e-11 7.2718e-12 5.7354e-11 7.4936e-13 7.2374e-13
2.8700e+02 4.2095e-11 8.8271e-11 7.1869e-12 5.8276e-11 7.4014e-13 7.1535e-13
2.8900e+02 4.1691e-11 9.0122e-11 7.1036e-12 5.9180e-11 7.3112e-13 7.0711e-13
2.9000e+02 4.1490e-11 9.1045e-11 7.0626e-12 5.9623e-11 7.2668e-13 7.0305e-13
2.9200e+02 4.1088e-11 9.2894e-11 6.9816e-12 6.0485e-11 7.1794e-13 6.9504e-13
2.9100e+02 4.1289e-11 9.1970e-11 7.0219e-12 6.0058e-11 7.2228e-13 6.9903e-13
2.9500e+02 4.0490e-11 9.5639e-11 6.8629e-12 6.1720e-11 7.0517e-13 6.8329e-13
2.9300e+02 4.0888e-11 9.3813e-11 6.9417e-12 6.0906e-11 7.1363e-13 6.9109e-13
2.9400e+02 4.0688e-11 9.4726e-11 6.9021e-12 6.1319e-11 7.0938e-13 6.8717e-13
2.9600e+02 4.0292e-11 9.6544e-11 6.8241e-12 6.2111e-11 7.0100e-13 6.7945e-13
3.0400e+02 3.8725e-11 1.0341e-10 6.5256e-12 6.4782e-11 6.6915e-13 6.4988e-13
2.9800e+02 3.9897e-11 9.8340e-11 6.7475e-12 6.2858e-11 6.9279e-13 6.7186e-13
3.0000e+02 3.9505e-11 1.0009e-10 6.6722e-12 6.3554e-11 6.8475e-13 6.6441e-13
2.9700e+02 4.0094e-11 9.7447e-11 6.7856e-12 6.2490e-11 6.9687e-13 6.7564e-13
2.9900e+02 3.9701e-11 9.9223e-11 6.7097e-12 6.3213e-11 6.8875e-13 6.6812e-13
3.0100e+02 3.9310e-11 1.0094e-10 6.6351e-12 6.3883e-11 6.8079e-13 6.6073e-13
3.0300e+02 3.8920e-11 1.0260e-10 6.5618e-12 6.4497e-11 6.7299e-13 6.5347e-13
3.0800e+02 3.7955e-11 1.0642e-10 6.3841e-12 6.5767e-11 6.5417e-13 6.3585e-13
3.0200e+02 3.9115e-11 1.0178e-10 6.5983e-12 6.4196e-11 6.7687e-13 6.5708e-13
3.1300e+02 3.6998e-11 1.0959e-10 6.2137e-12 6.6583e-11 6.3626e-13 6.1898e-13
3.0700e+02 3.8147e-11 1.0570e-10 6.4190e-12 6.5548e-11 6.5786e-13 6.3932e-13
3.0500e+02 3.8532e-11 1.0419e-10 6.4898e-12 6.5054e-11 6.6535e-13 6.4633e-13
3.0600e+02 3.8339e-11 1.0496e-10 6.4542e-12 6.5311e-11 6.6159e-13 6.4281e-13
3.1200e+02 3.7188e-11 1.0902e-10 6.2472e-12 6.6459e-11 6.3978e-13 6.2230e-13
3.0900e+02 3.7762e-11 1.0711e-10 6.3494e-12 6.5967e-11 6.5052e-13 6.3242e-13
3.1500e+02 3.6618e-11 1.1064e-10 6.1476e-12 6.6774e-11 6.2934e-13 6.1243e-13
3.1100e+02 3.7379e-11 1.0841e-10 6.2810e-12 6.6314e-11 6.4332e-13 6.2564e-13
3.1700e+02 3.6240e-11 1.1155e-10 6.0825e-12 6.6881e-11 6.2255e-13 6.0598e-13
3.1400e+02 3.6808e-11 1.1013e-10 6.1805e-12 6.6687e-11 6.3279e-13 6.1569e-13
3.1000e+02 3.7571e-11 1.0777e-10 6.3151e-12 6.6150e-11 6.4690e-13 6.2902e-13
3.1600e+02 3.6429e-11 1.1111e-10 6.1149e-12 6.6838e-11 6.2593e-13 6.0919e-13
3.1900e+02 3.5863e-11 1.1230e-10 6.0185e-12 6.6906e-11 6.1589e-13 5.9964e-13
3.1800e+02 3.6051e-11 1.1195e-10 6.0504e-12 6.6905e-11 6.1920e-13 6.0280e-13
3.2000e+02 3.5675e-11 1.1261e-10 5.9869e-12 6.6890e-11 6.1260e-13 5.9651e-13
3.2100e+02 3.5488e-11 1.1289e-10 5.9555e-12 6.6852e-11 6.0935e-13 5.9341e-13
3.2200e+02 3.5301e-11 1.1312e-10 5.9244e-12 6.6791e-11 6.0613e-13 5.9033e-13
3.2700e+02 3.4373e-11 1.1364e-10 5.7726e-12 6.6195e-11 5.9046e-13 5.7530e-13
3.2300e+02 3.5114e-11 1.1331e-10 5.8936e-12 6.6714e-11 6.0294e-13 5.8727e-13
3.2600e+02 3.4557e-11 1.1362e-10 5.8025e-12 6.6358e-11 5.9354e-13 5.7826e-13
3.2400e+02 3.4928e-11 1.1346e-10 5.8630e-12 6.6618e-11 5.9977e-13 5.8424e-13
3.2500e+02 3.4742e-11 1.1356e-10 5.8326e-12 6.6498e-11 5.9664e-13 5.8124e-13
3.2800e+02 3.4188e-11 1.1361e-10 5.7429e-12 6.6015e-11 5.8741e-13 5.7237e-13
3.2900e+02 3.4004e-11 1.1353e-10 5.7135e-12 6.5815e-11 5.8439e-13 5.6946e-13
3.3000e+02 3.3820e-11 1.1340e-10 5.6843e-12 6.5595e-11 5.8140e-13 5.6658e-13
3.3100e+02 3.3637e-11 1.1323e-10 5.6554e-12 6.5356e-11 5.7843e-13 5.6371e-13
3.3200e+02 3.3455e-11 1.1302e-10 5.6266e-12 6.5099e-11 5.7550e-13 5.6087e-13
3.3300e+02 3.3273e-11 1.1277e-10 5.5981e-12 6.4825e-11 5.7258e-13 5.5806e-13
3.3400e+02 3.3092e-11 1.1248e-10 5.5698e-12 6.4535e-11 5.6970e-13 5.5526e-13
3.3700e+02 3.2550e-11 1.1137e-10 5.4863e-12 6.3570e-11 5.6119e-13 5.4701e-13
3.3500e+02 3.2911e-11 1.1215e-10 5.5417e-12 6.4230e-11 5.6684e-13 5.5249e-13
3.3600e+02 3.2730e-11 1.1177e-10 5.5139e-12 6.3908e-11 5.6400e-13 5.4974e-13
3.3800e+02 3.2370e-11 1.1092e-10 5.4588e-12 6.3220e-11 5.5840e-13 5.4430e-13
3.3900e+02 3.2191e-11 1.1043e-10 5.4316e-12 6.2853e-11 5.5564e-13 5.4161e-13
3.4000e+02 3.2012e-11 1.0991e-10 5.4046e-12 6.2473e-11 5.5290e-13 5.3895e-13
3.4100e+02 3.1834e-11 1.0935e-10 5.3778e-12 6.2081e-11 5.5019e-13 5.3631e-13
3.4300e+02 3.1479e-11 1.0814e-10 5.3248e-12 6.1262e-11 5.4483e-13 5.3108e-13
3.4200e+02 3.1656e-11 1.0876e-10 5.3512e-12 6.1677e-11 5.4750e-13 5.3368e-13
3.4800e+02 3.0602e-11 1.0462e-10 5.1959e-12 5.9039e-11 5.3184e-13 5.1836e-13
3.4700e+02 3.0776e-11 1.0538e-10 5.2213e-12 5.9502e-11 5.3439e-13 5.2086e-13
3.4500e+02 3.1127e-11 1.0681e-10 5.2727e-12 6.0403e-11 5.3957e-13 5.2593e-13
3.4900e+02 3.0428e-11 1.0384e-10 5.1707e-12 5.8566e-11 5.2930e-13 5.1588e-13
3.4400e+02 3.1303e-11 1.0749e-10 5.2986e-12 6.0837e-11 5.4219e-13 5.2849e-13
3.5100e+02 3.0083e-11 1.0222e-10 5.1209e-12 5.7601e-11 5.2430e-13 5.1096e-13
3.5000e+02 3.0255e-11 1.0304e-10 5.1457e-12 5.8086e-11 5.2679e-13 5.1341e-13
3.4600e+02 3.0951e-11 1.0611e-10 5.2469e-12 5.9957e-11 5.3697e-13 5.2339e-13
3.5300e+02 2.9740e-11 1.0053e-10 5.0718e-12 5.6610e-11 5.1938e-13 5.0612e-13
3.5500e+02 2.9400e-11 9.8778e-11 5.0235e-12 5.5604e-11 5.1454e-13 5.0136e-13
3.5700e+02 2.9062e-11 9.6985e-11 4.9759e-12 5.4582e-11 5.0978e-13 4.9666e-13
3.5600e+02 2.9230e-11 9.7886e-11 4.9996e-12 5.5094e-11 5.1215e-13 4.9900e-13
3.5400e+02 2.9569e-11 9.9658e-11 5.0475e-12 5.6110e-11 5.1695e-13 5.0373e-13
3.6000e+02 2.8559e-11 9.4232e-11 4.9059e-12 5.3037e-11 5.0278e-13 4.8975e-13
3.5200e+02 2.9911e-11 1.0138e-10 5.0962e-12 5.7108e-11 5.2183e-13 5.0853e-13
3.6700e+02 2.7409e-11 8.7703e-11 4.7486e-12 4.9427e-11 4.8709e-13 4.7422e-13
3.6400e+02 2.7897e-11 9.0507e-11 4.8149e-12 5.0971e-11 4.9371e-13 4.8078e-13
3.6100e+02 2.8392e-11 9.3304e-11 4.8829e-12 5.2521e-11 5.0048e-13 4.8748e-13
3.6800e+02 2.7247e-11 8.6776e-11 4.7268e-12 4.8916e-11 4.8492e-13 4.7206e-13
3.7000e+02 2.6926e-11 8.4931e-11 4.6837e-12 4.7903e-11 4.8063e-13 4.6780e-13
3.5800e+02 2.8894e-11 9.6074e-11 4.9524e-12 5.4068e-11 5.0742e-13 4.9434e-13
3.6600e+02 2.7571e-11 8.8634e-11 4.7705e-12 4.9940e-11 4.8928e-13 4.7639e-13
3.5900e+02 2.8726e-11 9.5155e-11 4.9290e-12 5.3553e-11 5.0509e-13 4.9204e-13
3.7100e+02 2.6767e-11 8.4013e-11 4.6625e-12 4.7401e-11 4.7850e-13 4.6569e-13
3.7300e+02 2.6450e-11 8.2198e-11 4.6204e-12 4.6410e-11 4.7431e-13 4.6152e-13
3.6200e+02 2.8227e-11 9.2374e-11 4.8601e-12 5.2005e-11 4.9821e-13 4.8523e-13
3.6300e+02 2.8061e-11 9.1442e-11 4.8374e-12 5.1488e-11 4.9595e-13 4.8300e-13
3.6500e+02 2.7733e-11 8.9570e-11 4.7927e-12 5.0455e-11 4.9148e-13 4.7857e-13
3.6900e+02 2.7087e-11 8.5852e-11 4.7052e-12 4.8408e-11 4.8276e-13 4.6992e-13
3.7400e+02 2.6293e-11 8.1299e-11 4.5996e-12 4.5919e-11 4.7224e-13 4.5946e-13
3.7600e+02 2.5981e-11 7.9521e-11 4.5585e-12 4.4949e-11 4.6814e-13 4.5538e-13
3.7500e+02 2.6136e-11 8.0405e-11 4.5789e-12 4.5432e-11 4.7018e-13 4.5741e-13
3.7700e+02 2.5826e-11 7.8646e-11 4.5382e-12 4.4470e-11 4.6612e-13 4.5336e-13
3.7900e+02 2.5519e-11 7.6923e-11 4.4980e-12 4.3524e-11 4.6211e-13 4.4937e-13
3.8000e+02 2.5366e-11 7.6077e-11 4.4782e-12 4.3058e-11 4.6013e-13 4.4740e-13
3.8100e+02 2.5214e-11 7.5240e-11 4.4585e-12 4.2598e-11 4.5817e-13 4.4544e-13
3.7800e+02 2.5673e-11 7.7779e-11 4.5180e-12 4.3995e-11 4.6411e-13 4.5136e-13
3.8400e+02 2.4764e-11 7.2789e-11 4.4003e-12 4.1245e-11 4.5236e-13 4.3964e-13
3.8300e+02 2.4913e-11 7.3597e-11 4.4195e-12 4.1691e-11 4.5428e-13 4.4156e-13
3.8600e+02 2.4468e-11 7.1202e-11 4.3623e-12 4.0370e-11 4.4856e-13 4.3584e-13
3.8200e+02 2.5063e-11 7.4415e-11 4.4389e-12 4.2142e-11 4.5622e-13 4.4349e-13
3.7200e+02 2.6608e-11 8.3102e-11 4.6413e-12 4.6904e-11 4.7640e-13 4.6360e-13
3.8700e+02 2.4321e-11 7.0424e-11 4.3435e-12 3.9942e-11 4.4668e-13 4.3396e-13
3.8500e+02 2.4615e-11 7.1991e-11 4.3812e-12 4.0805e-11 4.5045e-13 4.3773e-13
3.8800e+02 2.4175e-11 6.9657e-11 4.3248e-12 3.9519e-11 4.4481e-13 4.3209e-13
3.8900e+02 2.4029e-11 6.8903e-11 4.3063e-12 3.9103e-11 4.4296e-13 4.3024e-13
3.9000e+02 2.3885e-11 6.8163e-11 4.2880e-12 3.8692e-11 4.4112e-13 4.2840e-13
3.9200e+02 2.3599e-11 6.6716e-11 4.2517e-12 3.7885e-11 4.3749e-13 4.2476e-13
3.9100e+02 2.3742e-11 6.7435e-11 4.2698e-12 3.8286e-11 4.3930e-13 4.2658e-13
3.9300e+02 2.3458e-11 6.6009e-11 4.2338e-12 3.7491e-11 4.3569e-13 4.2296e-13
3.9500e+02 2.3176e-11 6.4630e-11 4.1983e-12 3.6720e-11 4.3213e-13 4.1940e-13
3.9600e+02 2.3037e-11 6.3959e-11 4.1808e-12 3.6343e-11 4.3037e-13 4.1764e-13
3.9700e+02 2.2899e-11 6.3299e-11 4.1634e-12 3.5972e-11 4.2862e-13 4.1589e-13
3.9900e+02 2.2624e-11 6.2010e-11 4.1291e-12 3.5248e-11 4.2516e-13 4.1242e-13
4.0200e+02 2.2218e-11 6.0158e-11 4.0786e-12 3.4206e-11 4.2007e-13 4.0731e-13
3.9800e+02 2.2761e-11 6.2649e-11 4.1462e-12 3.5607e-11 4.2689e-13 4.1415e-13
4.0100e+02 2.2353e-11 6.0766e-11 4.0953e-12 3.4547e-11 4.2175e-13 4.0900e-13
4.0000e+02 2.2488e-11 6.1382e-11 4.1121e-12 3.4894e-11 4.2345e-13 4.1071e-13
3.9400e+02 2.3317e-11 6.5313e-11 4.2160e-12 3.7102e-11 4.3390e-13 4.2117e-13
4.0700e+02 2.1560e-11 5.7292e-11 3.9969e-12 3.2583e-11 4.1181e-13 3.9904e-13
4.0600e+02 2.1690e-11 5.7845e-11 4.0130e-12 3.2897e-11 4.1344e-13 4.0067e-13
4.0500e+02 2.1821e-11 5.8407e-11 4.0292e-12 3.3217e-11 4.1508e-13 4.0231e-13
4.0400e+02 2.1953e-11 5.8979e-11 4.0455e-12 3.3541e-11 4.1673e-13 4.0397e-13
4.0800e+02 2.1431e-11 5.6751e-11 3.9810e-12 3.2274e-11 4.1019e-13 3.9741e-13
4.1000e+02 2.1176e-11 5.5699e-11 3.9495e-12 3.1672e-11 4.0699e-13 3.9421e-13
4.1400e+02 2.0675e-11 5.3718e-11 3.8878e-12 3.0531e-11 4.0073e-13 3.8792e-13
4.1100e+02 2.1049e-11 5.5189e-11 3.9339e-12 3.1379e-11 4.0541e-13 3.9262e-13
4.1200e+02 2.0923e-11 5.4688e-11 3.9184e-12 3.1091e-11 4.0384e-13 3.9104e-13
4.0900e+02 2.1303e-11 5.6220e-11 3.9652e-12 3.1970e-11 4.0859e-13 3.9580e-13
4.1700e+02 2.0309e-11 5.2330e-11 3.8428e-12 2.9729e-11 3.9614e-13 3.8332e-13
4.2200e+02 1.9716e-11 5.0199e-11 3.7700e-12 2.8488e-11 3.8869e-13 3.7587e-13
4.2600e+02 1.9259e-11 4.8649e-11 3.7138e-12 2.7577e-11 3.8292e-13 3.7009e-13
4.1300e+02 2.0799e-11 5.4198e-11 3.9031e-12 3.0809e-11 4.0228e-13 3.8948e-13
4.2700e+02 1.9147e-11 4.8282e-11 3.6999e-12 2.7361e-11 3.8150e-13 3.6867e-13
4.1900e+02 2.0069e-11 5.1451e-11 3.8134e-12 2.9219e-11 3.9313e-13 3.8031e-13
4.0300e+02 2.2085e-11 5.9562e-11 4.0620e-12 3.3870e-11 4.1839e-13 4.0563e-13
4.1600e+02 2.0430e-11 5.2784e-11 3.8577e-12 2.9992e-11 3.9766e-13 3.8484e-13
4.2000e+02 1.9951e-11 5.1025e-11 3.7988e-12 2.8971e-11 3.9164e-13 3.7882e-13
4.1500e+02 2.0552e-11 5.3247e-11 3.8727e-12 3.0259e-11 3.9919e-13 3.8638e-13
4.2100e+02 1.9833e-11 5.0608e-11 3.7844e-12 2.8728e-11 3.9016e-13 3.7734e-13
4.2300e+02 1.9601e-11 4.9798e-11 3.7558e-12 2.8254e-11 3.8724e-13 3.7441e-13
4.2500e+02 1.9372e-11 4.9024e-11 3.7277e-12 2.7798e-11 3.8435e-13 3.7152e-13
4.1800e+02 2.0189e-11 5.1886e-11 3.8280e-12 2.9472e-11 3.9463e-13 3.8181e-13
4.2800e+02 1.9035e-11 4.7923e-11 3.6862e-12 2.7149e-11 3.8009e-13 3.6726e-13
4.2400e+02 1.9486e-11 4.9407e-11 3.7417e-12 2.8024e-11 3.8579e-13 3.7296e-13
4.3000e+02 1.8815e-11 4.7232e-11 3.6591e-12 2.6737e-11 3.7730e-13 3.6447e-13
4.2900e+02 1.8925e-11 4.7573e-11 3.6726e-12 2.6941e-11 3.7869e-13 3.6586e-13
4.3100e+02 1.8706e-11 4.6898e-11 3.6457e-12 2.6537e-11 3.7592e-13 3.6309e-13
4.3200e+02 1.8598e-11 4.6572e-11 3.6324e-12 2.6340e-11 3.7455e-13 3.6171e-13
4.3300e+02 1.8491e-11 4.6253e-11 3.6191e-12 2.6149e-11 3.7319e-13 3.6035e-13
4.3500e+02 1.8279e-11 4.5637e-11 3.5930e-12 2.5777e-11 3.7049e-13 3.5766e-13
4.3400e+02 1.8384e-11 4.5941e-11 3.6060e-12 2.5961e-11 3.7184e-13 3.5900e-13
4.3600e+02 1.8174e-11 4.5338e-11 3.5800e-12 2.5597e-11 3.6916e-13 3.5633e-13
4.3700e+02 1.8071e-11 4.5047e-11 3.5672e-12 2.5421e-11 3.6783e-13 3.5500e-13
4.4100e+02 1.7664e-11 4.3947e-11 3.5167e-12 2.4754e-11 3.6261e-13 3.4980e-13
4.3800e+02 1.7968e-11 4.4762e-11 3.5544e-12 2.5249e-11 3.6651e-13 3.5369e-13
4.4000e+02 1.7765e-11 4.4212e-11 3.5292e-12 2.4916e-11 3.6390e-13 3.5109e-13
4.3900e+02 1.7866e-11 4.4483e-11 3.5418e-12 2.5080e-11 3.6520e-13 3.5239e-13
4.4200e+02 1.7565e-11 4.3690e-11 3.5043e-12 2.4596e-11 3.6133e-13 3.4853e-13
4.4300e+02 1.7466e-11 4.3438e-11 3.4920e-12 2.4441e-11 3.6006e-13 3.4726e-13
4.4400e+02 1.7368e-11 4.3193e-11 3.4797e-12 2.4289e-11 3.5879e-13 3.4600e-13
4.4500e+02 1.7271e-11 4.2955e-11 3.4676e-12 2.4141e-11 3.5753e-13 3.4475e-13
4.4600e+02 1.7175e-11 4.2723e-11 3.4555e-12 2.3995e-11 3.5629e-13 3.4351e-13
4.4700e+02 1.7079e-11 4.2497e-11 3.4435e-12 2.3853e-11 3.5505e-13 3.4227e-13
4.4800e+02 1.6985e-11 4.2276e-11 3.4316e-12 2.3714e-11 3.5381e-13 3.4105e-13
4.4900e+02 1.6891e-11 4.2061e-11 3.4198e-12 2.3578e-11 3.5259e-13 3.3983e-13
4.5200e+02 1.6615e-11 4.1451e-11 3.3848e-12 2.3190e-11 3.4897e-13 3.3624e-13
4.5100e+02 1.6706e-11 4.1649e-11 3.3964e-12 2.3317e-11 3.5017e-13 3.3743e-13
4.5000e+02 1.6798e-11 4.1852e-11 3.4081e-12 2.3446e-11 3.5137e-13 3.3863e-13
4.5300e+02 1.6524e-11 4.1258e-11 3.3733e-12 2.3067e-11 3.4778e-13 3.3506e-13
4.5700e+02 1.6170e-11 4.0541e-11 3.3281e-12 2.2603e-11 3.4309e-13 3.3042e-13
4.5500e+02 1.6346e-11 4.0890e-11 3.3506e-12 2.2829e-11 3.4542e-13 3.3272e-13
4.5400e+02 1.6435e-11 4.1072e-11 3.3619e-12 2.2947e-11 3.4659e-13 3.3389e-13
4.5600e+02 1.6257e-11 4.0713e-11 3.3393e-12 2.2714e-11 3.4425e-13 3.3157e-13
4.5800e+02 1.6083e-11 4.0375e-11 3.3169e-12 2.2493e-11 3.4194e-13 3.2928e-13
4.6000e+02 1.5912e-11 4.0058e-11 3.2949e-12 2.2282e-11 3.3966e-13 3.2703e-13
4.6100e+02 1.5828e-11 3.9907e-11 3.2840e-12 2.2180e-11 3.3853e-13 3.2591e-13
4.6200e+02 1.5745e-11 3.9762e-11 3.2731e-12 2.2081e-11 3.3741e-13 3.2481e-13
4.5900e+02 1.5997e-11 4.0214e-11 3.3059e-12 2.2387e-11 3.4079e-13 3.2815e-13
4.6300e+02 1.5662e-11 3.9621e-11 3.2624e-12 2.1985e-11 3.3629e-13 3.2371e-13
4.6400e+02 1.5580e-11 3.9484e-11 3.2517e-12 2.1891e-11 3.3519e-13 3.2262e-13
4.6600e+02 1.5418e-11 3.9225e-11 3.2305e-12 2.1711e-11 3.3300e-13 3.2046e-13
4.6700e+02 1.5338e-11 3.9102e-11 3.2200e-12 2.1625e-11 3.3191e-13 3.1939e-13
4.6800e+02 1.5259e-11 3.8983e-11 3.2095e-12 2.1541e-11 3.3083e-13 3.1834e-13
4.6500e+02 1.5499e-11 3.9352e-11 3.2410e-12 2.1800e-11 3.3409e-13 3.2154e-13
4.7100e+02 1.5027e-11 3.8653e-11 3.1786e-12 2.1303e-11 3.2765e-13 3.1520e-13
4.6900e+02 1.5181e-11 3.8869e-11 3.1992e-12 2.1460e-11 3.2977e-13 3.1728e-13
4.7400e+02 1.4800e-11 3.8366e-11 3.1483e-12 2.1084e-11 3.2452e-13 3.1214e-13
4.7000e+02 1.5104e-11 3.8758e-11 3.1889e-12 2.1380e-11 3.2870e-13 3.1624e-13
4.7300e+02 1.4875e-11 3.8457e-11 3.1584e-12 2.1155e-11 3.2556e-13 3.1316e-13
4.7500e+02 1.4726e-11 3.8279e-11 3.1383e-12 2.1015e-11 3.2350e-13 3.1114e-13
4.7600e+02 1.4652e-11 3.8196e-11 3.1284e-12 2.0949e-11 3.2248e-13 3.1014e-13
4.7700e+02 1.4579e-11 3.8117e-11 3.1186e-12 2.0885e-11 3.2146e-13 3.0915e-13
4.7800e+02 1.4507e-11 3.8042e-11 3.1088e-12 2.0823e-11 3.2046e-13 3.0816e-13
4.8000e+02 1.4365e-11 3.7903e-11 3.0894e-12 2.0705e-11 3.1846e-13 3.0622e-13
4.7900e+02 1.4436e-11 3.7970e-11 3.0990e-12 2.0763e-11 3.1946e-13 3.0719e-13
4.8100e+02 1.4295e-11 3.7839e-11 3.0797e-12 2.0649e-11 3.1748e-13 3.0526e-13
4.7200e+02 1.4950e-11 3.8553e-11 3.1685e-12 2.1228e-11 3.2660e-13 3.1418e-13
4.8300e+02 1.4156e-11 3.7723e-11 3.0607e-12 2.0542e-11 3.1552e-13 3.0335e-13
4.8200e+02 1.4225e-11 3.7779e-11 3.0702e-12 2.0594e-11 3.1650e-13 3.0430e-13
4.8500e+02 1.4020e-11 3.7623e-11 3.0419e-12 2.0444e-11 3.1360e-13 3.0148e-13
4.8400e+02 1.4088e-11 3.7671e-11 3.0512e-12 2.0492e-11 3.1456e-13 3.0241e-13
4.8900e+02 1.3755e-11 3.7471e-11 3.0049e-12 2.0270e-11 3.0982e-13 2.9781e-13
4.8800e+02 1.3820e-11 3.7503e-11 3.0141e-12 2.0311e-11 3.1076e-13 2.9872e-13
4.8700e+02 1.3886e-11 3.7539e-11 3.0233e-12 2.0353e-11 3.1170e-13 2.9963e-13
4.8600e+02 1.3953e-11 3.7579e-11 3.0325e-12 2.0398e-11 3.1264e-13 3.0055e-13
4.9100e+02 1.3626e-11 3.7418e-11 2.9868e-12 2.0193e-11 3.0797e-13 2.9602e-13
4.9000e+02 1.3691e-11 3.7443e-11 2.9958e-12 2.0230e-11 3.0889e-13 2.9691e-13
4.9200e+02 1.3563e-11 3.7396e-11 2.9778e-12 2.0157e-11 3.0706e-13 2.9514e-13
4.9400e+02 1.3438e-11 3.7364e-11 2.9599e-12 2.0091e-11 3.0525e-13 2.9338e-13
4.9300e+02 1.3500e-11 3.7378e-11 2.9688e-12 2.0123e-11 3.0615e-13 2.9426e-13
4.9500e+02 1.3376e-11 3.7353e-11 2.9511e-12 2.0060e-11 3.0435e-13 2.9252e-13
4.9600e+02 1.3315e-11 3.7346e-11 2.9423e-12 2.0030e-11 3.0346e-13 2.9166e-13
4.9700e+02 1.3254e-11 3.7342e-11 2.9336e-12 2.0003e-11 3.0258e-13 2.9080e-13
4.9900e+02 1.3134e-11 3.7344e-11 2.9163e-12 1.9953e-11 3.0083e-13 2.8912e-13
4.9800e+02 1.3194e-11 3.7341e-11 2.9249e-12 1.9977e-11 3.0170e-13 2.8996e-13
5.0000e+02 1.3075e-11 3.7350e-11 2.9078e-12 1.9931e-11 2.9996e-13 2.8828e-13
5.0100e+02 1.3017e-11 3.7360e-11 2.8992e-12 1.9909e-11 2.9910e-13 2.8746e-13
5.0200e+02 1.2959e-11 3.7374e-11 2.8908e-12 1.9890e-11 2.9825e-13 2.8663e-13
5.0400e+02 1.2844e-11 3.7411e-11 2.8740e-12 1.9855e-11 2.9656e-13 2.8501e-13
5.0300e+02 1.2901e-11 3.7391e-11 2.8824e-12 1.9872e-11 2.9740e-13 2.8582e-13
5.0500e+02 1.2788e-11 3.7435e-11 2.8657e-12 1.9839e-11 2.9572e-13 2.8421e-13
5.0700e+02 1.2676e-11 3.7493e-11 2.8492e-12 1.9813e-11 2.9407e-13 2.8262e-13
5.0600e+02 1.2732e-11 3.7462e-11 2.8574e-12 1.9825e-11 2.9489e-13 2.8341e-13
5.1000e+02 1.2513e-11 3.7606e-11 2.8249e-12 1.9783e-11 2.9163e-13 2.8028e-13
5.1200e+02 1.2406e-11 3.7698e-11 2.8089e-12 1.9770e-11 2.9003e-13 2.7875e-13
5.1300e+02 1.2354e-11 3.7749e-11 2.8010e-12 1.9766e-11 2.8924e-13 2.7800e-13
5.0900e+02 1.2567e-11 3.7565e-11 2.8330e-12 1.9792e-11 2.9243e-13 2.8106e-13
5.0800e+02 1.2621e-11 3.7527e-11 2.8411e-12 1.9802e-11 2.9325e-13 2.8183e-13
5.1100e+02 1.2459e-11 3.7650e-11 2.8169e-12 1.9776e-11 2.9082e-13 2.7952e-13
5.1500e+02 1.2250e-11 3.7859e-11 2.7853e-12 1.9761e-11 2.8767e-13 2.7651e-13
5.1600e+02 1.2199e-11 3.7920e-11 2.7775e-12 1.9760e-11 2.8690e-13 2.7577e-13
5.1400e+02 1.2302e-11 3.7803e-11 2.7931e-12 1.9763e-11 2.8845e-13 2.7725e-13
5.1700e+02 1.2148e-11 3.7983e-11 2.7698e-12 1.9760e-11 2.8613e-13 2.7503e-13
5.1900e+02 1.2048e-11 3.8119e-11 2.7545e-12 1.9765e-11 2.8460e-13 2.7358e-13
5.1800e+02 1.2097e-11 3.8050e-11 2.7621e-12 1.9762e-11 2.8536e-13 2.7431e-13
5.2000e+02 1.1998e-11 3.8192e-11 2.7469e-12 1.9769e-11 2.8385e-13 2.7287e-13
5.2200e+02 1.1900e-11 3.8349e-11 2.7318e-12 1.9780e-11 2.8236e-13 2.7145e-13
5.2100e+02 1.1949e-11 3.8269e-11 2.7393e-12 1.9774e-11 2.8310e-13 2.7216e-13
5.2700e+02 1.1663e-11 3.8796e-11 2.6950e-12 1.9825e-11 2.7872e-13 2.6800e-13
5.2800e+02 1.1617e-11 3.8896e-11 2.6878e-12 1.9837e-11 2.7801e-13 2.6733e-13
5.2300e+02 1.1852e-11 3.8432e-11 2.7244e-12 1.9787e-11 2.8162e-13 2.7075e-13
5.3700e+02 1.1216e-11 3.9929e-11 2.6248e-12 1.9984e-11 2.7183e-13 2.6148e-13
5.2400e+02 1.1804e-11 3.8518e-11 2.7170e-12 1.9795e-11 2.8089e-13 2.7006e-13
5.2500e+02 1.1757e-11 3.8607e-11 2.7096e-12 1.9804e-11 2.8016e-13 2.6937e-13
5.3100e+02 1.1480e-11 3.9212e-11 2.6664e-12 1.9879e-11 2.7591e-13 2.6533e-13
5.2600e+02 1.1710e-11 3.8700e-11 2.7023e-12 1.9814e-11 2.7944e-13 2.6868e-13
5.2900e+02 1.1571e-11 3.8998e-11 2.6806e-12 1.9850e-11 2.7731e-13 2.6666e-13
5.3300e+02 1.1391e-11 3.9440e-11 2.6524e-12 1.9911e-11 2.7453e-13 2.6403e-13
5.3000e+02 1.1525e-11 3.9104e-11 2.6735e-12 1.9864e-11 2.7660e-13 2.6599e-13
5.3200e+02 1.1435e-11 3.9325e-11 2.6594e-12 1.9894e-11 2.7522e-13 2.6468e-13
5.3500e+02 1.1303e-11 3.9678e-11 2.6385e-12 1.9946e-11 2.7317e-13 2.6274e-13
5.3400e+02 1.1346e-11 3.9557e-11 2.6454e-12 1.9928e-11 2.7385e-13 2.6338e-13
5.3900e+02 1.1131e-11 4.0191e-11 2.6113e-12 2.0026e-11 2.7051e-13 2.6023e-13
5.3600e+02 1.1259e-11 3.9802e-11 2.6316e-12 1.9965e-11 2.7250e-13 2.6211e-13
5.4000e+02 1.1089e-11 4.0327e-11 2.6046e-12 2.0048e-11 2.6985e-13 2.5962e-13
5.3800e+02 1.1173e-11 4.0058e-11 2.6180e-12 2.0005e-11 2.7116e-13 2.6085e-13
5.4500e+02 1.0883e-11 4.1055e-11 2.5718e-12 2.0165e-11 2.6665e-13 2.5660e-13
5.4100e+02 1.1047e-11 4.0466e-11 2.5979e-12 2.0070e-11 2.6920e-13 2.5900e-13
5.4300e+02 1.0964e-11 4.0754e-11 2.5848e-12 2.0117e-11 2.6792e-13 2.5779e-13
5.4400e+02 1.0923e-11 4.0903e-11 2.5782e-12 2.0141e-11 2.6728e-13 2.5719e-13
5.4700e+02 1.0802e-11 4.1367e-11 2.5589e-12 2.0216e-11 2.6540e-13 2.5542e-13
5.4600e+02 1.0842e-11 4.1209e-11 2.5653e-12 2.0191e-11 2.6602e-13 2.5601e-13
5.4800e+02 1.0763e-11 4.1527e-11 2.5526e-12 2.0242e-11 2.6478e-13 2.5484e-13
5.4900e+02 1.0723e-11 4.1691e-11 2.5462e-12 2.0268e-11 2.6417e-13 2.5427e-13
5.5000e+02 1.0684e-11 4.1857e-11 2.5400e-12 2.0295e-11 2.6356e-13 2.5369e-13
5.4200e+02 1.1005e-11 4.0609e-11 2.5913e-12 2.0093e-11 2.6856e-13 2.5840e-13
5.5100e+02 1.0645e-11 4.2026e-11 2.5337e-12 2.0322e-11 2.6296e-13 2.5312e-13
5.5200e+02 1.0606e-11 4.2198e-11 2.5276e-12 2.0350e-11 2.6235e-13 2.5256e-13
5.5300e+02 1.0568e-11 4.2373e-11 2.5214e-12 2.0377e-11 2.6176e-13 2.5200e-13
5.5400e+02 1.0530e-11 4.2550e-11 2.5153e-12 2.0405e-11 2.6117e-13 2.5144e-13
5.5500e+02 1.0492e-11 4.2730e-11 2.5092e-12 2.0433e-11 2.6058e-13 2.5089e-13
5.5600e+02 1.0454e-11 4.2912e-11 2.5032e-12 2.0461e-11 2.5999e-13 2.5034e-13
5.5700e+02 1.0417e-11 4.3096e-11 2.4972e-12 2.0489e-11 2.5941e-13 2.4979e-13
5.5800e+02 1.0380e-11 4.3283e-11 2.4913e-12 2.0518e-11 2.5884e-13 2.4925e-13
5.5900e+02 1.0343e-11 4.3473e-11 2.4854e-12 2.0546e-11 2.5827e-13 2.4871e-13
5.6000e+02 1.0306e-11 4.3664e-11 2.4796e-12 2.0575e-11 2.5770e-13 2.4818e-13
5.6100e+02 1.0270e-11 4.3858e-11 2.4737e-12 2.0604e-11 2.5713e-13 2.4765e-13
5.6300e+02 1.0198e-11 4.4253e-11 2.4622e-12 2.0661e-11 2.5602e-13 2.4660e-13
5.6600e+02 1.0091e-11 4.4863e-11 2.4453e-12 2.0745e-11 2.5437e-13 2.4505e-13
5.6400e+02 1.0162e-11 4.4454e-11 2.4565e-12 2.0689e-11 2.5547e-13 2.4608e-13
5.6500e+02 1.0127e-11 4.4657e-11 2.4509e-12 2.0717e-11 2.5492e-13 2.4557e-13
5.6200e+02 1.0234e-11 4.4054e-11 2.4680e-12 2.0632e-11 2.5657e-13 2.4712e-13
5.6800e+02 1.0021e-11 4.5279e-11 2.4342e-12 2.0799e-11 2.5330e-13 2.4404e-13
5.6900e+02 9.9868e-12 4.5490e-11 2.4287e-12 2.0826e-11 2.5276e-13 2.4354e-13
5.6700e+02 1.0056e-11 4.5070e-11 2.4397e-12 2.0772e-11 2.5383e-13 2.4454e-13
5.7000e+02 9.9523e-12 4.5703e-11 2.4232e-12 2.0853e-11 2.5223e-13 2.4304e-13
5.7400e+02 9.8164e-12 4.6570e-11 2.4018e-12 2.0955e-11 2.5015e-13 2.4108e-13
5.7200e+02 9.8840e-12 4.6134e-11 2.4124e-12 2.0905e-11 2.5118e-13 2.4205e-13
5.7100e+02 9.9181e-12 4.5918e-11 2.4178e-12 2.0879e-11 2.5171e-13 2.4254e-13
5.7800e+02 9.6835e-12 4.7457e-11 2.3810e-12 2.1049e-11 2.4813e-13 2.3916e-13
5.7500e+02 9.7830e-12 4.6790e-11 2.3966e-12 2.0980e-11 2.4964e-13 2.4059e-13
5.7300e+02 9.8501e-12 4.6352e-11 2.4071e-12 2.0930e-11 2.5067e-13 2.4156e-13
5.7600e+02 9.7496e-12 4.7012e-11 2.3913e-12 2.1003e-11 2.4913e-13 2.4011e-13
5.7900e+02 9.6506e-12 4.7681e-11 2.3759e-12 2.1070e-11 2.4763e-13 2.3869e-13
5.8500e+02 9.4571e-12 4.9029e-11 2.3462e-12 2.1183e-11 2.4471e-13 2.3593e-13
5.8700e+02 9.3938e-12 4.9477e-11 2.3366e-12 2.1213e-11 2.4376e-13 2.3503e-13
5.8000e+02 9.6180e-12 4.7905e-11 2.3709e-12 2.1091e-11 2.4713e-13 2.3822e-13
5.8600e+02 9.4254e-12 4.9253e-11 2.3413e-12 2.1199e-11 2.4424e-13 2.3548e-13
5.8400e+02 9.4889e-12 4.8804e-11 2.3510e-12 2.1167e-11 2.4519e-13 2.3638e-13
5.8100e+02 9.5854e-12 4.8129e-11 2.3659e-12 2.1111e-11 2.4664e-13 2.3776e-13
5.8200e+02 9.5531e-12 4.8354e-11 2.3609e-12 2.1131e-11 2.4615e-13 2.3730e-13
5.9000e+02 9.3000e-12 5.0144e-11 2.3224e-12 2.1251e-11 2.4237e-13 2.3370e-13
5.8300e+02 9.5209e-12 4.8579e-11 2.3559e-12 2.1149e-11 2.4567e-13 2.3684e-13
5.7700e+02 9.7165e-12 4.7234e-11 2.3862e-12 2.1026e-11 2.4863e-13 2.3964e-13
5.8800e+02 9.3624e-12 4.9701e-11 2.3318e-12 2.1227e-11 2.4330e-13 2.3459e-13
5.9200e+02 9.2381e-12 5.0582e-11 2.3132e-12 2.1270e-11 2.4145e-13 2.3283e-13
5.8900e+02 9.3311e-12 4.9923e-11 2.3271e-12 2.1239e-11 2.4283e-13 2.3414e-13
5.9100e+02 9.2690e-12 5.0364e-11 2.3178e-12 2.1261e-11 2.4191e-13 2.3327e-13
5.9400e+02 9.1767e-12 5.1014e-11 2.3041e-12 2.1284e-11 2.4055e-13 2.3197e-13
5.9600e+02 9.1158e-12 5.1437e-11 2.2952e-12 2.1293e-11 2.3966e-13 2.3112e-13
5.9700e+02 9.0856e-12 5.1644e-11 2.2907e-12 2.1296e-11 2.3922e-13 2.3069e-13
5.9300e+02 9.2073e-12 5.0799e-11 2.3086e-12 2.1277e-11 2.4100e-13 2.3240e-13
5.9800e+02 9.0554e-12 5.1848e-11 2.2864e-12 2.1297e-11 2.3878e-13 2.3027e-13
5.9500e+02 9.1462e-12 5.1226e-11 2.2996e-12 2.1289e-11 2.4010e-13 2.3154e-13
5.9900e+02 9.0254e-12 5.2051e-11 2.2820e-12 2.1296e-11 2.3834e-13 2.2985e-13
6.0100e+02 8.9657e-12 5.2445e-11 2.2735e-12 2.1292e-11 2.3748e-13 2.2902e-13
6.0000e+02 8.9955e-12 5.2249e-11 2.2777e-12 2.1295e-11 2.3791e-13 2.2944e-13
6.0200e+02 8.9360e-12 5.2636e-11 2.2692e-12 2.1287e-11 2.3705e-13 2.2861e-13
6.0300e+02 8.9064e-12 5.2824e-11 2.2650e-12 2.1281e-11 2.3663e-13 2.2820e-13
6.0600e+02 8.8182e-12 5.3362e-11 2.2527e-12 2.1254e-11 2.3537e-13 2.2699e-13
6.0400e+02 8.8769e-12 5.3008e-11 2.2609e-12 2.1274e-11 2.3620e-13 2.2780e-13
6.0700e+02 8.7890e-12 5.3532e-11 2.2486e-12 2.1242e-11 2.3495e-13 2.2659e-13
6.0500e+02 8.8475e-12 5.3187e-11 2.2568e-12 2.1265e-11 2.3578e-13 2.2739e-13
6.0800e+02 8.7599e-12 5.3697e-11 2.2446e-12 2.1228e-11 2.3454e-13 2.2619e-13
6.0900e+02 8.7309e-12 5.3856e-11 2.2406e-12 2.1213e-11 2.3413e-13 2.2579e-13
6.1100e+02 8.6732e-12 5.4159e-11 2.2328e-12 2.1177e-11 2.3332e-13 2.2500e-13
6.1000e+02 8.7020e-12 5.4011e-11 2.2367e-12 2.1196e-11 2.3373e-13 2.2540e-13
6.1200e+02 8.6444e-12 5.4300e-11 2.2289e-12 2.1157e-11 2.3292e-13 2.2461e-13
6.1400e+02 8.5871e-12 5.4561e-11 2.2212e-12 2.1112e-11 2.3212e-13 2.2384e-13
6.1300e+02 8.6157e-12 5.4434e-11 2.2250e-12 2.1135e-11 2.3252e-13 2.2423e-13
6.1500e+02 8.5586e-12 5.4682e-11 2.2175e-12 2.1087e-11 2.3173e-13 2.2345e-13
6.1600e+02 8.5302e-12 5.4796e-11 2.2137e-12 2.1060e-11 2.3134e-13 2.2307e-13
6.1700e+02 8.5018e-12 5.4902e-11 2.2100e-12 2.1032e-11 2.3095e-13 2.2269e-13
6.1900e+02 8.4454e-12 5.5091e-11 2.2027e-12 2.0970e-11 2.3017e-13 2.2193e-13
6.2100e+02 8.3892e-12 5.5248e-11 2.1955e-12 2.0901e-11 2.2941e-13 2.2118e-13
6.2300e+02 8.3334e-12 5.5371e-11 2.1885e-12 2.0826e-11 2.2866e-13 2.2044e-13
6.2200e+02 8.3613e-12 5.5313e-11 2.1920e-12 2.0864e-11 2.2903e-13 2.2081e-13
6.2000e+02 8.4173e-12 5.5173e-11 2.1991e-12 2.0936e-11 2.2979e-13 2.2156e-13
6.2400e+02 8.3055e-12 5.5419e-11 2.1850e-12 2.0786e-11 2.2828e-13 2.2007e-13
6.2500e+02 8.2778e-12 5.5458e-11 2.1816e-12 2.0744e-11 2.2791e-13 2.1970e-13
6.1800e+02 8.4736e-12 5.5001e-11 2.2064e-12 2.1001e-11 2.3056e-13 2.2231e-13
6.2600e+02 8.2501e-12 5.5489e-11 2.1782e-12 2.0701e-11 2.2754e-13 2.1934e-13
6.2800e+02 8.1949e-12 5.5522e-11 2.1715e-12 2.0610e-11 2.2681e-13 2.1861e-13
6.2700e+02 8.2225e-12 5.5510e-11 2.1748e-12 2.0656e-11 2.2717e-13 2.1897e-13
6.3200e+02 8.0852e-12 5.5474e-11 2.1584e-12 2.0409e-11 2.2536e-13 2.1718e-13
6.2900e+02 8.1674e-12 5.5525e-11 2.1682e-12 2.0562e-11 2.2644e-13 2.1825e-13
6.3300e+02 8.0579e-12 5.5439e-11 2.1552e-12 2.0355e-11 2.2501e-13 2.1682e-13
6.3100e+02 8.1125e-12 5.5501e-11 2.1616e-12 2.0462e-11 2.2572e-13 2.1753e-13
6.3000e+02 8.1399e-12 5.5518e-11 2.1649e-12 2.0513e-11 2.2608e-13 2.1789e-13
6.3400e+02 8.0307e-12 5.5393e-11 2.1521e-12 2.0299e-11 2.2466e-13 2.1647e-13
6.3500e+02 8.0036e-12 5.5337e-11 2.1489e-12 2.0242e-11 2.2430e-13 2.1612e-13
6.3800e+02 7.9224e-12 5.5109e-11 2.1397e-12 2.0063e-11 2.2326e-13 2.1507e-13
6.4000e+02 7.8685e-12 5.4909e-11 2.1338e-12 1.9936e-11 2.2257e-13 2.1439e-13
6.3600e+02 7.9765e-12 5.5271e-11 2.1458e-12 2.0184e-11 2.2395e-13 2.1577e-13
6.3700e+02 7.9494e-12 5.5195e-11 2.1428e-12 2.0124e-11 2.2361e-13 2.1542e-13
6.4200e+02 7.8149e-12 5.4669e-11 2.1279e-12 1.9805e-11 2.2189e-13 2.1370e-13
6.3900e+02 7.8954e-12 5.5014e-11 2.1367e-12 2.0000e-11 2.2292e-13 2.1473e-13
6.4300e+02 7.7881e-12 5.4534e-11 2.1250e-12 1.9737e-11 2.2156e-13 2.1336e-13
6.4100e+02 7.8417e-12 5.4793e-11 2.1308e-12 1.9871e-11 2.2223e-13 2.1404e-13
6.4600e+02 7.7082e-12 5.4077e-11 2.1165e-12 1.9527e-11 2.2055e-13 2.1235e-13
6.4500e+02 7.7348e-12 5.4238e-11 2.1193e-12 1.9598e-11 2.2089e-13 2.1269e-13
6.4400e+02 7.7614e-12 5.4391e-11 2.1221e-12 1.9668e-11 2.2122e-13 2.1302e-13
6.4800e+02 7.6550e-12 5.3729e-11 2.1110e-12 1.9381e-11 2.1990e-13 2.1169e-13
6.4700e+02 7.6816e-12 5.3907e-11 2.1137e-12 1.9454e-11 2.2022e-13 2.1202e-13
6.4900e+02 7.6285e-12 5.3542e-11 2.1082e-12 1.9306e-11 2.1957e-13 2.1136e-13
6.5100e+02 7.5757e-12 5.3145e-11 2.1029e-12 1.9155e-11 2.1892e-13 2.1070e-13
6.5000e+02 7.6021e-12 5.3347e-11 2.1055e-12 1.9231e-11 2.1924e-13 2.1103e-13
6.5300e+02 7.5230e-12 5.2717e-11 2.0976e-12 1.8999e-11 2.1828e-13 2.1005e-13
6.5400e+02 7.4967e-12 5.2492e-11 2.0950e-12 1.8920e-11 2.1796e-13 2.0972e-13
6.5200e+02 7.5493e-12 5.2935e-11 2.1002e-12 1.9077e-11 2.1860e-13 2.1037e-13
6.5500e+02 7.4705e-12 5.2261e-11 2.0924e-12 1.8840e-11 2.1764e-13 2.0940e-13
6.5600e+02 7.4443e-12 5.2022e-11 2.0899e-12 1.8759e-11 2.1732e-13 2.0908e-13
6.5800e+02 7.3920e-12 5.1526e-11 2.0849e-12 1.8594e-11 2.1669e-13 2.0844e-13
6.5700e+02 7.4181e-12 5.1778e-11 2.0874e-12 1.8677e-11 2.1701e-13 2.0876e-13
6.6000e+02 7.3400e-12 5.1007e-11 2.0799e-12 1.8427e-11 2.1607e-13 2.0780e-13
6.5900e+02 7.3660e-12 5.1269e-11 2.0824e-12 1.8511e-11 2.1638e-13 2.0812e-13
6.6100e+02 7.3140e-12 5.0740e-11 2.0775e-12 1.8343e-11 2.1576e-13 2.0749e-13
6.6200e+02 7.2880e-12 5.0468e-11 2.0751e-12 1.8258e-11 2.1546e-13 2.0717e-13
6.6300e+02 7.2621e-12 5.0191e-11 2.0727e-12 1.8172e-11 2.1515e-13 2.0686e-13
6.6400e+02 7.2362e-12 4.9911e-11 2.0704e-12 1.8086e-11 2.1485e-13 2.0655e-13
6.6500e+02 7.2104e-12 4.9626e-11 2.0680e-12 1.7999e-11 2.1454e-13 2.0623e-13
6.6600e+02 7.1847e-12 4.9338e-11 2.0657e-12 1.7912e-11 2.1424e-13 2.0592e-13
6.6700e+02 7.1589e-12 4.9046e-11 2.0634e-12 1.7825e-11 2.1394e-13 2.0562e-13
6.6900e+02 7.1076e-12 4.8454e-11 2.0589e-12 1.7648e-11 2.1334e-13 2.0500e-13
6.6800e+02 7.1332e-12 4.8752e-11 2.0611e-12 1.7737e-11 2.1364e-13 2.0531e-13
6.7000e+02 7.0820e-12 4.8154e-11 2.0566e-12 1.7559e-11 2.1305e-13 2.0470e-13
6.7100e+02 7.0564e-12 4.7851e-11 2.0544e-12 1.7470e-11 2.1275e-13 2.0439e-13
6.7200e+02 7.0309e-12 4.7547e-11 2.0522e-12 1.7381e-11 2.1246e-13 2.0409e-13
6.7300e+02 7.0054e-12 4.7242e-11 2.0501e-12 1.7291e-11 2.1216e-13 2.0379e-13
6.7400e+02 6.9800e-12 4.6935e-11 2.0479e-12 1.7202e-11 2.1187e-13 2.0349e-13
6.7600e+02 6.9292e-12 4.6319e-11 2.0437e-12 1.7022e-11 2.1129e-13 2.0289e-13
6.7700e+02 6.9039e-12 4.6010e-11 2.0416e-12 1.6931e-11 2.1101e-13 2.0259e-13
6.7800e+02 6.8786e-12 4.5701e-11 2.0395e-12 1.6841e-11 2.1072e-13 2.0229e-13
6.8200e+02 6.7780e-12 4.4467e-11 2.0313e-12 1.6480e-11 2.0959e-13 2.0111e-13
6.8100e+02 6.8031e-12 4.4774e-11 2.0333e-12 1.6570e-11 2.0987e-13 2.0141e-13
6.7500e+02 6.9546e-12 4.6628e-11 2.0458e-12 1.7112e-11 2.1158e-13 2.0319e-13
6.8000e+02 6.8282e-12 4.5083e-11 2.0353e-12 1.6661e-11 2.1015e-13 2.0170e-13
6.8300e+02 6.7529e-12 4.4160e-11 2.0293e-12 1.6390e-11 2.0931e-13 2.0082e-13
6.7900e+02 6.8534e-12 4.5392e-11 2.0374e-12 1.6751e-11 2.1043e-13 2.0200e-13
6.8800e+02 6.6283e-12 4.2637e-11 2.0195e-12 1.5940e-11 2.0792e-13 1.9938e-13
6.8400e+02 6.7279e-12 4.3853e-11 2.0273e-12 1.6299e-11 2.0903e-13 2.0053e-13
6.8700e+02 6.6531e-12 4.2939e-11 2.0214e-12 1.6029e-11 2.0819e-13 1.9966e-13
6.8600e+02 6.6780e-12 4.3242e-11 2.0234e-12 1.6119e-11 2.0847e-13 1.9995e-13
6.8900e+02 6.6035e-12 4.2337e-11 2.0176e-12 1.5850e-11 2.0765e-13 1.9909e-13
6.8500e+02 6.7029e-12 4.3547e-11 2.0253e-12 1.6209e-11 2.0875e-13 2.0024e-13
6.9000e+02 6.5788e-12 4.2038e-11 2.0157e-12 1.5761e-11 2.0737e-13 1.9880e-13
6.9100e+02 6.5541e-12 4.1740e-11 2.0138e-12 1.5672e-11 2.0710e-13 1.9852e-13
6.9600e+02 6.4314e-12 4.0287e-11 2.0045e-12 1.5232e-11 2.0576e-13 1.9711e-13
6.9300e+02 6.5049e-12 4.1152e-11 2.0100e-12 1.5495e-11 2.0656e-13 1.9795e-13
6.9200e+02 6.5294e-12 4.1446e-11 2.0119e-12 1.5583e-11 2.0683e-13 1.9824e-13
6.9700e+02 6.4070e-12 4.0004e-11 2.0026e-12 1.5145e-11 2.0550e-13 1.9683e-13
6.9500e+02 6.4558e-12 4.0573e-11 2.0063e-12 1.5319e-11 2.0603e-13 1.9739e-13
6.9400e+02 6.4803e-12 4.0862e-11 2.0082e-12 1.5407e-11 2.0629e-13 1.9767e-13
7.0000e+02 6.3342e-12 3.9172e-11 1.9972e-12 1.4886e-11 2.0471e-13 1.9600e-13
7.0100e+02 6.3100e-12 3.8900e-11 1.9954e-12 1.4801e-11 2.0445e-13 1.9572e-13
6.9900e+02 6.3584e-12 3.9446e-11 1.9990e-12 1.4972e-11 2.0497e-13 1.9628e-13
7.0300e+02 6.2619e-12 3.8364e-11 1.9919e-12 1.4632e-11 2.0393e-13 1.9517e-13
7.0700e+02 6.1662e-12 3.7326e-11 1.9848e-12 1.4299e-11 2.0290e-13 1.9409e-13
7.0400e+02 6.2379e-12 3.8100e-11 1.9901e-12 1.4548e-11 2.0367e-13 1.9490e-13
7.0900e+02 6.1187e-12 3.6825e-11 1.9814e-12 1.4136e-11 2.0240e-13 1.9355e-13
7.1100e+02 6.0715e-12 3.6336e-11 1.9779e-12 1.3975e-11 2.0189e-13 1.9301e-13
7.0600e+02 6.1900e-12 3.7581e-11 1.9866e-12 1.4381e-11 2.0316e-13 1.9436e-13
6.9800e+02 6.3827e-12 3.9724e-11 2.0008e-12 1.5058e-11 2.0523e-13 1.9655e-13
7.1000e+02 6.0951e-12 3.6579e-11 1.9796e-12 1.4055e-11 2.0215e-13 1.9328e-13
7.0800e+02 6.1424e-12 3.7074e-11 1.9831e-12 1.4217e-11 2.0265e-13 1.9382e-13
7.0200e+02 6.2859e-12 3.8630e-11 1.9936e-12 1.4716e-11 2.0419e-13 1.9545e-13
7.0500e+02 6.2139e-12 3.7839e-11 1.9883e-12 1.4464e-11 2.0341e-13 1.9463e-13
7.1200e+02 6.0480e-12 3.6096e-11 1.9762e-12 1.3895e-11 2.0165e-13 1.9275e-13
7.1300e+02 6.0246e-12 3.5860e-11 1.9745e-12 1.3816e-11 2.0140e-13 1.9248e-13
7.1400e+02 6.0012e-12 3.5626e-11 1.9728e-12 1.3737e-11 2.0115e-13 1.9222e-13
7.1500e+02 5.9779e-12 3.5396e-11 1.9711e-12 1.3660e-11 2.0090e-13 1.9195e-13
7.1600e+02 5.9546e-12 3.5169e-11 1.9694e-12 1.3582e-11 2.0066e-13 1.9169e-13
7.1700e+02 5.9315e-12 3.4945e-11 1.9677e-12 1.3506e-11 2.0041e-13 1.9143e-13
7.1900e+02 5.8853e-12 3.4507e-11 1.9643e-12 1.3354e-11 1.9993e-13 1.9091e-13
7.1800e+02 5.9083e-12 3.4725e-11 1.9660e-12 1.3430e-11 2.0017e-13 1.9117e-13
7.2000e+02 5.8623e-12 3.4292e-11 1.9626e-12 1.3280e-11 1.9969e-13 1.9065e-13
7.2100e+02 5.8394e-12 3.4081e-11 1.9609e-12 1.3205e-11 1.9944e-13 1.9039e-13
7.2300e+02 5.7939e-12 3.3667e-11 1.9575e-12 1.3059e-11 1.9897e-13 1.8987e-13
7.2200e+02 5.8166e-12 3.3872e-11 1.9592e-12 1.3132e-11 1.9921e-13 1.9013e-13
7.2400e+02 5.7712e-12 3.3465e-11 1.9558e-12 1.2987e-11 1.9873e-13 1.8962e-13
7.2500e+02 5.7485e-12 3.3266e-11 1.9541e-12 1.2915e-11 1.9849e-13 1.8936e-13
7.2600e+02 5.7260e-12 3.3070e-11 1.9525e-12 1.2845e-11 1.9826e-13 1.8911e-13
7.2700e+02 5.7035e-12 3.2876e-11 1.9508e-12 1.2774e-11 1.9802e-13 1.8885e-13
7.2800e+02 5.6811e-12 3.2686e-11 1.9491e-12 1.2705e-11 1.9779e-13 1.8860e-13
7.2900e+02 5.6587e-12 3.2499e-11 1.9474e-12 1.2636e-11 1.9756e-13 1.8835e-13
7.3000e+02 5.6365e-12 3.2316e-11 1.9457e-12 1.2568e-11 1.9733e-13 1.8810e-13
7.3100e+02 5.6143e-12 3.2135e-11 1.9440e-12 1.2501e-11 1.9710e-13 1.8785e-13
7.3200e+02 5.5922e-12 3.1958e-11 1.9424e-12 1.2434e-11 1.9687e-13 1.8760e-13
7.3300e+02 5.5702e-12 3.1783e-11 1.9407e-12 1.2368e-11 1.9664e-13 1.8735e-13
7.3400e+02 5.5482e-12 3.1611e-11 1.9390e-12 1.2302e-11 1.9641e-13 1.8710e-13
7.3500e+02 5.5264e-12 3.1442e-11 1.9373e-12 1.2238e-11 1.9618e-13 1.8686e-13
7.3600e+02 5.5046e-12 3.1276e-11 1.9356e-12 1.2174e-11 1.9596e-13 1.8661e-13
7.3700e+02 5.4829e-12 3.1113e-11 1.9339e-12 1.2110e-11 1.9573e-13 1.8637e-13
7.3900e+02 5.4397e-12 3.0795e-11 1.9305e-12 1.1986e-11 1.9529e-13 1.8588e-13
7.4300e+02 5.3544e-12 3.0193e-11 1.9238e-12 1.1744e-11 1.9441e-13 1.8492e-13
7.4100e+02 5.3969e-12 3.0489e-11 1.9272e-12 1.1864e-11 1.9485e-13 1.8540e-13
7.4200e+02 5.3756e-12 3.0340e-11 1.9255e-12 1.1804e-11 1.9463e-13 1.8516e-13
7.4000e+02 5.4182e-12 3.0641e-11 1.9289e-12 1.1924e-11 1.9507e-13 1.8564e-13
7.3800e+02 5.4612e-12 3.0952e-11 1.9322e-12 1.2048e-11 1.9551e-13 1.8613e-13
7.4600e+02 5.2913e-12 2.9771e-11 1.9187e-12 1.1571e-11 1.9376e-13 1.8421e-13
7.4400e+02 5.3333e-12 3.0050e-11 1.9221e-12 1.1686e-11 1.9419e-13 1.8469e-13
7.4500e+02 5.3122e-12 2.9909e-11 1.9204e-12 1.1628e-11 1.9398e-13 1.8445e-13
7.5000e+02 5.2083e-12 2.9244e-11 1.9118e-12 1.1348e-11 1.9291e-13 1.8328e-13
7.4900e+02 5.2289e-12 2.9372e-11 1.9135e-12 1.1403e-11 1.9312e-13 1.8351e-13
7.4700e+02 5.2704e-12 2.9635e-11 1.9169e-12 1.1514e-11 1.9355e-13 1.8398e-13
7.5300e+02 5.1470e-12 2.8876e-11 1.9066e-12 1.1189e-11 1.9228e-13 1.8259e-13
7.4800e+02 5.2496e-12 2.9502e-11 1.9152e-12 1.1458e-11 1.9333e-13 1.8374e-13
7.5200e+02 5.1673e-12 2.8996e-11 1.9084e-12 1.1241e-11 1.9249e-13 1.8282e-13
7.5100e+02 5.1878e-12 2.9119e-11 1.9101e-12 1.1295e-11 1.9270e-13 1.8305e-13
7.5700e+02 5.0665e-12 2.8420e-11 1.8997e-12 1.0985e-11 1.9146e-13 1.8169e-13
7.5600e+02 5.0865e-12 2.8530e-11 1.9015e-12 1.1035e-11 1.9167e-13 1.8191e-13
7.5800e+02 5.0466e-12 2.8312e-11 1.8980e-12 1.0935e-11 1.9126e-13 1.8147e-13
7.5500e+02 5.1065e-12 2.8643e-11 1.9032e-12 1.1085e-11 1.9187e-13 1.8214e-13
7.5400e+02 5.1267e-12 2.8758e-11 1.9049e-12 1.1137e-11 1.9208e-13 1.8236e-13
7.6300e+02 4.9484e-12 2.7807e-11 1.8893e-12 1.0698e-11 1.9027e-13 1.8037e-13
7.6500e+02 4.9098e-12 2.7621e-11 1.8858e-12 1.0607e-11 1.8987e-13 1.7993e-13
7.5900e+02 5.0268e-12 2.8207e-11 1.8962e-12 1.0887e-11 1.9106e-13 1.8124e-13
7.6000e+02 5.0070e-12 2.8103e-11 1.8945e-12 1.0839e-11 1.9086e-13 1.8102e-13
7.6200e+02 4.9679e-12 2.7904e-11 1.8910e-12 1.0744e-11 1.9046e-13 1.8058e-13
7.6400e+02 4.9291e-12 2.7713e-11 1.8875e-12 1.0652e-11 1.9007e-13 1.8015e-13
7.6100e+02 4.9874e-12 2.8003e-11 1.8928e-12 1.0791e-11 1.9066e-13 1.8080e-13
7.6600e+02 4.8906e-12 2.7532e-11 1.8840e-12 1.0563e-11 1.8968e-13 1.7972e-13
7.7100e+02 4.7962e-12 2.7116e-11 1.8752e-12 1.0350e-11 1.8873e-13 1.7867e-13
7.6800e+02 4.8526e-12 2.7359e-11 1.8805e-12 1.0476e-11 1.8930e-13 1.7929e-13
7.6700e+02 4.8716e-12 2.7444e-11 1.8822e-12 1.0519e-11 1.8949e-13 1.7951e-13
7.7000e+02 4.8149e-12 2.7195e-11 1.8770e-12 1.0391e-11 1.8892e-13 1.7887e-13
7.6900e+02 4.8337e-12 2.7276e-11 1.8787e-12 1.0433e-11 1.8911e-13 1.7908e-13
7.7200e+02 4.7776e-12 2.7039e-11 1.8734e-12 1.0309e-11 1.8854e-13 1.7846e-13
7.7300e+02 4.7591e-12 2.6964e-11 1.8717e-12 1.0269e-11 1.8836e-13 1.7825e-13
7.7500e+02 4.7224e-12 2.6821e-11 1.8681e-12 1.0190e-11 1.8799e-13 1.7784e-13
7.7400e+02 4.7407e-12 2.6892e-11 1.8699e-12 1.0229e-11 1.8817e-13 1.7805e-13
7.7600e+02 4.7041e-12 2.6752e-11 1.8663e-12 1.0151e-11 1.8781e-13 1.7764e-13
7.7800e+02 4.6680e-12 2.6621e-11 1.8628e-12 1.0075e-11 1.8745e-13 1.7724e-13
7.7700e+02 4.6860e-12 2.6686e-11 1.8646e-12 1.0113e-11 1.8763e-13 1.7744e-13
7.7900e+02 4.6500e-12 2.6558e-11 1.8610e-12 1.0038e-11 1.8727e-13 1.7704e-13
7.8100e+02 4.6144e-12 2.6438e-11 1.8575e-12 9.9659e-12 1.8691e-13 1.7665e-13
7.8000e+02 4.6322e-12 2.6497e-11 1.8592e-12 1.0002e-11 1.8709e-13 1.7684e-13
7.8200e+02 4.5968e-12 2.6381e-11 1.8557e-12 9.9305e-12 1.8674e-13 1.7645e-13
7.8300e+02 4.5792e-12 2.6326e-11 1.8539e-12 9.8956e-12 1.8656e-13 1.7626e-13
7.8400e+02 4.5617e-12 2.6272e-11 1.8521e-12 9.8613e-12 1.8639e-13 1.7606e-13
7.8600e+02 4.5270e-12 2.6171e-11 1.8486e-12 9.7941e-12 1.8605e-13 1.7568e-13
7.8700e+02 4.5098e-12 2.6122e-11 1.8468e-12 9.7612e-12 1.8588e-13 1.7549e-13
7.8500e+02 4.5443e-12 2.6220e-11 1.8504e-12 9.8274e-12 1.8622e-13 1.7587e-13
7.9100e+02 4.4419e-12 2.5948e-11 1.8397e-12 9.6346e-12 1.8521e-13 1.7475e-13
7.8800e+02 4.4927e-12 2.6076e-11 1.8450e-12 9.7288e-12 1.8571e-13 1.7531e-13
7.9200e+02 4.4252e-12 2.5908e-11 1.8379e-12 9.6042e-12 1.8505e-13 1.7457e-13
7.9000e+02 4.4588e-12 2.5989e-11 1.8415e-12 9.6656e-12 1.8538e-13 1.7493e-13
7.8900e+02 4.4757e-12 2.6032e-11 1.8433e-12 9.6970e-12 1.8554e-13 1.7512e-13
7.9700e+02 4.3429e-12 2.5736e-11 1.8291e-12 9.4588e-12 1.8425e-13 1.7367e-13
7.9500e+02 4.3756e-12 2.5800e-11 1.8326e-12 9.5156e-12 1.8457e-13 1.7403e-13
7.9600e+02 4.3592e-12 2.5767e-11 1.8309e-12 9.4870e-12 1.8441e-13 1.7385e-13
7.9400e+02 4.3920e-12 2.5835e-11 1.8344e-12 9.5447e-12 1.8473e-13 1.7421e-13
7.9800e+02 4.3268e-12 2.5707e-11 1.8273e-12 9.4311e-12 1.8410e-13 1.7350e-13
7.9900e+02 4.3107e-12 2.5679e-11 1.8256e-12 9.4038e-12 1.8394e-13 1.7332e-13
7.9300e+02 4.4085e-12 2.5870e-11 1.8362e-12 9.5743e-12 1.8489e-13 1.7439e-13
8.0100e+02 4.2788e-12 2.5628e-11 1.8221e-12 9.3504e-12 1.8363e-13 1.7298e-13
8.0000e+02 4.2947e-12 2.5652e-11 1.8238e-12 9.3769e-12 1.8379e-13 1.7315e-13
8.0200e+02 4.2629e-12 2.5604e-11 1.8203e-12 9.3244e-12 1.8348e-13 1.7281e-13
8.0300e+02 4.2472e-12 2.5582e-11 1.8186e-12 9.2988e-12 1.8333e-13 1.7264e-13
8.0500e+02 4.2160e-12 2.5543e-11 1.8151e-12 9.2488e-12 1.8304e-13 1.7231e-13
8.0700e+02 4.1852e-12 2.5510e-11 1.8117e-12 9.2003e-12 1.8275e-13 1.7198e-13
8.0600e+02 4.2006e-12 2.5526e-11 1.8134e-12 9.2243e-12 1.8289e-13 1.7215e-13
8.0400e+02 4.2316e-12 2.5562e-11 1.8169e-12 9.2736e-12 1.8318e-13 1.7248e-13
8.0900e+02 4.1547e-12 2.5482e-11 1.8082e-12 9.1534e-12 1.8246e-13 1.7166e-13
8.0800e+02 4.1699e-12 2.5495e-11 1.8099e-12 9.1767e-12 1.8260e-13 1.7182e-13
8.1300e+02 4.0948e-12 2.5444e-11 1.8014e-12 9.0639e-12 1.8190e-13 1.7103e-13
8.1000e+02 4.1396e-12 2.5470e-11 1.8065e-12 9.1305e-12 1.8232e-13 1.7150e-13
8.1200e+02 4.1097e-12 2.5451e-11 1.8031e-12 9.0858e-12 1.8204e-13 1.7119e-13
8.1400e+02 4.0800e-12 2.5437e-11 1.7997e-12 9.0424e-12 1.8177e-13 1.7088e-13
8.1100e+02 4.1246e-12 2.5460e-11 1.8048e-12 9.1079e-12 1.8218e-13 1.7134e-13
8.1600e+02 4.0508e-12 2.5429e-11 1.7963e-12 9.0006e-12 1.8150e-13 1.7057e-13
8.1900e+02 4.0075e-12 2.5426e-11 1.7913e-12 8.9402e-12 1.8110e-13 1.7013e-13
8.2000e+02 3.9933e-12 2.5428e-11 1.7896e-12 8.9207e-12 1.8098e-13 1.6998e-13
8.1500e+02 4.0654e-12 2.5433e-11 1.7980e-12 9.0213e-12 1.8163e-13 1.7073e-13
8.1800e+02 4.0219e-12 2.5426e-11 1.7930e-12 8.9600e-12 1.8123e-13 1.7028e-13
8.2100e+02 3.9791e-12 2.5431e-11 1.7880e-12 8.9015e-12 1.8085e-13 1.6984e-13
8.2300e+02 3.9510e-12 2.5440e-11 1.7847e-12 8.8641e-12 1.8060e-13 1.6955e-13
8.2200e+02 3.9650e-12 2.5435e-11 1.7863e-12 8.8826e-12 1.8072e-13 1.6970e-13
8.2700e+02 3.8958e-12 2.5472e-11 1.7782e-12 8.7927e-12 1.8011e-13 1.6900e-13
8.2600e+02 3.9095e-12 2.5463e-11 1.7798e-12 8.8101e-12 1.8023e-13 1.6913e-13
8.2500e+02 3.9232e-12 2.5454e-11 1.7814e-12 8.8278e-12 1.8035e-13 1.6927e-13
8.2400e+02 3.9371e-12 2.5446e-11 1.7831e-12 8.8458e-12 1.8047e-13 1.6941e-13
8.2800e+02 3.8822e-12 2.5483e-11 1.7766e-12 8.7755e-12 1.7999e-13 1.6886e-13
8.1700e+02 4.0363e-12 2.5427e-11 1.7946e-12 8.9801e-12 1.8137e-13 1.7042e-13
8.2900e+02 3.8686e-12 2.5496e-11 1.7750e-12 8.7586e-12 1.7987e-13 1.6873e-13
8.3000e+02 3.8552e-12 2.5509e-11 1.7734e-12 8.7420e-12 1.7976e-13 1.6860e-13
8.3100e+02 3.8418e-12 2.5523e-11 1.7718e-12 8.7256e-12 1.7964e-13 1.6846e-13
8.3200e+02 3.8285e-12 2.5539e-11 1.7703e-12 8.7095e-12 1.7953e-13 1.6833e-13
8.3300e+02 3.8153e-12 2.5555e-11 1.7687e-12 8.6936e-12 1.7942e-13 1.6820e-13
8.3400e+02 3.8021e-12 2.5573e-11 1.7672e-12 8.6779e-12 1.7931e-13 1.6808e-13
8.3500e+02 3.7891e-12 2.5591e-11 1.7656e-12 8.6624e-12 1.7920e-13 1.6795e-13
8.3600e+02 3.7761e-12 2.5610e-11 1.7641e-12 8.6473e-12 1.7909e-13 1.6782e-13
8.3700e+02 3.7632e-12 2.5631e-11 1.7625e-12 8.6323e-12 1.7898e-13 1.6770e-13
8.3800e+02 3.7503e-12 2.5653e-11 1.7610e-12 8.6175e-12 1.7887e-13 1.6758e-13
8.3900e+02 3.7375e-12 2.5675e-11 1.7595e-12 8.6029e-12 1.7877e-13 1.6746e-13
8.4000e+02 3.7248e-12 2.5698e-11 1.7580e-12 8.5886e-12 1.7867e-13 1.6734e-13
8.4100e+02 3.7122e-12 2.5722e-11 1.7565e-12 8.5744e-12 1.7856e-13 1.6722e-13
8.4200e+02 3.6996e-12 2.5748e-11 1.7550e-12 8.5604e-12 1.7846e-13 1.6710e-13
8.4400e+02 3.6747e-12 2.5800e-11 1.7521e-12 8.5330e-12 1.7826e-13 1.6687e-13
8.4500e+02 3.6624e-12 2.5828e-11 1.7506e-12 8.5195e-12 1.7817e-13 1.6675e-13
8.4600e+02 3.6501e-12 2.5856e-11 1.7492e-12 8.5062e-12 1.7807e-13 1.6664e-13
8.4700e+02 3.6379e-12 2.5885e-11 1.7478e-12 8.4931e-12 1.7797e-13 1.6653e-13
8.4300e+02 3.6871e-12 2.5773e-11 1.7536e-12 8.5466e-12 1.7836e-13 1.6698e-13
8.4800e+02 3.6257e-12 2.5916e-11 1.7463e-12 8.4802e-12 1.7788e-13 1.6642e-13
8.5000e+02 3.6016e-12 2.5977e-11 1.7435e-12 8.4546e-12 1.7770e-13 1.6620e-13
8.4900e+02 3.6136e-12 2.5946e-11 1.7449e-12 8.4673e-12 1.7779e-13 1.6631e-13
8.5100e+02 3.5896e-12 2.6009e-11 1.7421e-12 8.4421e-12 1.7761e-13 1.6609e-13
8.5200e+02 3.5778e-12 2.6042e-11 1.7407e-12 8.4297e-12 1.7752e-13 1.6598e-13
8.5500e+02 3.5425e-12 2.6144e-11 1.7366e-12 8.3932e-12 1.7726e-13 1.6567e-13
8.5600e+02 3.5308e-12 2.6180e-11 1.7353e-12 8.3813e-12 1.7717e-13 1.6557e-13
8.5400e+02 3.5542e-12 2.6110e-11 1.7380e-12 8.4053e-12 1.7734e-13 1.6578e-13
8.6100e+02 3.4735e-12 2.6363e-11 1.7287e-12 8.3231e-12 1.7677e-13 1.6508e-13
8.5300e+02 3.5659e-12 2.6076e-11 1.7393e-12 8.4174e-12 1.7743e-13 1.6588e-13
8.6400e+02 3.4399e-12 2.6479e-11 1.7249e-12 8.2891e-12 1.7654e-13 1.6479e-13
8.5900e+02 3.4963e-12 2.6288e-11 1.7313e-12 8.3461e-12 1.7693e-13 1.6527e-13
8.5800e+02 3.5077e-12 2.6252e-11 1.7326e-12 8.3577e-12 1.7701e-13 1.6537e-13
8.6000e+02 3.4849e-12 2.6326e-11 1.7300e-12 8.3346e-12 1.7685e-13 1.6517e-13
8.6500e+02 3.4288e-12 2.6518e-11 1.7236e-12 8.2779e-12 1.7646e-13 1.6470e-13
8.6200e+02 3.4623e-12 2.6401e-11 1.7274e-12 8.3117e-12 1.7669e-13 1.6498e-13
8.5700e+02 3.5193e-12 2.6215e-11 1.7339e-12 8.3695e-12 1.7709e-13 1.6547e-13
8.6800e+02 3.3958e-12 2.6638e-11 1.7199e-12 8.2445e-12 1.7625e-13 1.6443e-13
8.6600e+02 3.4177e-12 2.6558e-11 1.7224e-12 8.2667e-12 1.7639e-13 1.6461e-13
8.6700e+02 3.4067e-12 2.6598e-11 1.7211e-12 8.2556e-12 1.7632e-13 1.6452e-13
8.6900e+02 3.3849e-12 2.6678e-11 1.7187e-12 8.2334e-12 1.7618e-13 1.6434e-13
8.7000e+02 3.3740e-12 2.6718e-11 1.7175e-12 8.2224e-12 1.7611e-13 1.6425e-13
8.7100e+02 3.3632e-12 2.6759e-11 1.7163e-12 8.2114e-12 1.7604e-13 1.6417e-13
8.6300e+02 3.4510e-12 2.6440e-11 1.7261e-12 8.3004e-12 1.7661e-13 1.6489e-13
8.7200e+02 3.3525e-12 2.6800e-11 1.7151e-12 8.2005e-12 1.7598e-13 1.6408e-13
8.7400e+02 3.3312e-12 2.6881e-11 1.7128e-12 8.1785e-12 1.7585e-13 1.6391e-13
8.7600e+02 3.3101e-12 2.6963e-11 1.7105e-12 8.1566e-12 1.7572e-13 1.6375e-13
8.7300e+02 3.3418e-12 2.6841e-11 1.7139e-12 8.1895e-12 1.7591e-13 1.6400e-13
8.7500e+02 3.3206e-12 2.6922e-11 1.7116e-12 8.1676e-12 1.7578e-13 1.6383e-13
8.7800e+02 3.2891e-12 2.7045e-11 1.7082e-12 8.1346e-12 1.7560e-13 1.6359e-13
8.7700e+02 3.2996e-12 2.7004e-11 1.7093e-12 8.1457e-12 1.7566e-13 1.6367e-13
8.8100e+02 3.2581e-12 2.7166e-11 1.7049e-12 8.1016e-12 1.7543e-13 1.6335e-13
8.7900e+02 3.2787e-12 2.7085e-11 1.7071e-12 8.1237e-12 1.7554e-13 1.6351e-13
8.8200e+02 3.2479e-12 2.7206e-11 1.7038e-12 8.0905e-12 1.7537e-13 1.6327e-13
8.8000e+02 3.2684e-12 2.7126e-11 1.7060e-12 8.1126e-12 1.7548e-13 1.6343e-13
8.8300e+02 3.2376e-12 2.7246e-11 1.7028e-12 8.0794e-12 1.7532e-13 1.6320e-13
8.8400e+02 3.2275e-12 2.7285e-11 1.7017e-12 8.0682e-12 1.7526e-13 1.6312e-13
8.8600e+02 3.2073e-12 2.7363e-11 1.6996e-12 8.0457e-12 1.7516e-13 1.6297e-13
8.8500e+02 3.2174e-12 2.7324e-11 1.7006e-12 8.0570e-12 1.7521e-13 1.6305e-13
8.8800e+02 3.1873e-12 2.7438e-11 1.6975e-12 8.0231e-12 1.7506e-13 1.6283e-13
8.8700e+02 3.1973e-12 2.7400e-11 1.6986e-12 8.0344e-12 1.7511e-13 1.6290e-13
8.8900e+02 3.1773e-12 2.7475e-11 1.6965e-12 8.0116e-12 1.7501e-13 1.6275e-13
8.9000e+02 3.1674e-12 2.7512e-11 1.6955e-12 8.0001e-12 1.7496e-13 1.6268e-13
8.9100e+02 3.1576e-12 2.7548e-11 1.6945e-12 7.9885e-12 1.7491e-13 1.6261e-13
8.9200e+02 3.1477e-12 2.7583e-11 1.6936e-12 7.9768e-12 1.7487e-13 1.6254e-13
8.9400e+02 3.1282e-12 2.7651e-11 1.6916e-12 7.9532e-12 1.7478e-13 1.6240e-13
8.9300e+02 3.1379e-12 2.7617e-11 1.6926e-12 7.9650e-12 1.7482e-13 1.6247e-13
8.9500e+02 3.1185e-12 2.7684e-11 1.6907e-12 7.9412e-12 1.7473e-13 1.6234e-13
8.9600e+02 3.1088e-12 2.7715e-11 1.6897e-12 7.9292e-12 1.7469e-13 1.6227e-13
8.9700e+02 3.0992e-12 2.7747e-11 1.6888e-12 7.9171e-12 1.7465e-13 1.6220e-13
8.9800e+02 3.0896e-12 2.7777e-11 1.6879e-12 7.9048e-12 1.7461e-13 1.6213e-13
8.9900e+02 3.0800e-12 2.7806e-11 1.6870e-12 7.8925e-12 1.7457e-13 1.6207e-13
9.0200e+02 3.0516e-12 2.7887e-11 1.6843e-12 7.8548e-12 1.7445e-13 1.6187e-13
9.0100e+02 3.0610e-12 2.7861e-11 1.6852e-12 7.8675e-12 1.7449e-13 1.6194e-13
9.0400e+02 3.0327e-12 2.7935e-11 1.6825e-12 7.8291e-12 1.7438e-13 1.6175e-13
9.0000e+02 3.0705e-12 2.7834e-11 1.6861e-12 7.8800e-12 1.7453e-13 1.6200e-13
9.0500e+02 3.0234e-12 2.7957e-11 1.6817e-12 7.8161e-12 1.7435e-13 1.6169e-13
9.0600e+02 3.0141e-12 2.7979e-11 1.6808e-12 7.8029e-12 1.7431e-13 1.6162e-13
9.0700e+02 3.0048e-12 2.7998e-11 1.6800e-12 7.7897e-12 1.7428e-13 1.6156e-13
9.0300e+02 3.0421e-12 2.7912e-11 1.6834e-12 7.8421e-12 1.7442e-13 1.6181e-13
9.0800e+02 2.9955e-12 2.8016e-11 1.6792e-12 7.7763e-12 1.7424e-13 1.6150e-13
9.1000e+02 2.9771e-12 2.8048e-11 1.6775e-12 7.7490e-12 1.7418e-13 1.6138e-13
9.0900e+02 2.9863e-12 2.8033e-11 1.6783e-12 7.7627e-12 1.7421e-13 1.6144e-13
9.1300e+02 2.9497e-12 2.8084e-11 1.6751e-12 7.7071e-12 1.7409e-13 1.6120e-13
9.1400e+02 2.9407e-12 2.8093e-11 1.6744e-12 7.6928e-12 1.7406e-13 1.6114e-13
9.1100e+02 2.9680e-12 2.8062e-11 1.6767e-12 7.7352e-12 1.7415e-13 1.6132e-13
9.1200e+02 2.9588e-12 2.8074e-11 1.6759e-12 7.7212e-12 1.7412e-13 1.6126e-13
9.1500e+02 2.9316e-12 2.8100e-11 1.6736e-12 7.6783e-12 1.7404e-13 1.6109e-13
9.1600e+02 2.9226e-12 2.8105e-11 1.6728e-12 7.6638e-12 1.7401e-13 1.6103e-13
9.1700e+02 2.9136e-12 2.8109e-11 1.6721e-12 7.6490e-12 1.7398e-13 1.6097e-13
9.1900e+02 2.8957e-12 2.8111e-11 1.6706e-12 7.6191e-12 1.7393e-13 1.6086e-13
9.1800e+02 2.9046e-12 2.8111e-11 1.6713e-12 7.6342e-12 1.7396e-13 1.6091e-13
9.2100e+02 2.8779e-12 2.8105e-11 1.6692e-12 7.5886e-12 1.7389e-13 1.6074e-13
9.2200e+02 2.8691e-12 2.8099e-11 1.6685e-12 7.5731e-12 1.7386e-13 1.6069e-13
9.2000e+02 2.8868e-12 2.8109e-11 1.6699e-12 7.6039e-12 1.7391e-13 1.6080e-13
9.2300e+02 2.8603e-12 2.8092e-11 1.6678e-12 7.5575e-12 1.7384e-13 1.6063e-13
9.2400e+02 2.8515e-12 2.8082e-11 1.6671e-12 7.5416e-12 1.7382e-13 1.6058e-13
9.2600e+02 2.8339e-12 2.8056e-11 1.6657e-12 7.5095e-12 1.7378e-13 1.6047e-13
9.3000e+02 2.7992e-12 2.7979e-11 1.6631e-12 7.4433e-12 1.7370e-13 1.6025e-13
9.2500e+02 2.8427e-12 2.8070e-11 1.6664e-12 7.5256e-12 1.7380e-13 1.6052e-13
9.2700e+02 2.8252e-12 2.8040e-11 1.6651e-12 7.4932e-12 1.7376e-13 1.6041e-13
9.2800e+02 2.8165e-12 2.8022e-11 1.6644e-12 7.4767e-12 1.7374e-13 1.6036e-13
9.3100e+02 2.7905e-12 2.7954e-11 1.6625e-12 7.4264e-12 1.7368e-13 1.6020e-13
9.3400e+02 2.7648e-12 2.7867e-11 1.6607e-12 7.3746e-12 1.7363e-13 1.6004e-13
9.3300e+02 2.7734e-12 2.7898e-11 1.6613e-12 7.3920e-12 1.7365e-13 1.6009e-13
9.3200e+02 2.7819e-12 2.7927e-11 1.6619e-12 7.4093e-12 1.7367e-13 1.6015e-13
9.3900e+02 2.7223e-12 2.7676e-11 1.6578e-12 7.2852e-12 1.7356e-13 1.5978e-13
9.2900e+02 2.8078e-12 2.8001e-11 1.6638e-12 7.4601e-12 1.7372e-13 1.6031e-13
9.3600e+02 2.7477e-12 2.7797e-11 1.6595e-12 7.3393e-12 1.7360e-13 1.5994e-13
9.3500e+02 2.7563e-12 2.7833e-11 1.6601e-12 7.3570e-12 1.7362e-13 1.5999e-13
9.3700e+02 2.7392e-12 2.7759e-11 1.6589e-12 7.3214e-12 1.7359e-13 1.5989e-13
9.3800e+02 2.7308e-12 2.7719e-11 1.6583e-12 7.3034e-12 1.7357e-13 1.5983e-13
9.4000e+02 2.7139e-12 2.7631e-11 1.6572e-12 7.2668e-12 1.7355e-13 1.5973e-13
9.4100e+02 2.7054e-12 2.7584e-11 1.6567e-12 7.2483e-12 1.7353e-13 1.5968e-13
9.4200e+02 2.6970e-12 2.7535e-11 1.6561e-12 7.2296e-12 1.7352e-13 1.5963e-13
9.4300e+02 2.6887e-12 2.7484e-11 1.6556e-12 7.2108e-12 1.7351e-13 1.5958e-13
9.4400e+02 2.6803e-12 2.7430e-11 1.6551e-12 7.1919e-12 1.7350e-13 1.5953e-13
9.4500e+02 2.6720e-12 2.7374e-11 1.6546e-12 7.1727e-12 1.7349e-13 1.5948e-13
9.4600e+02 2.6637e-12 2.7316e-11 1.6541e-12 7.1535e-12 1.7348e-13 1.5943e-13
9.4700e+02 2.6554e-12 2.7256e-11 1.6536e-12 7.1341e-12 1.7347e-13 1.5938e-13
9.4900e+02 2.6388e-12 2.7129e-11 1.6526e-12 7.0949e-12 1.7345e-13 1.5928e-13
9.4800e+02 2.6471e-12 2.7193e-11 1.6531e-12 7.1145e-12 1.7346e-13 1.5933e-13
9.5000e+02 2.6306e-12 2.7062e-11 1.6521e-12 7.0750e-12 1.7344e-13 1.5923e-13
9.5100e+02 2.6223e-12 2.6993e-11 1.6517e-12 7.0551e-12 1.7343e-13 1.5918e-13
9.5200e+02 2.6141e-12 2.6922e-11 1.6512e-12 7.0350e-12 1.7342e-13 1.5913e-13
9.5300e+02 2.6059e-12 2.6849e-11 1.6508e-12 7.0148e-12 1.7341e-13 1.5908e-13
9.5400e+02 2.5978e-12 2.6775e-11 1.6503e-12 6.9944e-12 1.7340e-13 1.5903e-13
9.5600e+02 2.5815e-12 2.6619e-11 1.6495e-12 6.9533e-12 1.7339e-13 1.5894e-13
9.5500e+02 2.5896e-12 2.6698e-11 1.6499e-12 6.9739e-12 1.7340e-13 1.5898e-13
9.5700e+02 2.5734e-12 2.6539e-11 1.6491e-12 6.9326e-12 1.7338e-13 1.5889e-13
9.5900e+02 2.5572e-12 2.6373e-11 1.6483e-12 6.8908e-12 1.7337e-13 1.5879e-13
9.5800e+02 2.5653e-12 2.6457e-11 1.6487e-12 6.9118e-12 1.7337e-13 1.5884e-13
9.6100e+02 2.5411e-12 2.6199e-11 1.6475e-12 6.8486e-12 1.7335e-13 1.5869e-13
9.6000e+02 2.5491e-12 2.6287e-11 1.6479e-12 6.8698e-12 1.7336e-13 1.5874e-13
9.6200e+02 2.5330e-12 2.6110e-11 1.6471e-12 6.8273e-12 1.7335e-13 1.5864e-13
9.6400e+02 2.5170e-12 2.5928e-11 1.6464e-12 6.7845e-12 1.7334e-13 1.5855e-13
9.6500e+02 2.5090e-12 2.5834e-11 1.6461e-12 6.7629e-12 1.7333e-13 1.5850e-13
9.7000e+02 2.4694e-12 2.5347e-11 1.6444e-12 6.6536e-12 1.7331e-13 1.5826e-13
9.6600e+02 2.5011e-12 2.5739e-11 1.6457e-12 6.7412e-12 1.7333e-13 1.5845e-13
9.6700e+02 2.4931e-12 2.5643e-11 1.6454e-12 6.7194e-12 1.7332e-13 1.5840e-13
9.7100e+02 2.4615e-12 2.5245e-11 1.6441e-12 6.6315e-12 1.7331e-13 1.5821e-13
9.7300e+02 2.4458e-12 2.5040e-11 1.6436e-12 6.5870e-12 1.7330e-13 1.5811e-13
9.7500e+02 2.4301e-12 2.4831e-11 1.6430e-12 6.5422e-12 1.7329e-13 1.5802e-13
9.7400e+02 2.4379e-12 2.4936e-11 1.6433e-12 6.5646e-12 1.7330e-13 1.5807e-13
9.6800e+02 2.4852e-12 2.5545e-11 1.6451e-12 6.6976e-12 1.7332e-13 1.5835e-13
9.6900e+02 2.4773e-12 2.5446e-11 1.6447e-12 6.6756e-12 1.7331e-13 1.5831e-13
9.6300e+02 2.5250e-12 2.6020e-11 1.6468e-12 6.8059e-12 1.7334e-13 1.5860e-13
9.7700e+02 2.4145e-12 2.4618e-11 1.6425e-12 6.4973e-12 1.7329e-13 1.5792e-13
9.7600e+02 2.4223e-12 2.4725e-11 1.6428e-12 6.5198e-12 1.7329e-13 1.5797e-13
9.7200e+02 2.4536e-12 2.5143e-11 1.6438e-12 6.6093e-12 1.7330e-13 1.5816e-13
9.8100e+02 2.3835e-12 2.4185e-11 1.6416e-12 6.4066e-12 1.7327e-13 1.5773e-13
9.7800e+02 2.4067e-12 2.4511e-11 1.6423e-12 6.4747e-12 1.7328e-13 1.5787e-13
9.8000e+02 2.3912e-12 2.4294e-11 1.6418e-12 6.4294e-12 1.7328e-13 1.5778e-13
9.7900e+02 2.3990e-12 2.4403e-11 1.6420e-12 6.4520e-12 1.7328e-13 1.5783e-13
9.8500e+02 2.3527e-12 2.3743e-11 1.6408e-12 6.3153e-12 1.7327e-13 1.5754e-13
9.8200e+02 2.3758e-12 2.4076e-11 1.6414e-12 6.3838e-12 1.7327e-13 1.5768e-13
9.8300e+02 2.3681e-12 2.3965e-11 1.6412e-12 6.3610e-12 1.7327e-13 1.5763e-13
9.8700e+02 2.3375e-12 2.3521e-11 1.6404e-12 6.2694e-12 1.7326e-13 1.5744e-13
9.8900e+02 2.3223e-12 2.3297e-11 1.6401e-12 6.2235e-12 1.7326e-13 1.5734e-13
9.8400e+02 2.3604e-12 2.3855e-11 1.6410e-12 6.3382e-12 1.7327e-13 1.5758e-13
9.8600e+02 2.3451e-12 2.3632e-11 1.6406e-12 6.2924e-12 1.7326e-13 1.5749e-13
9.9200e+02 2.2995e-12 2.2960e-11 1.6397e-12 6.1544e-12 1.7325e-13 1.5719e-13
9.9400e+02 2.2845e-12 2.2736e-11 1.6394e-12 6.1083e-12 1.7325e-13 1.5709e-13
9.8800e+02 2.3299e-12 2.3409e-11 1.6403e-12 6.2464e-12 1.7326e-13 1.5739e-13
9.9000e+02 2.3147e-12 2.3185e-11 1.6400e-12 6.2004e-12 1.7326e-13 1.5729e-13
9.9100e+02 2.3071e-12 2.3073e-11 1.6398e-12 6.1774e-12 1.7325e-13 1.5724e-13
9.9600e+02 2.2695e-12 2.2512e-11 1.6392e-12 6.0623e-12 1.7325e-13 1.5699e-13
9.9300e+02 2.2920e-12 2.2848e-11 1.6396e-12 6.1314e-12 1.7325e-13 1.5714e-13
9.9500e+02 2.2770e-12 2.2624e-11 1.6393e-12 6.0853e-12 1.7325e-13 1.5704e-13
9.9700e+02 2.2620e-12 2.2400e-11 1.6391e-12 6.0392e-12 1.7324e-13 1.5694e-13
9.9800e+02 2.2546e-12 2.2288e-11 1.6390e-12 6.0162e-12 1.7324e-13 1.5689e-13
9.9900e+02 2.2471e-12 2.2177e-11 1.6389e-12 5.9932e-12 1.7324e-13 1.5684e-13
1.0000e+03 2.2397e-12 2.2066e-11 1.6388e-12 5.9702e-12 1.7324e-13 1.5679e-13
