1.0000e+01 3.1767e-15 2.8036e-12 5.2390e-12 2.0580e-11 1.8121e-11
1.1000e+01 3.8441e-15 3.3957e-12 6.3552e-12 2.4897e-11 2.2024e-11
1.2000e+01 4.5763e-15 4.0501e-12 7.5994e-12 2.9627e-11 2.6278e-11
1.3000e+01 5.3742e-15 4.7568e-12 8.9336e-12 3.4770e-11 3.0881e-11
1.4000e+01 6.2384e-15 5.5206e-12 1.0378e-11 4.0331e-11 3.5920e-11
1.5000e+01 7.1701e-15 6.3443e-12 1.1939e-11 4.6313e-11 4.1489e-11
1.6000e+01 8.1682e-15 7.2354e-12 1.3650e-11 5.2704e-11 4.7489e-11
1.7000e+01 9.2373e-15 8.2003e-12 1.5527e-11 5.9517e-11 5.3756e-11
1.8000e+01 1.0379e-14 9.2049e-12 1.7456e-11 6.6746e-11 6.0347e-11
1.9000e+01 1.1590e-14 1.0263e-11 1.9469e-11 7.4395e-11 6.7342e-11
2.0000e+01 1.2865e-14 1.1382e-11 2.1619e-11 8.2464e-11 7.4820e-11
2.1000e+01 1.4210e-14 1.2575e-11 2.3926e-11 9.0957e-11 8.2795e-11
2.2000e+01 1.5627e-14 1.3818e-11 2.6328e-11 9.9861e-11 9.1199e-11
2.3000e+01 1.7110e-14 1.5129e-11 2.8874e-11 1.0920e-10 9.9971e-11
2.4000e+01 1.8652e-14 1.6507e-11 3.1560e-11 1.1895e-10 1.0906e-10
2.5000e+01 2.0264e-14 1.7931e-11 3.4317e-11 1.2914e-10 1.1852e-10
2.6000e+01 2.1946e-14 1.9401e-11 3.7163e-11 1.3974e-10 1.2842e-10
2.7000e+01 2.3695e-14 2.0940e-11 4.0133e-11 1.5078e-10 1.3883e-10
2.8000e+01 2.5507e-14 2.2533e-11 4.3210e-11 1.6225e-10 1.4976e-10
2.9000e+01 2.7385e-14 2.4192e-11 4.6439e-11 1.7415e-10 1.6111e-10
3.0000e+01 2.9334e-14 2.5930e-11 4.9842e-11 1.8646e-10 1.7277e-10
3.1000e+01 3.1355e-14 2.7721e-11 5.3349e-11 1.9922e-10 1.8474e-10
3.2000e+01 3.3444e-14 2.9560e-11 5.6923e-11 2.1240e-10 1.9707e-10
3.3000e+01 3.5584e-14 3.1450e-11 6.0589e-11 2.2600e-10 2.0980e-10
3.4000e+01 3.7785e-14 3.3397e-11 6.4373e-11 2.4006e-10 2.2305e-10
3.5000e+01 4.0055e-14 3.5416e-11 6.8296e-11 2.5457e-10 2.3706e-10
3.6000e+01 4.2395e-14 3.7482e-11 7.2332e-11 2.6950e-10 2.5216e-10
3.7000e+01 4.4810e-14 3.9630e-11 7.6549e-11 2.8490e-10 2.6877e-10
3.8000e+01 4.7303e-14 4.1936e-11 8.1268e-11 3.0074e-10 2.8621e-10
3.9000e+01 4.9877e-14 4.4417e-11 8.6564e-11 3.1704e-10 3.0363e-10
4.0000e+01 5.2527e-14 4.6907e-11 9.1769e-11 3.3373e-10 3.2053e-10
4.1000e+01 5.5262e-14 4.9348e-11 9.6670e-11 3.5090e-10 3.3749e-10
4.2000e+01 5.8088e-14 5.1822e-11 1.0160e-10 3.6849e-10 3.5497e-10
4.3000e+01 6.0973e-14 5.4414e-11 1.0684e-10 3.8654e-10 3.7326e-10
4.4000e+01 6.3938e-14 5.7071e-11 1.1222e-10 4.0505e-10 3.9283e-10
4.5000e+01 6.6986e-14 5.9752e-11 1.1759e-10 4.2398e-10 4.1342e-10
4.6000e+01 7.0124e-14 6.2618e-11 1.2355e-10 4.4341e-10 4.3409e-10
4.7000e+01 7.3375e-14 6.5621e-11 1.2995e-10 4.6329e-10 4.5442e-10
4.8000e+01 7.6741e-14 6.8582e-11 1.3604e-10 4.8358e-10 4.7484e-10
4.9000e+01 8.0210e-14 7.1530e-11 1.4195e-10 5.0435e-10 4.9591e-10
5.0000e+01 8.3739e-14 7.4538e-11 1.4801e-10 5.2566e-10 5.1811e-10
5.1000e+01 8.7319e-14 7.7580e-11 1.5422e-10 5.4742e-10 5.4165e-10
5.2000e+01 9.0973e-14 8.0836e-11 1.6100e-10 5.6954e-10 5.6618e-10
5.3000e+01 9.4734e-14 8.4267e-11 1.6835e-10 5.9228e-10 5.9110e-10
5.4000e+01 9.8598e-14 8.7729e-11 1.7575e-10 6.1553e-10 6.1623e-10
5.5000e+01 1.0249e-13 9.1237e-11 1.8320e-10 6.3901e-10 6.4136e-10
5.6000e+01 1.0633e-13 9.4813e-11 1.9075e-10 6.6312e-10 6.6662e-10
5.7000e+01 1.1024e-13 9.8369e-11 1.9811e-10 6.8762e-10 6.9195e-10
5.8000e+01 1.1423e-13 1.0194e-10 2.0536e-10 7.1267e-10 7.1776e-10
5.9000e+01 1.1829e-13 1.0555e-10 2.1274e-10 7.3818e-10 7.4421e-10
6.0000e+01 1.2244e-13 1.0927e-10 2.2037e-10 7.6416e-10 7.7154e-10
6.1000e+01 1.2666e-13 1.1309e-10 2.2823e-10 7.9061e-10 8.0010e-10
6.2000e+01 1.3097e-13 1.1695e-10 2.3616e-10 8.1765e-10 8.3019e-10
6.3000e+01 1.3536e-13 1.2086e-10 2.4410e-10 8.4516e-10 8.6186e-10
6.4000e+01 1.3989e-13 1.2488e-10 2.5248e-10 8.7324e-10 8.9563e-10
6.5000e+01 1.4452e-13 1.2919e-10 2.6190e-10 9.0183e-10 9.2942e-10
6.6000e+01 1.4928e-13 1.3375e-10 2.7219e-10 9.3085e-10 9.6289e-10
6.7000e+01 1.5415e-13 1.3823e-10 2.8215e-10 9.6027e-10 9.9496e-10
6.8000e+01 1.5915e-13 1.4268e-10 2.9170e-10 9.9021e-10 1.0270e-09
6.9000e+01 1.6423e-13 1.4706e-10 3.0083e-10 1.0206e-09 1.0594e-09
7.0000e+01 1.6939e-13 1.5150e-10 3.1000e-10 1.0515e-09 1.0929e-09
7.1000e+01 1.7460e-13 1.5601e-10 3.1930e-10 1.0831e-09 1.1276e-09
7.2000e+01 1.7991e-13 1.6060e-10 3.2880e-10 1.1151e-09 1.1641e-09
7.3000e+01 1.8528e-13 1.6537e-10 3.3894e-10 1.1476e-09 1.2008e-09
7.4000e+01 1.9077e-13 1.7038e-10 3.4997e-10 1.1806e-09 1.2382e-09
7.5000e+01 1.9644e-13 1.7557e-10 3.6145e-10 1.2141e-09 1.2764e-09
7.6000e+01 2.0222e-13 1.8071e-10 3.7246e-10 1.2481e-09 1.3158e-09
7.7000e+01 2.0807e-13 1.8568e-10 3.8292e-10 1.2826e-09 1.3565e-09
7.8000e+01 2.1387e-13 1.9097e-10 3.9406e-10 1.3178e-09 1.3989e-09
7.9000e+01 2.1968e-13 1.9638e-10 4.0595e-10 1.3535e-09 1.4407e-09
8.0000e+01 2.2561e-13 2.0209e-10 4.1867e-10 1.3895e-09 1.4820e-09
8.1000e+01 2.3171e-13 2.0787e-10 4.3163e-10 1.4262e-09 1.5230e-09
8.2000e+01 2.3795e-13 2.1355e-10 4.4408e-10 1.4634e-09 1.5649e-09
8.3000e+01 2.4433e-13 2.1914e-10 4.5605e-10 1.5011e-09 1.6076e-09
8.4000e+01 2.5086e-13 2.2480e-10 4.6815e-10 1.5395e-09 1.6519e-09
8.5000e+01 2.5744e-13 2.3065e-10 4.8100e-10 1.5784e-09 1.6982e-09
8.6000e+01 2.6400e-13 2.3674e-10 4.9446e-10 1.6179e-09 1.7455e-09
8.7000e+01 2.7067e-13 2.4292e-10 5.0814e-10 1.6580e-09 1.7951e-09
8.8000e+01 2.7742e-13 2.4913e-10 5.2171e-10 1.6988e-09 1.8466e-09
8.9000e+01 2.8416e-13 2.5534e-10 5.3516e-10 1.7400e-09 1.8970e-09
9.0000e+01 2.9090e-13 2.6156e-10 5.4845e-10 1.7817e-09 1.9477e-09
9.1000e+01 2.9773e-13 2.6782e-10 5.6209e-10 1.8238e-09 1.9994e-09
9.2000e+01 3.0456e-13 2.7415e-10 5.7565e-10 1.8667e-09 2.0500e-09
9.3000e+01 3.1145e-13 2.8052e-10 5.8929e-10 1.9101e-09 2.1003e-09
9.4000e+01 3.1836e-13 2.8694e-10 6.0310e-10 1.9542e-09 2.1509e-09
9.5000e+01 3.2533e-13 2.9340e-10 6.1664e-10 1.9987e-09 2.2009e-09
9.6000e+01 3.3238e-13 2.9992e-10 6.3033e-10 2.0433e-09 2.2501e-09
9.7000e+01 3.3951e-13 3.0650e-10 6.4410e-10 2.0881e-09 2.2996e-09
9.8000e+01 3.4672e-13 3.1319e-10 6.5805e-10 2.1333e-09 2.3494e-09
9.9000e+01 3.5406e-13 3.2002e-10 6.7221e-10 2.1792e-09 2.3999e-09
1.0000e+02 3.6178e-13 3.2714e-10 6.8701e-10 2.2263e-09 2.4569e-09
1.0100e+02 3.6962e-13 3.3445e-10 7.0249e-10 2.2744e-09 2.5162e-09
1.0200e+02 3.7757e-13 3.4192e-10 7.1902e-10 2.3235e-09 2.5778e-09
1.0300e+02 3.8581e-13 3.4979e-10 7.3763e-10 2.3734e-09 2.6422e-09
1.0400e+02 3.9440e-13 3.5839e-10 7.5832e-10 2.4234e-09 2.7077e-09
1.0500e+02 4.0325e-13 3.6729e-10 7.7970e-10 2.4736e-09 2.7732e-09
1.0600e+02 4.1229e-13 3.7593e-10 8.0043e-10 2.5245e-09 2.8386e-09
1.0700e+02 4.2150e-13 3.8428e-10 8.1946e-10 2.5760e-09 2.9040e-09
1.0800e+02 4.3081e-13 3.9236e-10 8.3703e-10 2.6279e-09 2.9701e-09
1.0900e+02 4.4010e-13 4.0004e-10 8.5350e-10 2.6805e-09 3.0333e-09
1.1000e+02 4.4921e-13 4.0807e-10 8.7013e-10 2.7333e-09 3.0964e-09
1.1100e+02 4.5800e-13 4.1597e-10 8.8736e-10 2.7868e-09 3.1599e-09
1.1200e+02 4.6679e-13 4.2410e-10 9.0454e-10 2.8406e-09 3.2227e-09
1.1300e+02 4.7560e-13 4.3222e-10 9.2165e-10 2.8949e-09 3.2869e-09
1.1400e+02 4.8454e-13 4.4063e-10 9.3956e-10 2.9504e-09 3.3553e-09
1.1500e+02 4.9343e-13 4.4921e-10 9.5784e-10 3.0065e-09 3.4244e-09
1.1600e+02 5.0248e-13 4.5800e-10 9.7709e-10 3.0637e-09 3.4951e-09
1.1700e+02 5.1164e-13 4.6690e-10 9.9671e-10 3.1212e-09 3.5663e-09
1.1800e+02 5.2105e-13 4.7601e-10 1.0164e-09 3.1791e-09 3.6382e-09
1.1900e+02 5.3064e-13 4.8512e-10 1.0368e-09 3.2376e-09 3.7117e-09
1.2000e+02 5.4030e-13 4.9435e-10 1.0569e-09 3.2962e-09 3.7832e-09
1.2100e+02 5.5013e-13 5.0368e-10 1.0780e-09 3.3558e-09 3.8571e-09
1.2200e+02 5.6044e-13 5.1355e-10 1.1005e-09 3.4161e-09 3.9344e-09
1.2300e+02 5.7074e-13 5.2339e-10 1.1231e-09 3.4773e-09 4.0127e-09
1.2400e+02 5.8118e-13 5.3341e-10 1.1455e-09 3.5391e-09 4.0934e-09
1.2500e+02 5.9178e-13 5.4351e-10 1.1679e-09 3.6017e-09 4.1757e-09
1.2600e+02 6.0256e-13 5.5378e-10 1.1913e-09 3.6646e-09 4.2570e-09
1.2700e+02 6.1338e-13 5.6437e-10 1.2153e-09 3.7281e-09 4.3375e-09
1.2800e+02 6.2429e-13 5.7501e-10 1.2400e-09 3.7918e-09 4.4165e-09
1.2900e+02 6.3542e-13 5.8564e-10 1.2643e-09 3.8558e-09 4.4940e-09
1.3000e+02 6.4674e-13 5.9624e-10 1.2881e-09 3.9203e-09 4.5725e-09
1.3100e+02 6.5802e-13 6.0671e-10 1.3114e-09 3.9860e-09 4.6541e-09
1.3200e+02 6.6939e-13 6.1701e-10 1.3334e-09 4.0524e-09 4.7386e-09
1.3300e+02 6.8055e-13 6.2730e-10 1.3553e-09 4.1196e-09 4.8242e-09
1.3400e+02 6.9193e-13 6.3758e-10 1.3780e-09 4.1886e-09 4.9178e-09
1.3500e+02 7.0322e-13 6.4843e-10 1.4023e-09 4.2578e-09 5.0114e-09
1.3600e+02 7.1480e-13 6.5977e-10 1.4279e-09 4.3273e-09 5.1038e-09
1.3700e+02 7.2657e-13 6.7116e-10 1.4542e-09 4.3968e-09 5.1934e-09
1.3800e+02 7.3841e-13 6.8252e-10 1.4808e-09 4.4668e-09 5.2826e-09
1.3900e+02 7.5029e-13 6.9383e-10 1.5062e-09 4.5367e-09 5.3692e-09
1.4000e+02 7.6269e-13 7.0521e-10 1.5319e-09 4.6079e-09 5.4599e-09
1.4100e+02 7.7514e-13 7.1647e-10 1.5571e-09 4.6797e-09 5.5519e-09
1.4200e+02 7.8749e-13 7.2805e-10 1.5819e-09 4.7524e-09 5.6467e-09
1.4300e+02 8.0007e-13 7.3990e-10 1.6080e-09 4.8260e-09 5.7450e-09
1.4400e+02 8.1289e-13 7.5187e-10 1.6349e-09 4.9006e-09 5.8460e-09
1.4500e+02 8.2559e-13 7.6399e-10 1.6622e-09 4.9754e-09 5.9461e-09
1.4600e+02 8.3837e-13 7.7682e-10 1.6915e-09 5.0510e-09 6.0484e-09
1.4700e+02 8.5125e-13 7.8954e-10 1.7205e-09 5.1271e-09 6.1485e-09
1.4800e+02 8.6433e-13 8.0219e-10 1.7497e-09 5.2039e-09 6.2491e-09
1.4900e+02 8.7753e-13 8.1489e-10 1.7784e-09 5.2810e-09 6.3486e-09
1.5000e+02 8.9084e-13 8.2759e-10 1.8066e-09 5.3587e-09 6.4469e-09
1.5100e+02 9.0432e-13 8.4024e-10 1.8347e-09 5.4369e-09 6.5456e-09
1.5200e+02 9.1797e-13 8.5278e-10 1.8627e-09 5.5157e-09 6.6454e-09
1.5300e+02 9.3168e-13 8.6550e-10 1.8909e-09 5.5951e-09 6.7487e-09
1.5400e+02 9.4551e-13 8.7836e-10 1.9197e-09 5.6758e-09 6.8567e-09
1.5500e+02 9.5957e-13 8.9143e-10 1.9490e-09 5.7570e-09 6.9658e-09
1.5600e+02 9.7375e-13 9.0463e-10 1.9786e-09 5.8386e-09 7.0742e-09
1.5700e+02 9.8800e-13 9.1833e-10 2.0102e-09 5.9211e-09 7.1854e-09
1.5800e+02 1.0023e-12 9.3251e-10 2.0432e-09 6.0041e-09 7.2958e-09
1.5900e+02 1.0172e-12 9.4733e-10 2.0788e-09 6.0874e-09 7.4059e-09
1.6000e+02 1.0319e-12 9.6156e-10 2.1127e-09 6.1715e-09 7.5152e-09
1.6100e+02 1.0472e-12 9.7591e-10 2.1466e-09 6.2562e-09 7.6267e-09
1.6200e+02 1.0629e-12 9.9007e-10 2.1798e-09 6.3413e-09 7.7405e-09
1.6300e+02 1.0782e-12 1.0039e-09 2.2117e-09 6.4280e-09 7.8579e-09
1.6400e+02 1.0934e-12 1.0175e-09 2.2423e-09 6.5153e-09 7.9758e-09
1.6500e+02 1.1086e-12 1.0306e-09 2.2718e-09 6.6022e-09 8.0899e-09
1.6600e+02 1.1243e-12 1.0448e-09 2.3039e-09 6.6914e-09 8.2121e-09
1.6700e+02 1.1400e-12 1.0596e-09 2.3371e-09 6.7800e-09 8.3317e-09
1.6800e+02 1.1557e-12 1.0746e-09 2.3703e-09 6.8685e-09 8.4474e-09
1.6900e+02 1.1714e-12 1.0899e-09 2.4047e-09 6.9584e-09 8.5651e-09
1.7000e+02 1.1876e-12 1.1053e-09 2.4408e-09 7.0486e-09 8.6847e-09
1.7100e+02 1.2039e-12 1.1207e-09 2.4763e-09 7.1402e-09 8.8076e-09
1.7200e+02 1.2207e-12 1.1358e-09 2.5121e-09 7.2319e-09 8.9302e-09
1.7300e+02 1.2372e-12 1.1505e-09 2.5463e-09 7.3252e-09 9.0569e-09
1.7400e+02 1.2535e-12 1.1648e-09 2.5804e-09 7.4197e-09 9.1869e-09
1.7500e+02 1.2701e-12 1.1796e-09 2.6160e-09 7.5150e-09 9.3188e-09
1.7600e+02 1.2868e-12 1.1945e-09 2.6512e-09 7.6100e-09 9.4483e-09
1.7700e+02 1.3035e-12 1.2097e-09 2.6878e-09 7.7053e-09 9.5788e-09
1.7800e+02 1.3205e-12 1.2254e-09 2.7255e-09 7.8006e-09 9.7090e-09
1.7900e+02 1.3375e-12 1.2414e-09 2.7627e-09 7.8961e-09 9.8362e-09
1.8000e+02 1.3549e-12 1.2577e-09 2.8001e-09 7.9922e-09 9.9638e-09
1.8100e+02 1.3727e-12 1.2743e-09 2.8402e-09 8.0894e-09 1.0094e-08
1.8200e+02 1.3907e-12 1.2909e-09 2.8821e-09 8.1880e-09 1.0227e-08
1.8300e+02 1.4092e-12 1.3076e-09 2.9239e-09 8.2885e-09 1.0363e-08
1.8400e+02 1.4278e-12 1.3241e-09 2.9643e-09 8.3896e-09 1.0502e-08
1.8500e+02 1.4467e-12 1.3405e-09 3.0051e-09 8.4896e-09 1.0640e-08
1.8600e+02 1.4657e-12 1.3575e-09 3.0461e-09 8.5892e-09 1.0777e-08
1.8700e+02 1.4848e-12 1.3748e-09 3.0866e-09 8.6911e-09 1.0918e-08
1.8800e+02 1.5039e-12 1.3913e-09 3.1259e-09 8.7943e-09 1.1062e-08
1.8900e+02 1.5229e-12 1.4082e-09 3.1662e-09 8.8973e-09 1.1205e-08
1.9000e+02 1.5416e-12 1.4249e-09 3.2073e-09 9.0022e-09 1.1351e-08
1.9100e+02 1.5603e-12 1.4413e-09 3.2482e-09 9.1096e-09 1.1499e-08
1.9200e+02 1.5790e-12 1.4575e-09 3.2882e-09 9.2153e-09 1.1639e-08
1.9300e+02 1.5980e-12 1.4737e-09 3.3276e-09 9.3190e-09 1.1774e-08
1.9400e+02 1.6175e-12 1.4904e-09 3.3662e-09 9.4211e-09 1.1909e-08
1.9500e+02 1.6374e-12 1.5079e-09 3.4065e-09 9.5268e-09 1.2052e-08
1.9600e+02 1.6578e-12 1.5258e-09 3.4479e-09 9.6352e-09 1.2200e-08
1.9700e+02 1.6794e-12 1.5441e-09 3.4919e-09 9.7465e-09 1.2359e-08
1.9800e+02 1.7012e-12 1.5626e-09 3.5407e-09 9.8623e-09 1.2531e-08
1.9900e+02 1.7225e-12 1.5799e-09 3.5871e-09 9.9740e-09 1.2689e-08
2.0000e+02 1.7431e-12 1.5963e-09 3.6321e-09 1.0085e-08 1.2840e-08
2.0100e+02 1.7638e-12 1.6129e-09 3.6767e-09 1.0194e-08 1.2985e-08
2.0200e+02 1.7844e-12 1.6293e-09 3.7203e-09 1.0303e-08 1.3129e-08
2.0300e+02 1.8044e-12 1.6467e-09 3.7629e-09 1.0414e-08 1.3271e-08
2.0400e+02 1.8246e-12 1.6647e-09 3.8056e-09 1.0529e-08 1.3424e-08
2.0500e+02 1.8455e-12 1.6835e-09 3.8523e-09 1.0646e-08 1.3582e-08
2.0600e+02 1.8673e-12 1.7021e-09 3.8995e-09 1.0761e-08 1.3739e-08
2.0700e+02 1.8894e-12 1.7205e-09 3.9473e-09 1.0877e-08 1.3899e-08
2.0800e+02 1.9120e-12 1.7391e-09 3.9958e-09 1.0993e-08 1.4061e-08
2.0900e+02 1.9350e-12 1.7582e-09 4.0450e-09 1.1110e-08 1.4221e-08
2.1000e+02 1.9581e-12 1.7770e-09 4.0938e-09 1.1229e-08 1.4384e-08
2.1100e+02 1.9812e-12 1.7963e-09 4.1442e-09 1.1349e-08 1.4546e-08
2.1200e+02 2.0042e-12 1.8152e-09 4.1937e-09 1.1468e-08 1.4701e-08
2.1300e+02 2.0269e-12 1.8331e-09 4.2406e-09 1.1586e-08 1.4855e-08
2.1400e+02 2.0498e-12 1.8505e-09 4.2862e-09 1.1706e-08 1.5016e-08
2.1500e+02 2.0730e-12 1.8689e-09 4.3332e-09 1.1827e-08 1.5180e-08
2.1600e+02 2.0962e-12 1.8878e-09 4.3813e-09 1.1951e-08 1.5347e-08
2.1700e+02 2.1200e-12 1.9069e-09 4.4316e-09 1.2077e-08 1.5520e-08
2.1800e+02 2.1437e-12 1.9261e-09 4.4815e-09 1.2201e-08 1.5687e-08
2.1900e+02 2.1683e-12 1.9450e-09 4.5319e-09 1.2326e-08 1.5852e-08
2.2000e+02 2.1928e-12 1.9632e-09 4.5807e-09 1.2449e-08 1.6012e-08
2.2100e+02 2.2179e-12 1.9815e-09 4.6301e-09 1.2575e-08 1.6180e-08
2.2200e+02 2.2430e-12 1.9994e-09 4.6768e-09 1.2702e-08 1.6349e-08
2.2300e+02 2.2680e-12 2.0179e-09 4.7271e-09 1.2830e-08 1.6520e-08
2.2400e+02 2.2933e-12 2.0365e-09 4.7787e-09 1.2961e-08 1.6697e-08
2.2500e+02 2.3189e-12 2.0555e-09 4.8314e-09 1.3091e-08 1.6870e-08
2.2600e+02 2.3442e-12 2.0744e-09 4.8855e-09 1.3222e-08 1.7043e-08
2.2700e+02 2.3696e-12 2.0933e-09 4.9379e-09 1.3352e-08 1.7213e-08
2.2800e+02 2.3947e-12 2.1116e-09 4.9888e-09 1.3484e-08 1.7383e-08
2.2900e+02 2.4206e-12 2.1303e-09 5.0401e-09 1.3615e-08 1.7554e-08
2.3000e+02 2.4475e-12 2.1496e-09 5.0945e-09 1.3750e-08 1.7736e-08
2.3100e+02 2.4732e-12 2.1679e-09 5.1461e-09 1.3884e-08 1.7912e-08
2.3200e+02 2.4995e-12 2.1871e-09 5.1999e-09 1.4020e-08 1.8093e-08
2.3300e+02 2.5268e-12 2.2072e-09 5.2584e-09 1.4158e-08 1.8280e-08
2.3400e+02 2.5535e-12 2.2270e-09 5.3157e-09 1.4295e-08 1.8456e-08
2.3500e+02 2.5803e-12 2.2465e-09 5.3729e-09 1.4433e-08 1.8633e-08
2.3600e+02 2.6081e-12 2.2662e-09 5.4321e-09 1.4572e-08 1.8810e-08
2.3700e+02 2.6356e-12 2.2845e-09 5.4868e-09 1.4710e-08 1.8984e-08
2.3800e+02 2.6637e-12 2.3027e-09 5.5414e-09 1.4852e-08 1.9168e-08
2.3900e+02 2.6911e-12 2.3204e-09 5.5936e-09 1.4994e-08 1.9349e-08
2.4000e+02 2.7195e-12 2.3390e-09 5.6477e-09 1.5137e-08 1.9535e-08
2.4100e+02 2.7477e-12 2.3587e-09 5.7048e-09 1.5281e-08 1.9722e-08
2.4200e+02 2.7763e-12 2.3789e-09 5.7637e-09 1.5425e-08 1.9904e-08
2.4300e+02 2.8052e-12 2.3990e-09 5.8223e-09 1.5571e-08 2.0091e-08
2.4400e+02 2.8343e-12 2.4184e-09 5.8798e-09 1.5716e-08 2.0277e-08
2.4500e+02 2.8642e-12 2.4375e-09 5.9371e-09 1.5863e-08 2.0463e-08
2.4600e+02 2.8941e-12 2.4561e-09 5.9904e-09 1.6011e-08 2.0653e-08
2.4700e+02 2.9240e-12 2.4756e-09 6.0474e-09 1.6161e-08 2.0844e-08
2.4800e+02 2.9539e-12 2.4950e-09 6.1048e-09 1.6311e-08 2.1034e-08
2.4900e+02 2.9843e-12 2.5149e-09 6.1632e-09 1.6463e-08 2.1227e-08
2.5000e+02 3.0148e-12 2.5347e-09 6.2251e-09 1.6614e-08 2.1418e-08
2.5100e+02 3.0451e-12 2.5533e-09 6.2846e-09 1.6768e-08 2.1613e-08
2.5200e+02 3.0761e-12 2.5715e-09 6.3447e-09 1.6923e-08 2.1806e-08
2.5300e+02 3.1073e-12 2.5897e-09 6.4041e-09 1.7077e-08 2.1997e-08
2.5400e+02 3.1391e-12 2.6080e-09 6.4651e-09 1.7236e-08 2.2195e-08
2.5500e+02 3.1710e-12 2.6270e-09 6.5256e-09 1.7391e-08 2.2388e-08
2.5600e+02 3.2026e-12 2.6468e-09 6.5859e-09 1.7550e-08 2.2582e-08
2.5700e+02 3.2342e-12 2.6667e-09 6.6477e-09 1.7710e-08 2.2782e-08
2.5800e+02 3.2658e-12 2.6867e-09 6.7086e-09 1.7870e-08 2.2977e-08
2.5900e+02 3.2985e-12 2.7066e-09 6.7715e-09 1.8031e-08 2.3176e-08
2.6000e+02 3.3304e-12 2.7256e-09 6.8342e-09 1.8194e-08 2.3376e-08
2.6100e+02 3.3632e-12 2.7450e-09 6.8987e-09 1.8357e-08 2.3572e-08
2.6200e+02 3.3967e-12 2.7641e-09 6.9655e-09 1.8523e-08 2.3774e-08
2.6300e+02 3.4294e-12 2.7825e-09 7.0281e-09 1.8689e-08 2.3972e-08
2.6400e+02 3.4630e-12 2.8019e-09 7.0920e-09 1.8856e-08 2.4174e-08
2.6500e+02 3.4971e-12 2.8212e-09 7.1558e-09 1.9024e-08 2.4375e-08
2.6600e+02 3.5306e-12 2.8397e-09 7.2174e-09 1.9193e-08 2.4574e-08
2.6700e+02 3.5647e-12 2.8587e-09 7.2813e-09 1.9364e-08 2.4779e-08
2.6800e+02 3.5993e-12 2.8784e-09 7.3472e-09 1.9536e-08 2.4981e-08
2.6900e+02 3.6338e-12 2.8985e-09 7.4122e-09 1.9709e-08 2.5184e-08
2.7000e+02 3.6688e-12 2.9185e-09 7.4785e-09 1.9883e-08 2.5386e-08
2.7100e+02 3.7042e-12 2.9376e-09 7.5433e-09 2.0058e-08 2.5588e-08
2.7200e+02 3.7400e-12 2.9558e-09 7.6087e-09 2.0235e-08 2.5795e-08
2.7300e+02 3.7759e-12 2.9733e-09 7.6734e-09 2.0414e-08 2.6000e-08
2.7400e+02 3.8120e-12 2.9911e-09 7.7379e-09 2.0593e-08 2.6205e-08
2.7500e+02 3.8484e-12 3.0100e-09 7.8042e-09 2.0773e-08 2.6410e-08
2.7600e+02 3.8853e-12 3.0293e-09 7.8690e-09 2.0954e-08 2.6615e-08
2.7700e+02 3.9215e-12 3.0485e-09 7.9354e-09 2.1136e-08 2.6817e-08
2.7800e+02 3.9589e-12 3.0671e-09 8.0053e-09 2.1321e-08 2.7022e-08
2.7900e+02 3.9963e-12 3.0847e-09 8.0728e-09 2.1508e-08 2.7229e-08
2.8000e+02 4.0340e-12 3.1026e-09 8.1389e-09 2.1695e-08 2.7436e-08
2.8100e+02 4.0718e-12 3.1211e-09 8.2059e-09 2.1882e-08 2.7641e-08
2.8200e+02 4.1103e-12 3.1400e-09 8.2740e-09 2.2071e-08 2.7846e-08
2.8300e+02 4.1486e-12 3.1589e-09 8.3428e-09 2.2263e-08 2.8051e-08
2.8400e+02 4.1871e-12 3.1770e-09 8.4134e-09 2.2456e-08 2.8258e-08
2.8500e+02 4.2257e-12 3.1948e-09 8.4818e-09 2.2648e-08 2.8462e-08
2.8600e+02 4.2647e-12 3.2141e-09 8.5524e-09 2.2843e-08 2.8665e-08
2.8700e+02 4.3038e-12 3.2325e-09 8.6221e-09 2.3040e-08 2.8873e-08
2.8800e+02 4.3438e-12 3.2506e-09 8.6926e-09 2.3241e-08 2.9080e-08
2.8900e+02 4.3832e-12 3.2672e-09 8.7615e-09 2.3439e-08 2.9284e-08
2.9000e+02 4.4225e-12 3.2844e-09 8.8305e-09 2.3638e-08 2.9486e-08
2.9100e+02 4.4624e-12 3.3036e-09 8.9002e-09 2.3839e-08 2.9689e-08
2.9200e+02 4.5024e-12 3.3234e-09 8.9694e-09 2.4042e-08 2.9891e-08
2.9300e+02 4.5434e-12 3.3437e-09 9.0410e-09 2.4249e-08 3.0098e-08
2.9400e+02 4.5853e-12 3.3608e-09 9.1118e-09 2.4458e-08 3.0308e-08
2.9500e+02 4.6265e-12 3.3767e-09 9.1811e-09 2.4664e-08 3.0511e-08
2.9600e+02 4.6681e-12 3.3932e-09 9.2503e-09 2.4874e-08 3.0714e-08
2.9700e+02 4.7098e-12 3.4106e-09 9.3195e-09 2.5085e-08 3.0917e-08
2.9800e+02 4.7517e-12 3.4294e-09 9.3888e-09 2.5297e-08 3.1121e-08
2.9900e+02 4.7939e-12 3.4475e-09 9.4580e-09 2.5512e-08 3.1325e-08
3.0000e+02 4.8369e-12 3.4656e-09 9.5282e-09 2.5727e-08 3.1530e-08
3.0100e+02 4.8802e-12 3.4839e-09 9.5995e-09 2.5947e-08 3.1739e-08
3.0200e+02 4.9238e-12 3.5015e-09 9.6701e-09 2.6166e-08 3.1943e-08
3.0300e+02 4.9679e-12 3.5182e-09 9.7409e-09 2.6388e-08 3.2148e-08
3.0400e+02 5.0117e-12 3.5338e-09 9.8108e-09 2.6609e-08 3.2350e-08
3.0500e+02 5.0559e-12 3.5504e-09 9.8811e-09 2.6833e-08 3.2558e-08
3.0600e+02 5.1002e-12 3.5682e-09 9.9524e-09 2.7058e-08 3.2761e-08
3.0700e+02 5.1451e-12 3.5865e-09 1.0023e-08 2.7285e-08 3.2966e-08
3.0800e+02 5.1906e-12 3.6036e-09 1.0095e-08 2.7515e-08 3.3172e-08
3.0900e+02 5.2363e-12 3.6199e-09 1.0167e-08 2.7746e-08 3.3379e-08
3.1000e+02 5.2823e-12 3.6364e-09 1.0238e-08 2.7978e-08 3.3585e-08
3.1100e+02 5.3284e-12 3.6537e-09 1.0310e-08 2.8212e-08 3.3790e-08
3.1200e+02 5.3751e-12 3.6711e-09 1.0383e-08 2.8449e-08 3.3997e-08
3.1300e+02 5.4214e-12 3.6876e-09 1.0455e-08 2.8686e-08 3.4204e-08
3.1400e+02 5.4679e-12 3.7045e-09 1.0527e-08 2.8923e-08 3.4409e-08
3.1500e+02 5.5147e-12 3.7210e-09 1.0600e-08 2.9165e-08 3.4614e-08
3.1600e+02 5.5614e-12 3.7379e-09 1.0673e-08 2.9407e-08 3.4820e-08
3.1700e+02 5.6089e-12 3.7547e-09 1.0745e-08 2.9651e-08 3.5027e-08
3.1800e+02 5.6572e-12 3.7717e-09 1.0818e-08 2.9898e-08 3.5234e-08
3.1900e+02 5.7051e-12 3.7889e-09 1.0891e-08 3.0147e-08 3.5443e-08
3.2000e+02 5.7532e-12 3.8059e-09 1.0963e-08 3.0395e-08 3.5648e-08
3.2100e+02 5.8018e-12 3.8230e-09 1.1037e-08 3.0649e-08 3.5856e-08
3.2200e+02 5.8508e-12 3.8383e-09 1.1108e-08 3.0901e-08 3.6061e-08
3.2300e+02 5.9003e-12 3.8535e-09 1.1179e-08 3.1155e-08 3.6268e-08
3.2400e+02 5.9499e-12 3.8690e-09 1.1250e-08 3.1414e-08 3.6476e-08
3.2500e+02 6.0002e-12 3.8865e-09 1.1324e-08 3.1674e-08 3.6683e-08
3.2600e+02 6.0501e-12 3.9039e-09 1.1397e-08 3.1934e-08 3.6887e-08
3.2700e+02 6.1007e-12 3.9200e-09 1.1470e-08 3.2196e-08 3.7093e-08
3.2800e+02 6.1515e-12 3.9356e-09 1.1543e-08 3.2459e-08 3.7296e-08
3.2900e+02 6.2031e-12 3.9501e-09 1.1618e-08 3.2725e-08 3.7500e-08
3.3000e+02 6.2549e-12 3.9656e-09 1.1692e-08 3.2993e-08 3.7705e-08
3.3100e+02 6.3065e-12 3.9815e-09 1.1765e-08 3.3261e-08 3.7906e-08
3.3200e+02 6.3591e-12 3.9979e-09 1.1839e-08 3.3534e-08 3.8109e-08
3.3300e+02 6.4123e-12 4.0137e-09 1.1916e-08 3.3809e-08 3.8313e-08
3.3400e+02 6.4649e-12 4.0284e-09 1.1990e-08 3.4084e-08 3.8515e-08
3.3500e+02 6.5186e-12 4.0431e-09 1.2066e-08 3.4362e-08 3.8719e-08
3.3600e+02 6.5725e-12 4.0586e-09 1.2142e-08 3.4640e-08 3.8922e-08
3.3700e+02 6.6261e-12 4.0735e-09 1.2217e-08 3.4921e-08 3.9123e-08
3.3800e+02 6.6806e-12 4.0887e-09 1.2294e-08 3.5204e-08 3.9326e-08
3.3900e+02 6.7354e-12 4.1029e-09 1.2367e-08 3.5487e-08 3.9528e-08
3.4000e+02 6.7905e-12 4.1171e-09 1.2441e-08 3.5777e-08 3.9732e-08
3.4100e+02 6.8447e-12 4.1309e-09 1.2514e-08 3.6065e-08 3.9935e-08
3.4200e+02 6.9010e-12 4.1447e-09 1.2587e-08 3.6357e-08 4.0140e-08
3.4300e+02 6.9571e-12 4.1579e-09 1.2661e-08 3.6649e-08 4.0344e-08
3.4400e+02 7.0136e-12 4.1707e-09 1.2733e-08 3.6943e-08 4.0548e-08
3.4500e+02 7.0698e-12 4.1839e-09 1.2808e-08 3.7240e-08 4.0750e-08
3.4600e+02 7.1263e-12 4.1974e-09 1.2883e-08 3.7537e-08 4.0952e-08
3.4700e+02 7.1827e-12 4.2113e-09 1.2958e-08 3.7838e-08 4.1153e-08
3.4800e+02 7.2396e-12 4.2247e-09 1.3032e-08 3.8138e-08 4.1355e-08
3.4900e+02 7.2972e-12 4.2387e-09 1.3109e-08 3.8444e-08 4.1558e-08
3.5000e+02 7.3548e-12 4.2520e-09 1.3183e-08 3.8752e-08 4.1760e-08
3.5100e+02 7.4129e-12 4.2661e-09 1.3261e-08 3.9059e-08 4.1958e-08
3.5200e+02 7.4715e-12 4.2802e-09 1.3337e-08 3.9370e-08 4.2159e-08
3.5300e+02 7.5304e-12 4.2943e-09 1.3413e-08 3.9682e-08 4.2356e-08
3.5400e+02 7.5893e-12 4.3085e-09 1.3490e-08 3.9993e-08 4.2552e-08
3.5500e+02 7.6496e-12 4.3226e-09 1.3568e-08 4.0311e-08 4.2751e-08
3.5600e+02 7.7086e-12 4.3360e-09 1.3645e-08 4.0622e-08 4.2942e-08
3.5700e+02 7.7700e-12 4.3506e-09 1.3726e-08 4.0944e-08 4.3142e-08
3.5800e+02 7.8291e-12 4.3649e-09 1.3803e-08 4.1262e-08 4.3333e-08
3.5900e+02 7.8910e-12 4.3790e-09 1.3881e-08 4.1588e-08 4.3531e-08
3.6000e+02 7.9519e-12 4.3915e-09 1.3955e-08 4.1916e-08 4.3725e-08
3.6100e+02 8.0142e-12 4.4039e-09 1.4030e-08 4.2242e-08 4.3922e-08
3.6200e+02 8.0776e-12 4.4174e-09 1.4104e-08 4.2568e-08 4.4116e-08
3.6300e+02 8.1401e-12 4.4311e-09 1.4181e-08 4.2899e-08 4.4309e-08
3.6400e+02 8.2035e-12 4.4444e-09 1.4258e-08 4.3228e-08 4.4503e-08
3.6500e+02 8.2665e-12 4.4578e-09 1.4333e-08 4.3560e-08 4.4696e-08
3.6600e+02 8.3301e-12 4.4712e-09 1.4405e-08 4.3903e-08 4.4899e-08
3.6700e+02 8.3944e-12 4.4838e-09 1.4477e-08 4.4248e-08 4.5099e-08
3.6800e+02 8.4592e-12 4.4946e-09 1.4546e-08 4.4579e-08 4.5296e-08
3.6900e+02 8.5242e-12 4.5060e-09 1.4618e-08 4.4912e-08 4.5487e-08
3.7000e+02 8.5895e-12 4.5177e-09 1.4694e-08 4.5265e-08 4.5682e-08
3.7100e+02 8.6547e-12 4.5295e-09 1.4770e-08 4.5609e-08 4.5882e-08
3.7200e+02 8.7210e-12 4.5408e-09 1.4846e-08 4.5951e-08 4.6084e-08
3.7300e+02 8.7878e-12 4.5516e-09 1.4922e-08 4.6300e-08 4.6284e-08
3.7400e+02 8.8543e-12 4.5626e-09 1.4998e-08 4.6658e-08 4.6482e-08
3.7500e+02 8.9201e-12 4.5735e-09 1.5073e-08 4.7001e-08 4.6675e-08
3.7600e+02 8.9864e-12 4.5846e-09 1.5152e-08 4.7347e-08 4.6868e-08
3.7700e+02 9.0535e-12 4.5967e-09 1.5230e-08 4.7712e-08 4.7071e-08
3.7800e+02 9.1206e-12 4.6088e-09 1.5308e-08 4.8080e-08 4.7268e-08
3.7900e+02 9.1884e-12 4.6207e-09 1.5385e-08 4.8425e-08 4.7460e-08
3.8000e+02 9.2567e-12 4.6320e-09 1.5463e-08 4.8771e-08 4.7654e-08
3.8100e+02 9.3270e-12 4.6445e-09 1.5541e-08 4.9134e-08 4.7850e-08
3.8200e+02 9.3985e-12 4.6585e-09 1.5623e-08 4.9522e-08 4.8054e-08
3.8300e+02 9.4665e-12 4.6710e-09 1.5697e-08 4.9881e-08 4.8247e-08
3.8400e+02 9.5332e-12 4.6821e-09 1.5772e-08 5.0238e-08 4.8437e-08
3.8500e+02 9.6021e-12 4.6930e-09 1.5847e-08 5.0596e-08 4.8622e-08
3.8600e+02 9.6740e-12 4.7052e-09 1.5926e-08 5.0965e-08 4.8814e-08
3.8700e+02 9.7512e-12 4.7186e-09 1.6009e-08 5.1355e-08 4.9021e-08
3.8800e+02 9.8230e-12 4.7305e-09 1.6087e-08 5.1726e-08 4.9212e-08
3.8900e+02 9.8941e-12 4.7423e-09 1.6163e-08 5.2093e-08 4.9399e-08
3.9000e+02 9.9609e-12 4.7532e-09 1.6233e-08 5.2454e-08 4.9578e-08
3.9100e+02 1.0034e-11 4.7643e-09 1.6308e-08 5.2830e-08 4.9770e-08
3.9200e+02 1.0108e-11 4.7747e-09 1.6385e-08 5.3217e-08 4.9967e-08
3.9300e+02 1.0186e-11 4.7864e-09 1.6464e-08 5.3603e-08 5.0159e-08
3.9400e+02 1.0262e-11 4.7988e-09 1.6539e-08 5.3975e-08 5.0345e-08
3.9500e+02 1.0337e-11 4.8108e-09 1.6611e-08 5.4348e-08 5.0533e-08
3.9600e+02 1.0410e-11 4.8217e-09 1.6684e-08 5.4731e-08 5.0723e-08
3.9700e+02 1.0483e-11 4.8323e-09 1.6755e-08 5.5116e-08 5.0912e-08
3.9800e+02 1.0559e-11 4.8438e-09 1.6831e-08 5.5506e-08 5.1099e-08
3.9900e+02 1.0637e-11 4.8549e-09 1.6905e-08 5.5888e-08 5.1284e-08
4.0000e+02 1.0715e-11 4.8661e-09 1.6981e-08 5.6276e-08 5.1474e-08
4.0100e+02 1.0792e-11 4.8771e-09 1.7056e-08 5.6667e-08 5.1666e-08
4.0200e+02 1.0869e-11 4.8880e-09 1.7131e-08 5.7058e-08 5.1853e-08
4.0300e+02 1.0945e-11 4.8983e-09 1.7206e-08 5.7445e-08 5.2039e-08
4.0400e+02 1.1022e-11 4.9081e-09 1.7279e-08 5.7830e-08 5.2220e-08
4.0500e+02 1.1102e-11 4.9188e-09 1.7353e-08 5.8221e-08 5.2408e-08
4.0600e+02 1.1181e-11 4.9293e-09 1.7427e-08 5.8621e-08 5.2594e-08
4.0700e+02 1.1261e-11 4.9395e-09 1.7506e-08 5.9018e-08 5.2781e-08
4.0800e+02 1.1340e-11 4.9499e-09 1.7582e-08 5.9414e-08 5.2966e-08
4.0900e+02 1.1419e-11 4.9607e-09 1.7655e-08 5.9804e-08 5.3144e-08
4.1000e+02 1.1499e-11 4.9722e-09 1.7725e-08 6.0198e-08 5.3329e-08
4.1100e+02 1.1579e-11 4.9820e-09 1.7798e-08 6.0601e-08 5.3515e-08
4.1200e+02 1.1660e-11 4.9910e-09 1.7874e-08 6.0995e-08 5.3696e-08
4.1300e+02 1.1743e-11 5.0004e-09 1.7950e-08 6.1400e-08 5.3880e-08
4.1400e+02 1.1826e-11 5.0116e-09 1.8023e-08 6.1799e-08 5.4058e-08
4.1500e+02 1.1908e-11 5.0224e-09 1.8094e-08 6.2193e-08 5.4235e-08
4.1600e+02 1.1991e-11 5.0322e-09 1.8165e-08 6.2601e-08 5.4421e-08
4.1700e+02 1.2074e-11 5.0406e-09 1.8237e-08 6.2999e-08 5.4600e-08
4.1800e+02 1.2158e-11 5.0495e-09 1.8310e-08 6.3404e-08 5.4781e-08
4.1900e+02 1.2244e-11 5.0598e-09 1.8384e-08 6.3808e-08 5.4964e-08
4.2000e+02 1.2328e-11 5.0692e-09 1.8455e-08 6.4208e-08 5.5138e-08
4.2100e+02 1.2416e-11 5.0787e-09 1.8526e-08 6.4615e-08 5.5315e-08
4.2200e+02 1.2501e-11 5.0876e-09 1.8595e-08 6.5019e-08 5.5496e-08
4.2300e+02 1.2588e-11 5.0966e-09 1.8665e-08 6.5428e-08 5.5676e-08
4.2400e+02 1.2674e-11 5.1054e-09 1.8735e-08 6.5834e-08 5.5854e-08
4.2500e+02 1.2761e-11 5.1141e-09 1.8806e-08 6.6240e-08 5.6026e-08
4.2600e+02 1.2849e-11 5.1228e-09 1.8878e-08 6.6648e-08 5.6206e-08
4.2700e+02 1.2938e-11 5.1313e-09 1.8946e-08 6.7052e-08 5.6382e-08
4.2800e+02 1.3026e-11 5.1401e-09 1.9014e-08 6.7459e-08 5.6556e-08
4.2900e+02 1.3115e-11 5.1484e-09 1.9080e-08 6.7867e-08 5.6732e-08
4.3000e+02 1.3205e-11 5.1566e-09 1.9151e-08 6.8279e-08 5.6912e-08
4.3100e+02 1.3294e-11 5.1645e-09 1.9218e-08 6.8690e-08 5.7085e-08
4.3200e+02 1.3385e-11 5.1726e-09 1.9285e-08 6.9096e-08 5.7261e-08
4.3300e+02 1.3474e-11 5.1807e-09 1.9351e-08 6.9509e-08 5.7436e-08
4.3400e+02 1.3564e-11 5.1884e-09 1.9418e-08 6.9913e-08 5.7609e-08
4.3500e+02 1.3654e-11 5.1958e-09 1.9485e-08 7.0322e-08 5.7785e-08
4.3600e+02 1.3745e-11 5.2032e-09 1.9551e-08 7.0735e-08 5.7961e-08
4.3700e+02 1.3837e-11 5.2104e-09 1.9616e-08 7.1140e-08 5.8133e-08
4.3800e+02 1.3930e-11 5.2182e-09 1.9680e-08 7.1563e-08 5.8312e-08
4.3900e+02 1.4024e-11 5.2254e-09 1.9743e-08 7.1973e-08 5.8488e-08
4.4000e+02 1.4117e-11 5.2323e-09 1.9807e-08 7.2377e-08 5.8656e-08
4.4100e+02 1.4210e-11 5.2391e-09 1.9872e-08 7.2791e-08 5.8832e-08
4.4200e+02 1.4304e-11 5.2460e-09 1.9939e-08 7.3201e-08 5.9010e-08
4.4300e+02 1.4399e-11 5.2530e-09 2.0003e-08 7.3613e-08 5.9183e-08
4.4400e+02 1.4494e-11 5.2597e-09 2.0063e-08 7.4030e-08 5.9360e-08
4.4500e+02 1.4592e-11 5.2657e-09 2.0124e-08 7.4434e-08 5.9532e-08
4.4600e+02 1.4688e-11 5.2720e-09 2.0186e-08 7.4847e-08 5.9706e-08
4.4700e+02 1.4785e-11 5.2789e-09 2.0252e-08 7.5264e-08 5.9881e-08
4.4800e+02 1.4882e-11 5.2847e-09 2.0314e-08 7.5662e-08 6.0053e-08
4.4900e+02 1.4979e-11 5.2905e-09 2.0375e-08 7.6083e-08 6.0231e-08
4.5000e+02 1.5078e-11 5.2962e-09 2.0435e-08 7.6501e-08 6.0404e-08
4.5100e+02 1.5176e-11 5.3018e-09 2.0496e-08 7.6894e-08 6.0578e-08
4.5200e+02 1.5277e-11 5.3074e-09 2.0557e-08 7.7318e-08 6.0751e-08
4.5300e+02 1.5378e-11 5.3130e-09 2.0618e-08 7.7735e-08 6.0926e-08
4.5400e+02 1.5478e-11 5.3178e-09 2.0679e-08 7.8134e-08 6.1102e-08
4.5500e+02 1.5578e-11 5.3237e-09 2.0742e-08 7.8550e-08 6.1276e-08
4.5600e+02 1.5679e-11 5.3283e-09 2.0803e-08 7.8971e-08 6.1448e-08
4.5700e+02 1.5780e-11 5.3326e-09 2.0863e-08 7.9379e-08 6.1628e-08
4.5800e+02 1.5882e-11 5.3366e-09 2.0919e-08 7.9784e-08 6.1804e-08
4.5900e+02 1.5987e-11 5.3419e-09 2.0980e-08 8.0203e-08 6.1978e-08
4.6000e+02 1.6089e-11 5.3462e-09 2.1042e-08 8.0605e-08 6.2144e-08
4.6100e+02 1.6190e-11 5.3508e-09 2.1106e-08 8.1011e-08 6.2322e-08
4.6200e+02 1.6293e-11 5.3547e-09 2.1166e-08 8.1443e-08 6.2503e-08
4.6300e+02 1.6397e-11 5.3582e-09 2.1223e-08 8.1856e-08 6.2681e-08
4.6400e+02 1.6499e-11 5.3613e-09 2.1278e-08 8.2230e-08 6.2845e-08
4.6500e+02 1.6603e-11 5.3655e-09 2.1340e-08 8.2639e-08 6.3018e-08
4.6600e+02 1.6711e-11 5.3699e-09 2.1404e-08 8.3091e-08 6.3199e-08
4.6700e+02 1.6816e-11 5.3728e-09 2.1466e-08 8.3498e-08 6.3378e-08
4.6800e+02 1.6920e-11 5.3748e-09 2.1520e-08 8.3866e-08 6.3546e-08
4.6900e+02 1.7028e-11 5.3791e-09 2.1580e-08 8.4289e-08 6.3721e-08
4.7000e+02 1.7136e-11 5.3828e-09 2.1640e-08 8.4733e-08 6.3900e-08
4.7100e+02 1.7241e-11 5.3849e-09 2.1700e-08 8.5139e-08 6.4074e-08
4.7200e+02 1.7346e-11 5.3869e-09 2.1758e-08 8.5506e-08 6.4241e-08
4.7300e+02 1.7459e-11 5.3901e-09 2.1818e-08 8.5923e-08 6.4418e-08
4.7400e+02 1.7577e-11 5.3940e-09 2.1883e-08 8.6379e-08 6.4602e-08
4.7500e+02 1.7682e-11 5.3954e-09 2.1939e-08 8.6785e-08 6.4774e-08
4.7600e+02 1.7781e-11 5.3969e-09 2.1993e-08 8.7153e-08 6.4939e-08
4.7700e+02 1.7890e-11 5.3988e-09 2.2051e-08 8.7555e-08 6.5109e-08
4.7800e+02 1.8014e-11 5.4015e-09 2.2115e-08 8.8002e-08 6.5293e-08
4.7900e+02 1.8135e-11 5.4044e-09 2.2179e-08 8.8432e-08 6.5469e-08
4.8000e+02 1.8242e-11 5.4055e-09 2.2235e-08 8.8820e-08 6.5638e-08
4.8100e+02 1.8341e-11 5.4063e-09 2.2288e-08 8.9202e-08 6.5806e-08
4.8200e+02 1.8453e-11 5.4071e-09 2.2346e-08 8.9623e-08 6.5982e-08
4.8300e+02 1.8576e-11 5.4092e-09 2.2409e-08 9.0052e-08 6.6153e-08
4.8400e+02 1.8698e-11 5.4111e-09 2.2471e-08 9.0464e-08 6.6327e-08
4.8500e+02 1.8811e-11 5.4116e-09 2.2527e-08 9.0863e-08 6.6499e-08
4.8600e+02 1.8917e-11 5.4120e-09 2.2583e-08 9.1269e-08 6.6669e-08
4.8700e+02 1.9028e-11 5.4130e-09 2.2641e-08 9.1683e-08 6.6838e-08
4.8800e+02 1.9147e-11 5.4132e-09 2.2699e-08 9.2087e-08 6.7006e-08
4.8900e+02 1.9270e-11 5.4138e-09 2.2758e-08 9.2500e-08 6.7178e-08
4.9000e+02 1.9385e-11 5.4142e-09 2.2818e-08 9.2913e-08 6.7349e-08
4.9100e+02 1.9496e-11 5.4143e-09 2.2877e-08 9.3324e-08 6.7514e-08
4.9200e+02 1.9609e-11 5.4136e-09 2.2931e-08 9.3720e-08 6.7677e-08
4.9300e+02 1.9728e-11 5.4136e-09 2.2986e-08 9.4137e-08 6.7847e-08
4.9400e+02 1.9850e-11 5.4139e-09 2.3048e-08 9.4552e-08 6.8018e-08
4.9500e+02 1.9970e-11 5.4130e-09 2.3109e-08 9.4974e-08 6.8182e-08
4.9600e+02 2.0087e-11 5.4125e-09 2.3167e-08 9.5376e-08 6.8344e-08
4.9700e+02 2.0203e-11 5.4117e-09 2.3219e-08 9.5784e-08 6.8504e-08
4.9800e+02 2.0322e-11 5.4108e-09 2.3276e-08 9.6192e-08 6.8671e-08
4.9900e+02 2.0444e-11 5.4091e-09 2.3337e-08 9.6611e-08 6.8835e-08
5.0000e+02 2.0567e-11 5.4077e-09 2.3397e-08 9.7027e-08 6.8997e-08
5.0100e+02 2.0689e-11 5.4067e-09 2.3454e-08 9.7437e-08 6.9153e-08
5.0200e+02 2.0810e-11 5.4056e-09 2.3510e-08 9.7852e-08 6.9314e-08
5.0300e+02 2.0930e-11 5.4031e-09 2.3566e-08 9.8260e-08 6.9473e-08
5.0400e+02 2.1051e-11 5.4009e-09 2.3626e-08 9.8682e-08 6.9634e-08
5.0500e+02 2.1176e-11 5.3988e-09 2.3686e-08 9.9091e-08 6.9790e-08
5.0600e+02 2.1301e-11 5.3973e-09 2.3744e-08 9.9506e-08 6.9943e-08
5.0700e+02 2.1427e-11 5.3948e-09 2.3800e-08 9.9920e-08 7.0098e-08
5.0800e+02 2.1549e-11 5.3919e-09 2.3857e-08 1.0033e-07 7.0252e-08
5.0900e+02 2.1673e-11 5.3894e-09 2.3916e-08 1.0075e-07 7.0407e-08
5.1000e+02 2.1799e-11 5.3869e-09 2.3976e-08 1.0117e-07 7.0557e-08
5.1100e+02 2.1926e-11 5.3840e-09 2.4035e-08 1.0158e-07 7.0708e-08
5.1200e+02 2.2054e-11 5.3810e-09 2.4091e-08 1.0201e-07 7.0859e-08
5.1300e+02 2.2180e-11 5.3779e-09 2.4148e-08 1.0242e-07 7.1010e-08
5.1400e+02 2.2306e-11 5.3744e-09 2.4206e-08 1.0284e-07 7.1157e-08
5.1500e+02 2.2434e-11 5.3714e-09 2.4266e-08 1.0327e-07 7.1309e-08
5.1600e+02 2.2559e-11 5.3676e-09 2.4322e-08 1.0369e-07 7.1454e-08
5.1700e+02 2.2688e-11 5.3642e-09 2.4378e-08 1.0411e-07 7.1602e-08
5.1800e+02 2.2814e-11 5.3606e-09 2.4434e-08 1.0453e-07 7.1747e-08
5.1900e+02 2.2942e-11 5.3570e-09 2.4491e-08 1.0495e-07 7.1893e-08
5.2000e+02 2.3070e-11 5.3527e-09 2.4546e-08 1.0539e-07 7.2037e-08
5.2100e+02 2.3200e-11 5.3491e-09 2.4600e-08 1.0580e-07 7.2179e-08
5.2200e+02 2.3329e-11 5.3456e-09 2.4654e-08 1.0623e-07 7.2324e-08
5.2300e+02 2.3458e-11 5.3415e-09 2.4707e-08 1.0666e-07 7.2466e-08
5.2400e+02 2.3587e-11 5.3372e-09 2.4760e-08 1.0709e-07 7.2607e-08
5.2500e+02 2.3717e-11 5.3332e-09 2.4813e-08 1.0752e-07 7.2748e-08
5.2600e+02 2.3848e-11 5.3293e-09 2.4864e-08 1.0794e-07 7.2886e-08
5.2700e+02 2.3982e-11 5.3252e-09 2.4914e-08 1.0839e-07 7.3029e-08
5.2800e+02 2.4114e-11 5.3216e-09 2.4965e-08 1.0882e-07 7.3171e-08
5.2900e+02 2.4244e-11 5.3173e-09 2.5014e-08 1.0924e-07 7.3304e-08
5.3000e+02 2.4375e-11 5.3128e-09 2.5063e-08 1.0969e-07 7.3444e-08
5.3100e+02 2.4507e-11 5.3086e-09 2.5111e-08 1.1011e-07 7.3582e-08
5.3200e+02 2.4642e-11 5.3047e-09 2.5159e-08 1.1056e-07 7.3716e-08
5.3300e+02 2.4778e-11 5.3010e-09 2.5206e-08 1.1100e-07 7.3852e-08
5.3400e+02 2.4911e-11 5.2959e-09 2.5252e-08 1.1144e-07 7.3988e-08
5.3500e+02 2.5045e-11 5.2919e-09 2.5299e-08 1.1188e-07 7.4122e-08
5.3600e+02 2.5180e-11 5.2879e-09 2.5347e-08 1.1234e-07 7.4255e-08
5.3700e+02 2.5315e-11 5.2836e-09 2.5393e-08 1.1277e-07 7.4387e-08
5.3800e+02 2.5453e-11 5.2788e-09 2.5438e-08 1.1322e-07 7.4520e-08
5.3900e+02 2.5590e-11 5.2742e-09 2.5484e-08 1.1369e-07 7.4654e-08
5.4000e+02 2.5723e-11 5.2697e-09 2.5531e-08 1.1411e-07 7.4779e-08
5.4100e+02 2.5860e-11 5.2652e-09 2.5579e-08 1.1457e-07 7.4909e-08
5.4200e+02 2.5998e-11 5.2606e-09 2.5626e-08 1.1505e-07 7.5042e-08
5.4300e+02 2.6132e-11 5.2554e-09 2.5672e-08 1.1548e-07 7.5163e-08
5.4400e+02 2.6272e-11 5.2509e-09 2.5719e-08 1.1593e-07 7.5294e-08
5.4500e+02 2.6410e-11 5.2460e-09 2.5766e-08 1.1643e-07 7.5420e-08
5.4600e+02 2.6544e-11 5.2409e-09 2.5813e-08 1.1686e-07 7.5541e-08
5.4700e+02 2.6680e-11 5.2356e-09 2.5863e-08 1.1732e-07 7.5666e-08
5.4800e+02 2.6819e-11 5.2308e-09 2.5912e-08 1.1782e-07 7.5792e-08
5.4900e+02 2.6956e-11 5.2255e-09 2.5958e-08 1.1827e-07 7.5912e-08
5.5000e+02 2.7093e-11 5.2197e-09 2.6005e-08 1.1871e-07 7.6030e-08
5.5100e+02 2.7236e-11 5.2149e-09 2.6058e-08 1.1923e-07 7.6150e-08
5.5200e+02 2.7373e-11 5.2091e-09 2.6109e-08 1.1971e-07 7.6275e-08
5.5300e+02 2.7506e-11 5.2030e-09 2.6155e-08 1.2014e-07 7.6391e-08
5.5400e+02 2.7647e-11 5.1976e-09 2.6202e-08 1.2064e-07 7.6507e-08
5.5500e+02 2.7792e-11 5.1920e-09 2.6253e-08 1.2115e-07 7.6625e-08
5.5600e+02 2.7929e-11 5.1860e-09 2.6304e-08 1.2161e-07 7.6738e-08
5.5700e+02 2.8065e-11 5.1796e-09 2.6352e-08 1.2208e-07 7.6852e-08
5.5800e+02 2.8213e-11 5.1741e-09 2.6401e-08 1.2261e-07 7.6975e-08
5.5900e+02 2.8353e-11 5.1680e-09 2.6448e-08 1.2310e-07 7.7081e-08
5.6000e+02 2.8486e-11 5.1615e-09 2.6496e-08 1.2356e-07 7.7193e-08
5.6100e+02 2.8631e-11 5.1554e-09 2.6544e-08 1.2406e-07 7.7302e-08
5.6200e+02 2.8782e-11 5.1495e-09 2.6594e-08 1.2460e-07 7.7421e-08
5.6300e+02 2.8921e-11 5.1434e-09 2.6639e-08 1.2509e-07 7.7531e-08
5.6400e+02 2.9049e-11 5.1366e-09 2.6681e-08 1.2556e-07 7.7632e-08
5.6500e+02 2.9196e-11 5.1306e-09 2.6729e-08 1.2608e-07 7.7746e-08
5.6600e+02 2.9357e-11 5.1250e-09 2.6777e-08 1.2663e-07 7.7856e-08
5.6700e+02 2.9501e-11 5.1184e-09 2.6821e-08 1.2714e-07 7.7966e-08
5.6800e+02 2.9625e-11 5.1113e-09 2.6861e-08 1.2763e-07 7.8067e-08
5.6900e+02 2.9763e-11 5.1051e-09 2.6903e-08 1.2815e-07 7.8172e-08
5.7000e+02 2.9921e-11 5.0992e-09 2.6949e-08 1.2869e-07 7.8282e-08
5.7100e+02 3.0075e-11 5.0929e-09 2.6991e-08 1.2922e-07 7.8386e-08
5.7200e+02 3.0205e-11 5.0862e-09 2.7032e-08 1.2974e-07 7.8488e-08
5.7300e+02 3.0337e-11 5.0797e-09 2.7071e-08 1.3027e-07 7.8594e-08
5.7400e+02 3.0486e-11 5.0730e-09 2.7110e-08 1.3080e-07 7.8694e-08
5.7500e+02 3.0638e-11 5.0671e-09 2.7154e-08 1.3136e-07 7.8798e-08
5.7600e+02 3.0781e-11 5.0602e-09 2.7195e-08 1.3191e-07 7.8905e-08
5.7700e+02 3.0913e-11 5.0532e-09 2.7231e-08 1.3243e-07 7.8998e-08
5.7800e+02 3.1053e-11 5.0464e-09 2.7267e-08 1.3298e-07 7.9101e-08
5.7900e+02 3.1204e-11 5.0399e-09 2.7309e-08 1.3354e-07 7.9197e-08
5.8000e+02 3.1350e-11 5.0330e-09 2.7349e-08 1.3410e-07 7.9298e-08
5.8100e+02 3.1491e-11 5.0263e-09 2.7387e-08 1.3465e-07 7.9398e-08
5.8200e+02 3.1627e-11 5.0191e-09 2.7421e-08 1.3520e-07 7.9485e-08
5.8300e+02 3.1773e-11 5.0121e-09 2.7462e-08 1.3577e-07 7.9587e-08
5.8400e+02 3.1922e-11 5.0045e-09 2.7501e-08 1.3636e-07 7.9685e-08
5.8500e+02 3.2068e-11 4.9974e-09 2.7540e-08 1.3692e-07 7.9779e-08
5.8600e+02 3.2209e-11 4.9900e-09 2.7575e-08 1.3751e-07 7.9876e-08
5.8700e+02 3.2348e-11 4.9819e-09 2.7611e-08 1.3808e-07 7.9966e-08
5.8800e+02 3.2496e-11 4.9742e-09 2.7651e-08 1.3867e-07 8.0067e-08
5.8900e+02 3.2645e-11 4.9664e-09 2.7688e-08 1.3926e-07 8.0147e-08
5.9000e+02 3.2788e-11 4.9586e-09 2.7723e-08 1.3983e-07 8.0241e-08
5.9100e+02 3.2931e-11 4.9503e-09 2.7758e-08 1.4044e-07 8.0333e-08
5.9200e+02 3.3074e-11 4.9420e-09 2.7795e-08 1.4104e-07 8.0429e-08
5.9300e+02 3.3218e-11 4.9338e-09 2.7832e-08 1.4163e-07 8.0518e-08
5.9400e+02 3.3367e-11 4.9256e-09 2.7867e-08 1.4225e-07 8.0605e-08
5.9500e+02 3.3511e-11 4.9174e-09 2.7900e-08 1.4286e-07 8.0699e-08
5.9600e+02 3.3651e-11 4.9087e-09 2.7933e-08 1.4347e-07 8.0779e-08
5.9700e+02 3.3795e-11 4.9003e-09 2.7970e-08 1.4408e-07 8.0871e-08
5.9800e+02 3.3941e-11 4.8920e-09 2.8005e-08 1.4472e-07 8.0965e-08
5.9900e+02 3.4086e-11 4.8831e-09 2.8036e-08 1.4534e-07 8.1051e-08
6.0000e+02 3.4226e-11 4.8746e-09 2.8070e-08 1.4595e-07 8.1138e-08
6.0100e+02 3.4368e-11 4.8661e-09 2.8103e-08 1.4659e-07 8.1221e-08
6.0200e+02 3.4513e-11 4.8579e-09 2.8137e-08 1.4722e-07 8.1307e-08
6.0300e+02 3.4656e-11 4.8489e-09 2.8167e-08 1.4786e-07 8.1389e-08
6.0400e+02 3.4794e-11 4.8404e-09 2.8199e-08 1.4850e-07 8.1478e-08
6.0500e+02 3.4936e-11 4.8323e-09 2.8235e-08 1.4914e-07 8.1568e-08
6.0600e+02 3.5080e-11 4.8239e-09 2.8265e-08 1.4980e-07 8.1642e-08
6.0700e+02 3.5223e-11 4.8153e-09 2.8297e-08 1.5044e-07 8.1731e-08
6.0800e+02 3.5363e-11 4.8067e-09 2.8328e-08 1.5111e-07 8.1819e-08
6.0900e+02 3.5507e-11 4.7990e-09 2.8362e-08 1.5176e-07 8.1901e-08
6.1000e+02 3.5646e-11 4.7905e-09 2.8392e-08 1.5244e-07 8.1981e-08
6.1100e+02 3.5791e-11 4.7825e-09 2.8425e-08 1.5310e-07 8.2061e-08
6.1200e+02 3.5932e-11 4.7744e-09 2.8458e-08 1.5376e-07 8.2150e-08
6.1300e+02 3.6075e-11 4.7663e-09 2.8488e-08 1.5443e-07 8.2225e-08
6.1400e+02 3.6215e-11 4.7585e-09 2.8521e-08 1.5512e-07 8.2307e-08
6.1500e+02 3.6354e-11 4.7502e-09 2.8552e-08 1.5579e-07 8.2390e-08
6.1600e+02 3.6497e-11 4.7420e-09 2.8585e-08 1.5647e-07 8.2474e-08
6.1700e+02 3.6642e-11 4.7340e-09 2.8614e-08 1.5720e-07 8.2549e-08
6.1800e+02 3.6779e-11 4.7260e-09 2.8647e-08 1.5785e-07 8.2631e-08
6.1900e+02 3.6921e-11 4.7179e-09 2.8681e-08 1.5856e-07 8.2712e-08
6.2000e+02 3.7062e-11 4.7096e-09 2.8708e-08 1.5925e-07 8.2780e-08
6.2100e+02 3.7203e-11 4.7018e-09 2.8742e-08 1.5994e-07 8.2865e-08
6.2200e+02 3.7348e-11 4.6936e-09 2.8772e-08 1.6066e-07 8.2944e-08
6.2300e+02 3.7485e-11 4.6852e-09 2.8801e-08 1.6136e-07 8.3018e-08
6.2400e+02 3.7624e-11 4.6765e-09 2.8831e-08 1.6207e-07 8.3096e-08
6.2500e+02 3.7764e-11 4.6684e-09 2.8864e-08 1.6279e-07 8.3177e-08
6.2600e+02 3.7902e-11 4.6598e-09 2.8890e-08 1.6349e-07 8.3247e-08
6.2700e+02 3.8046e-11 4.6514e-09 2.8921e-08 1.6420e-07 8.3328e-08
6.2800e+02 3.8190e-11 4.6432e-09 2.8953e-08 1.6494e-07 8.3407e-08
6.2900e+02 3.8327e-11 4.6346e-09 2.8981e-08 1.6565e-07 8.3479e-08
6.3000e+02 3.8466e-11 4.6262e-09 2.9010e-08 1.6637e-07 8.3554e-08
6.3100e+02 3.8608e-11 4.6172e-09 2.9038e-08 1.6711e-07 8.3628e-08
6.3200e+02 3.8746e-11 4.6089e-09 2.9067e-08 1.6783e-07 8.3710e-08
6.3300e+02 3.8887e-11 4.5997e-09 2.9091e-08 1.6855e-07 8.3779e-08
6.3400e+02 3.9030e-11 4.5911e-09 2.9122e-08 1.6930e-07 8.3855e-08
6.3500e+02 3.9164e-11 4.5823e-09 2.9148e-08 1.6999e-07 8.3929e-08
6.3600e+02 3.9303e-11 4.5734e-09 2.9173e-08 1.7076e-07 8.4002e-08
6.3700e+02 3.9449e-11 4.5645e-09 2.9202e-08 1.7150e-07 8.4079e-08
6.3800e+02 3.9586e-11 4.5554e-09 2.9228e-08 1.7223e-07 8.4157e-08
6.3900e+02 3.9717e-11 4.5462e-09 2.9252e-08 1.7295e-07 8.4232e-08
6.4000e+02 3.9861e-11 4.5370e-09 2.9276e-08 1.7373e-07 8.4309e-08
6.4100e+02 4.0003e-11 4.5280e-09 2.9302e-08 1.7448e-07 8.4388e-08
6.4200e+02 4.0135e-11 4.5185e-09 2.9326e-08 1.7520e-07 8.4460e-08
6.4300e+02 4.0276e-11 4.5095e-09 2.9350e-08 1.7596e-07 8.4536e-08
6.4400e+02 4.0417e-11 4.5000e-09 2.9371e-08 1.7673e-07 8.4613e-08
6.4500e+02 4.0546e-11 4.4902e-09 2.9394e-08 1.7744e-07 8.4690e-08
6.4600e+02 4.0686e-11 4.4807e-09 2.9413e-08 1.7819e-07 8.4762e-08
6.4700e+02 4.0832e-11 4.4714e-09 2.9437e-08 1.7896e-07 8.4840e-08
6.4800e+02 4.0962e-11 4.4614e-09 2.9457e-08 1.7971e-07 8.4919e-08
6.4900e+02 4.1088e-11 4.4519e-09 2.9475e-08 1.8043e-07 8.4990e-08
6.5000e+02 4.1235e-11 4.4420e-09 2.9499e-08 1.8120e-07 8.5074e-08
6.5100e+02 4.1378e-11 4.4321e-09 2.9519e-08 1.8198e-07 8.5153e-08
6.5200e+02 4.1500e-11 4.4220e-09 2.9537e-08 1.8271e-07 8.5233e-08
6.5300e+02 4.1626e-11 4.4114e-09 2.9554e-08 1.8343e-07 8.5310e-08
6.5400e+02 4.1773e-11 4.4019e-09 2.9575e-08 1.8422e-07 8.5388e-08
6.5500e+02 4.1913e-11 4.3917e-09 2.9593e-08 1.8499e-07 8.5467e-08
6.5600e+02 4.2031e-11 4.3815e-09 2.9611e-08 1.8569e-07 8.5551e-08
6.5700e+02 4.2156e-11 4.3714e-09 2.9629e-08 1.8644e-07 8.5630e-08
6.5800e+02 4.2297e-11 4.3607e-09 2.9646e-08 1.8721e-07 8.5714e-08
6.5900e+02 4.2433e-11 4.3508e-09 2.9665e-08 1.8795e-07 8.5794e-08
6.6000e+02 4.2553e-11 4.3402e-09 2.9683e-08 1.8868e-07 8.5877e-08
6.6100e+02 4.2678e-11 4.3298e-09 2.9699e-08 1.8943e-07 8.5961e-08
6.6200e+02 4.2816e-11 4.3197e-09 2.9720e-08 1.9019e-07 8.6047e-08
6.6300e+02 4.2949e-11 4.3093e-09 2.9740e-08 1.9093e-07 8.6133e-08
6.6400e+02 4.3068e-11 4.2988e-09 2.9755e-08 1.9167e-07 8.6212e-08
6.6500e+02 4.3192e-11 4.2885e-09 2.9774e-08 1.9241e-07 8.6302e-08
6.6600e+02 4.3329e-11 4.2785e-09 2.9794e-08 1.9315e-07 8.6386e-08
6.6700e+02 4.3458e-11 4.2683e-09 2.9810e-08 1.9388e-07 8.6467e-08
6.6800e+02 4.3577e-11 4.2584e-09 2.9828e-08 1.9459e-07 8.6551e-08
6.6900e+02 4.3701e-11 4.2482e-09 2.9847e-08 1.9532e-07 8.6643e-08
6.7000e+02 4.3831e-11 4.2384e-09 2.9867e-08 1.9606e-07 8.6731e-08
6.7100e+02 4.3957e-11 4.2285e-09 2.9885e-08 1.9679e-07 8.6817e-08
6.7200e+02 4.4079e-11 4.2187e-09 2.9905e-08 1.9752e-07 8.6909e-08
6.7300e+02 4.4199e-11 4.2084e-09 2.9922e-08 1.9823e-07 8.6997e-08
6.7400e+02 4.4325e-11 4.1987e-09 2.9944e-08 1.9896e-07 8.7096e-08
6.7500e+02 4.4451e-11 4.1897e-09 2.9961e-08 1.9967e-07 8.7179e-08
6.7600e+02 4.4571e-11 4.1802e-09 2.9977e-08 2.0037e-07 8.7266e-08
6.7700e+02 4.4692e-11 4.1710e-09 2.9997e-08 2.0109e-07 8.7358e-08
6.7800e+02 4.4813e-11 4.1615e-09 3.0015e-08 2.0178e-07 8.7448e-08
6.7900e+02 4.4932e-11 4.1525e-09 3.0032e-08 2.0248e-07 8.7545e-08
6.8000e+02 4.5050e-11 4.1433e-09 3.0050e-08 2.0318e-07 8.7637e-08
6.8100e+02 4.5167e-11 4.1341e-09 3.0069e-08 2.0387e-07 8.7729e-08
6.8200e+02 4.5285e-11 4.1250e-09 3.0086e-08 2.0457e-07 8.7826e-08
6.8300e+02 4.5405e-11 4.1166e-09 3.0104e-08 2.0525e-07 8.7923e-08
6.8400e+02 4.5521e-11 4.1077e-09 3.0122e-08 2.0592e-07 8.8021e-08
6.8500e+02 4.5642e-11 4.0989e-09 3.0139e-08 2.0660e-07 8.8116e-08
6.8600e+02 4.5760e-11 4.0904e-09 3.0157e-08 2.0727e-07 8.8215e-08
6.8700e+02 4.5879e-11 4.0821e-09 3.0175e-08 2.0794e-07 8.8317e-08
6.8800e+02 4.5995e-11 4.0733e-09 3.0191e-08 2.0860e-07 8.8417e-08
6.8900e+02 4.6112e-11 4.0652e-09 3.0207e-08 2.0926e-07 8.8511e-08
6.9000e+02 4.6230e-11 4.0568e-09 3.0225e-08 2.0991e-07 8.8616e-08
6.9100e+02 4.6345e-11 4.0485e-09 3.0241e-08 2.1056e-07 8.8718e-08
6.9200e+02 4.6459e-11 4.0405e-09 3.0258e-08 2.1120e-07 8.8818e-08
6.9300e+02 4.6574e-11 4.0322e-09 3.0274e-08 2.1184e-07 8.8921e-08
6.9400e+02 4.6689e-11 4.0242e-09 3.0290e-08 2.1247e-07 8.9026e-08
6.9500e+02 4.6802e-11 4.0164e-09 3.0306e-08 2.1310e-07 8.9132e-08
6.9600e+02 4.6914e-11 4.0084e-09 3.0321e-08 2.1372e-07 8.9232e-08
6.9700e+02 4.7025e-11 4.0005e-09 3.0337e-08 2.1433e-07 8.9339e-08
6.9800e+02 4.7139e-11 3.9930e-09 3.0351e-08 2.1495e-07 8.9442e-08
6.9900e+02 4.7250e-11 3.9851e-09 3.0367e-08 2.1555e-07 8.9549e-08
7.0000e+02 4.7360e-11 3.9777e-09 3.0384e-08 2.1617e-07 8.9660e-08
7.0100e+02 4.7468e-11 3.9702e-09 3.0398e-08 2.1676e-07 8.9764e-08
7.0200e+02 4.7579e-11 3.9627e-09 3.0412e-08 2.1735e-07 8.9871e-08
7.0300e+02 4.7688e-11 3.9555e-09 3.0428e-08 2.1795e-07 8.9976e-08
7.0400e+02 4.7792e-11 3.9483e-09 3.0444e-08 2.1851e-07 9.0092e-08
7.0500e+02 4.7899e-11 3.9409e-09 3.0459e-08 2.1909e-07 9.0206e-08
7.0600e+02 4.8006e-11 3.9342e-09 3.0474e-08 2.1966e-07 9.0317e-08
7.0700e+02 4.8108e-11 3.9272e-09 3.0489e-08 2.2022e-07 9.0427e-08
7.0800e+02 4.8212e-11 3.9206e-09 3.0503e-08 2.2078e-07 9.0542e-08
7.0900e+02 4.8315e-11 3.9138e-09 3.0518e-08 2.2133e-07 9.0657e-08
7.1000e+02 4.8415e-11 3.9073e-09 3.0533e-08 2.2187e-07 9.0774e-08
7.1100e+02 4.8515e-11 3.9004e-09 3.0549e-08 2.2242e-07 9.0890e-08
7.1200e+02 4.8615e-11 3.8939e-09 3.0567e-08 2.2295e-07 9.1013e-08
7.1300e+02 4.8714e-11 3.8875e-09 3.0579e-08 2.2347e-07 9.1127e-08
7.1400e+02 4.8813e-11 3.8813e-09 3.0594e-08 2.2400e-07 9.1246e-08
7.1500e+02 4.8909e-11 3.8753e-09 3.0611e-08 2.2451e-07 9.1367e-08
7.1600e+02 4.9006e-11 3.8691e-09 3.0625e-08 2.2502e-07 9.1485e-08
7.1700e+02 4.9105e-11 3.8631e-09 3.0637e-08 2.2553e-07 9.1604e-08
7.1800e+02 4.9198e-11 3.8573e-09 3.0654e-08 2.2602e-07 9.1729e-08
7.1900e+02 4.9289e-11 3.8516e-09 3.0670e-08 2.2651e-07 9.1852e-08
7.2000e+02 4.9387e-11 3.8458e-09 3.0684e-08 2.2701e-07 9.1972e-08
7.2100e+02 4.9481e-11 3.8405e-09 3.0699e-08 2.2749e-07 9.2098e-08
7.2200e+02 4.9570e-11 3.8347e-09 3.0714e-08 2.2796e-07 9.2223e-08
7.2300e+02 4.9665e-11 3.8293e-09 3.0732e-08 2.2846e-07 9.2352e-08
7.2400e+02 4.9754e-11 3.8240e-09 3.0746e-08 2.2892e-07 9.2473e-08
7.2500e+02 4.9842e-11 3.8187e-09 3.0764e-08 2.2937e-07 9.2604e-08
7.2600e+02 4.9934e-11 3.8136e-09 3.0779e-08 2.2985e-07 9.2730e-08
7.2700e+02 5.0020e-11 3.8085e-09 3.0795e-08 2.3030e-07 9.2861e-08
7.2800e+02 5.0105e-11 3.8036e-09 3.0812e-08 2.3072e-07 9.2987e-08
7.2900e+02 5.0196e-11 3.7988e-09 3.0828e-08 2.3118e-07 9.3115e-08
7.3000e+02 5.0281e-11 3.7941e-09 3.0845e-08 2.3162e-07 9.3249e-08
7.3100e+02 5.0361e-11 3.7896e-09 3.0858e-08 2.3203e-07 9.3379e-08
7.3200e+02 5.0447e-11 3.7851e-09 3.0877e-08 2.3246e-07 9.3510e-08
7.3300e+02 5.0533e-11 3.7806e-09 3.0894e-08 2.3289e-07 9.3640e-08
7.3400e+02 5.0609e-11 3.7763e-09 3.0911e-08 2.3329e-07 9.3776e-08
7.3500e+02 5.0686e-11 3.7719e-09 3.0928e-08 2.3370e-07 9.3910e-08
7.3600e+02 5.0774e-11 3.7681e-09 3.0945e-08 2.3413e-07 9.4043e-08
7.3700e+02 5.0850e-11 3.7638e-09 3.0963e-08 2.3451e-07 9.4175e-08
7.3800e+02 5.0921e-11 3.7597e-09 3.0981e-08 2.3490e-07 9.4313e-08
7.3900e+02 5.1001e-11 3.7558e-09 3.0999e-08 2.3531e-07 9.4446e-08
7.4000e+02 5.1079e-11 3.7520e-09 3.1018e-08 2.3570e-07 9.4585e-08
7.4100e+02 5.1148e-11 3.7481e-09 3.1036e-08 2.3607e-07 9.4718e-08
7.4200e+02 5.1219e-11 3.7444e-09 3.1056e-08 2.3645e-07 9.4856e-08
7.4300e+02 5.1299e-11 3.7408e-09 3.1078e-08 2.3683e-07 9.4997e-08
7.4400e+02 5.1368e-11 3.7374e-09 3.1097e-08 2.3720e-07 9.5135e-08
7.4500e+02 5.1436e-11 3.7341e-09 3.1116e-08 2.3755e-07 9.5272e-08
7.4600e+02 5.1509e-11 3.7305e-09 3.1136e-08 2.3792e-07 9.5408e-08
7.4700e+02 5.1579e-11 3.7274e-09 3.1157e-08 2.3829e-07 9.5549e-08
7.4800e+02 5.1646e-11 3.7246e-09 3.1176e-08 2.3865e-07 9.5692e-08
7.4900e+02 5.1713e-11 3.7211e-09 3.1198e-08 2.3900e-07 9.5824e-08
7.5000e+02 5.1782e-11 3.7183e-09 3.1219e-08 2.3934e-07 9.5969e-08
7.5100e+02 5.1846e-11 3.7153e-09 3.1241e-08 2.3968e-07 9.6110e-08
7.5200e+02 5.1910e-11 3.7123e-09 3.1265e-08 2.4005e-07 9.6254e-08
7.5300e+02 5.1976e-11 3.7095e-09 3.1287e-08 2.4037e-07 9.6390e-08
7.5400e+02 5.2041e-11 3.7067e-09 3.1308e-08 2.4071e-07 9.6531e-08
7.5500e+02 5.2102e-11 3.7042e-09 3.1332e-08 2.4104e-07 9.6680e-08
7.5600e+02 5.2162e-11 3.7013e-09 3.1355e-08 2.4138e-07 9.6818e-08
7.5700e+02 5.2224e-11 3.6990e-09 3.1380e-08 2.4171e-07 9.6961e-08
7.5800e+02 5.2284e-11 3.6964e-09 3.1405e-08 2.4202e-07 9.7106e-08
7.5900e+02 5.2339e-11 3.6936e-09 3.1431e-08 2.4234e-07 9.7251e-08
7.6000e+02 5.2394e-11 3.6915e-09 3.1456e-08 2.4265e-07 9.7396e-08
7.6100e+02 5.2452e-11 3.6891e-09 3.1481e-08 2.4298e-07 9.7533e-08
7.6200e+02 5.2506e-11 3.6869e-09 3.1507e-08 2.4329e-07 9.7678e-08
7.6300e+02 5.2558e-11 3.6848e-09 3.1534e-08 2.4359e-07 9.7825e-08
7.6400e+02 5.2612e-11 3.6822e-09 3.1561e-08 2.4390e-07 9.7974e-08
7.6500e+02 5.2663e-11 3.6801e-09 3.1589e-08 2.4422e-07 9.8110e-08
7.6600e+02 5.2714e-11 3.6781e-09 3.1618e-08 2.4452e-07 9.8265e-08
7.6700e+02 5.2765e-11 3.6760e-09 3.1644e-08 2.4482e-07 9.8407e-08
7.6800e+02 5.2814e-11 3.6740e-09 3.1674e-08 2.4511e-07 9.8555e-08
7.6900e+02 5.2861e-11 3.6721e-09 3.1702e-08 2.4541e-07 9.8694e-08
7.7000e+02 5.2908e-11 3.6700e-09 3.1732e-08 2.4571e-07 9.8842e-08
7.7100e+02 5.2957e-11 3.6681e-09 3.1763e-08 2.4599e-07 9.8996e-08
7.7200e+02 5.3000e-11 3.6663e-09 3.1793e-08 2.4629e-07 9.9138e-08
7.7300e+02 5.3044e-11 3.6645e-09 3.1824e-08 2.4658e-07 9.9278e-08
7.7400e+02 5.3091e-11 3.6624e-09 3.1854e-08 2.4688e-07 9.9429e-08
7.7500e+02 5.3133e-11 3.6608e-09 3.1885e-08 2.4715e-07 9.9573e-08
7.7600e+02 5.3176e-11 3.6589e-09 3.1919e-08 2.4744e-07 9.9729e-08
7.7700e+02 5.3218e-11 3.6570e-09 3.1950e-08 2.4773e-07 9.9867e-08
7.7800e+02 5.3257e-11 3.6553e-09 3.1983e-08 2.4803e-07 1.0001e-07
7.7900e+02 5.3298e-11 3.6533e-09 3.2016e-08 2.4829e-07 1.0016e-07
7.8000e+02 5.3335e-11 3.6516e-09 3.2050e-08 2.4858e-07 1.0031e-07
7.8100e+02 5.3376e-11 3.6500e-09 3.2084e-08 2.4886e-07 1.0046e-07
7.8200e+02 5.3412e-11 3.6479e-09 3.2118e-08 2.4916e-07 1.0060e-07
7.8300e+02 5.3445e-11 3.6463e-09 3.2153e-08 2.4943e-07 1.0075e-07
7.8400e+02 5.3481e-11 3.6445e-09 3.2188e-08 2.4970e-07 1.0090e-07
7.8500e+02 5.3515e-11 3.6427e-09 3.2223e-08 2.4999e-07 1.0104e-07
7.8600e+02 5.3548e-11 3.6408e-09 3.2258e-08 2.5027e-07 1.0120e-07
7.8700e+02 5.3580e-11 3.6390e-09 3.2295e-08 2.5053e-07 1.0135e-07
7.8800e+02 5.3610e-11 3.6374e-09 3.2331e-08 2.5080e-07 1.0149e-07
7.8900e+02 5.3640e-11 3.6355e-09 3.2367e-08 2.5109e-07 1.0164e-07
7.9000e+02 5.3669e-11 3.6337e-09 3.2404e-08 2.5137e-07 1.0179e-07
7.9100e+02 5.3699e-11 3.6317e-09 3.2441e-08 2.5164e-07 1.0194e-07
7.9200e+02 5.3727e-11 3.6302e-09 3.2479e-08 2.5189e-07 1.0209e-07
7.9300e+02 5.3753e-11 3.6284e-09 3.2517e-08 2.5219e-07 1.0223e-07
7.9400e+02 5.3780e-11 3.6264e-09 3.2554e-08 2.5247e-07 1.0238e-07
7.9500e+02 5.3806e-11 3.6248e-09 3.2593e-08 2.5273e-07 1.0253e-07
7.9600e+02 5.3829e-11 3.6226e-09 3.2630e-08 2.5301e-07 1.0268e-07
7.9700e+02 5.3854e-11 3.6210e-09 3.2669e-08 2.5329e-07 1.0282e-07
7.9800e+02 5.3878e-11 3.6192e-09 3.2708e-08 2.5356e-07 1.0298e-07
7.9900e+02 5.3902e-11 3.6168e-09 3.2748e-08 2.5383e-07 1.0313e-07
8.0000e+02 5.3923e-11 3.6152e-09 3.2787e-08 2.5411e-07 1.0328e-07
8.0100e+02 5.3942e-11 3.6128e-09 3.2825e-08 2.5439e-07 1.0342e-07
8.0200e+02 5.3965e-11 3.6107e-09 3.2866e-08 2.5465e-07 1.0357e-07
8.0300e+02 5.3984e-11 3.6085e-09 3.2905e-08 2.5496e-07 1.0372e-07
8.0400e+02 5.4003e-11 3.6065e-09 3.2946e-08 2.5522e-07 1.0387e-07
8.0500e+02 5.4021e-11 3.6045e-09 3.2985e-08 2.5550e-07 1.0402e-07
8.0600e+02 5.4039e-11 3.6023e-09 3.3025e-08 2.5578e-07 1.0416e-07
8.0700e+02 5.4056e-11 3.6001e-09 3.3067e-08 2.5605e-07 1.0432e-07
8.0800e+02 5.4069e-11 3.5976e-09 3.3107e-08 2.5634e-07 1.0447e-07
8.0900e+02 5.4086e-11 3.5959e-09 3.3146e-08 2.5663e-07 1.0461e-07
8.1000e+02 5.4102e-11 3.5935e-09 3.3188e-08 2.5690e-07 1.0477e-07
8.1100e+02 5.4114e-11 3.5909e-09 3.3229e-08 2.5718e-07 1.0491e-07
8.1200e+02 5.4126e-11 3.5886e-09 3.3267e-08 2.5746e-07 1.0505e-07
8.1300e+02 5.4139e-11 3.5859e-09 3.3310e-08 2.5776e-07 1.0521e-07
8.1400e+02 5.4148e-11 3.5836e-09 3.3351e-08 2.5804e-07 1.0536e-07
8.1500e+02 5.4162e-11 3.5810e-09 3.3393e-08 2.5832e-07 1.0551e-07
8.1600e+02 5.4171e-11 3.5785e-09 3.3433e-08 2.5861e-07 1.0566e-07
8.1700e+02 5.4180e-11 3.5759e-09 3.3473e-08 2.5889e-07 1.0581e-07
8.1800e+02 5.4190e-11 3.5730e-09 3.3516e-08 2.5918e-07 1.0596e-07
8.1900e+02 5.4200e-11 3.5708e-09 3.3557e-08 2.5947e-07 1.0611e-07
8.2000e+02 5.4203e-11 3.5676e-09 3.3596e-08 2.5976e-07 1.0625e-07
8.2100e+02 5.4213e-11 3.5649e-09 3.3640e-08 2.6006e-07 1.0640e-07
8.2200e+02 5.4220e-11 3.5622e-09 3.3680e-08 2.6035e-07 1.0655e-07
8.2300e+02 5.4224e-11 3.5591e-09 3.3721e-08 2.6066e-07 1.0671e-07
8.2400e+02 5.4233e-11 3.5566e-09 3.3763e-08 2.6093e-07 1.0686e-07
8.2500e+02 5.4236e-11 3.5531e-09 3.3804e-08 2.6125e-07 1.0700e-07
8.2600e+02 5.4240e-11 3.5505e-09 3.3844e-08 2.6156e-07 1.0716e-07
8.2700e+02 5.4246e-11 3.5474e-09 3.3888e-08 2.6188e-07 1.0731e-07
8.2800e+02 5.4250e-11 3.5444e-09 3.3927e-08 2.6216e-07 1.0745e-07
8.2900e+02 5.4251e-11 3.5413e-09 3.3967e-08 2.6246e-07 1.0760e-07
8.3000e+02 5.4255e-11 3.5380e-09 3.4011e-08 2.6278e-07 1.0776e-07
8.3100e+02 5.4255e-11 3.5345e-09 3.4051e-08 2.6308e-07 1.0790e-07
8.3200e+02 5.4260e-11 3.5314e-09 3.4093e-08 2.6341e-07 1.0805e-07
8.3300e+02 5.4260e-11 3.5281e-09 3.4134e-08 2.6373e-07 1.0821e-07
8.3400e+02 5.4258e-11 3.5246e-09 3.4174e-08 2.6405e-07 1.0835e-07
8.3500e+02 5.4262e-11 3.5217e-09 3.4215e-08 2.6438e-07 1.0850e-07
8.3600e+02 5.4257e-11 3.5177e-09 3.4256e-08 2.6467e-07 1.0865e-07
8.3700e+02 5.4255e-11 3.5143e-09 3.4296e-08 2.6500e-07 1.0880e-07
8.3800e+02 5.4255e-11 3.5113e-09 3.4339e-08 2.6532e-07 1.0895e-07
8.3900e+02 5.4253e-11 3.5075e-09 3.4378e-08 2.6567e-07 1.0910e-07
8.4000e+02 5.4247e-11 3.5038e-09 3.4417e-08 2.6597e-07 1.0924e-07
8.4100e+02 5.4247e-11 3.5005e-09 3.4461e-08 2.6632e-07 1.0940e-07
8.4200e+02 5.4243e-11 3.4970e-09 3.4502e-08 2.6667e-07 1.0956e-07
8.4300e+02 5.4237e-11 3.4931e-09 3.4538e-08 2.6698e-07 1.0969e-07
8.4400e+02 5.4236e-11 3.4899e-09 3.4582e-08 2.6733e-07 1.0985e-07
8.4500e+02 5.4228e-11 3.4857e-09 3.4621e-08 2.6767e-07 1.1000e-07
8.4600e+02 5.4224e-11 3.4823e-09 3.4661e-08 2.6803e-07 1.1015e-07
8.4700e+02 5.4219e-11 3.4786e-09 3.4700e-08 2.6836e-07 1.1029e-07
8.4800e+02 5.4214e-11 3.4747e-09 3.4741e-08 2.6872e-07 1.1045e-07
8.4900e+02 5.4206e-11 3.4709e-09 3.4779e-08 2.6906e-07 1.1059e-07
8.5000e+02 5.4199e-11 3.4667e-09 3.4818e-08 2.6945e-07 1.1074e-07
8.5100e+02 5.4197e-11 3.4633e-09 3.4859e-08 2.6979e-07 1.1089e-07
8.5200e+02 5.4187e-11 3.4593e-09 3.4898e-08 2.7014e-07 1.1104e-07
8.5300e+02 5.4179e-11 3.4552e-09 3.4939e-08 2.7052e-07 1.1119e-07
8.5400e+02 5.4172e-11 3.4513e-09 3.4976e-08 2.7089e-07 1.1133e-07
8.5500e+02 5.4165e-11 3.4473e-09 3.5016e-08 2.7127e-07 1.1149e-07
8.5600e+02 5.4155e-11 3.4431e-09 3.5055e-08 2.7164e-07 1.1164e-07
8.5700e+02 5.4150e-11 3.4397e-09 3.5096e-08 2.7202e-07 1.1178e-07
8.5800e+02 5.4138e-11 3.4353e-09 3.5132e-08 2.7240e-07 1.1193e-07
8.5900e+02 5.4129e-11 3.4314e-09 3.5172e-08 2.7278e-07 1.1208e-07
8.6000e+02 5.4120e-11 3.4277e-09 3.5210e-08 2.7315e-07 1.1222e-07
8.6100e+02 5.4111e-11 3.4236e-09 3.5248e-08 2.7360e-07 1.1237e-07
8.6200e+02 5.4100e-11 3.4194e-09 3.5289e-08 2.7394e-07 1.1253e-07
8.6300e+02 5.4090e-11 3.4158e-09 3.5326e-08 2.7434e-07 1.1267e-07
8.6400e+02 5.4080e-11 3.4119e-09 3.5366e-08 2.7476e-07 1.1282e-07
8.6500e+02 5.4068e-11 3.4078e-09 3.5400e-08 2.7514e-07 1.1296e-07
8.6600e+02 5.4056e-11 3.4032e-09 3.5440e-08 2.7556e-07 1.1311e-07
8.6700e+02 5.4045e-11 3.3997e-09 3.5478e-08 2.7596e-07 1.1326e-07
8.6800e+02 5.4033e-11 3.3954e-09 3.5519e-08 2.7638e-07 1.1341e-07
8.6900e+02 5.4019e-11 3.3910e-09 3.5552e-08 2.7682e-07 1.1355e-07
8.7000e+02 5.4011e-11 3.3874e-09 3.5593e-08 2.7723e-07 1.1370e-07
8.7100e+02 5.3996e-11 3.3830e-09 3.5630e-08 2.7765e-07 1.1385e-07
8.7200e+02 5.3983e-11 3.3786e-09 3.5667e-08 2.7811e-07 1.1399e-07
8.7300e+02 5.3972e-11 3.3750e-09 3.5704e-08 2.7853e-07 1.1414e-07
8.7400e+02 5.3961e-11 3.3711e-09 3.5743e-08 2.7896e-07 1.1428e-07
8.7500e+02 5.3948e-11 3.3667e-09 3.5783e-08 2.7940e-07 1.1443e-07
8.7600e+02 5.3932e-11 3.3622e-09 3.5818e-08 2.7985e-07 1.1457e-07
8.7700e+02 5.3923e-11 3.3590e-09 3.5857e-08 2.8029e-07 1.1472e-07
8.7800e+02 5.3907e-11 3.3545e-09 3.5893e-08 2.8073e-07 1.1486e-07
8.7900e+02 5.3894e-11 3.3501e-09 3.5934e-08 2.8121e-07 1.1501e-07
8.8000e+02 5.3881e-11 3.3469e-09 3.5968e-08 2.8166e-07 1.1515e-07
8.8100e+02 5.3868e-11 3.3426e-09 3.6006e-08 2.8213e-07 1.1530e-07
8.8200e+02 5.3852e-11 3.3383e-09 3.6044e-08 2.8260e-07 1.1544e-07
8.8300e+02 5.3840e-11 3.3341e-09 3.6081e-08 2.8306e-07 1.1558e-07
8.8400e+02 5.3825e-11 3.3305e-09 3.6117e-08 2.8355e-07 1.1573e-07
8.8500e+02 5.3812e-11 3.3265e-09 3.6158e-08 2.8402e-07 1.1587e-07
8.8600e+02 5.3795e-11 3.3224e-09 3.6195e-08 2.8451e-07 1.1602e-07
8.8700e+02 5.3783e-11 3.3188e-09 3.6230e-08 2.8499e-07 1.1615e-07
8.8800e+02 5.3766e-11 3.3144e-09 3.6268e-08 2.8549e-07 1.1630e-07
8.8900e+02 5.3752e-11 3.3102e-09 3.6306e-08 2.8600e-07 1.1644e-07
8.9000e+02 5.3734e-11 3.3061e-09 3.6341e-08 2.8647e-07 1.1658e-07
8.9100e+02 5.3724e-11 3.3029e-09 3.6381e-08 2.8698e-07 1.1672e-07
8.9200e+02 5.3704e-11 3.2983e-09 3.6418e-08 2.8751e-07 1.1686e-07
8.9300e+02 5.3690e-11 3.2943e-09 3.6459e-08 2.8800e-07 1.1701e-07
8.9400e+02 5.3675e-11 3.2907e-09 3.6493e-08 2.8852e-07 1.1714e-07
8.9500e+02 5.3664e-11 3.2871e-09 3.6531e-08 2.8904e-07 1.1728e-07
8.9600e+02 5.3645e-11 3.2828e-09 3.6570e-08 2.8956e-07 1.1742e-07
8.9700e+02 5.3632e-11 3.2786e-09 3.6609e-08 2.9010e-07 1.1757e-07
8.9800e+02 5.3616e-11 3.2745e-09 3.6647e-08 2.9063e-07 1.1770e-07
8.9900e+02 5.3603e-11 3.2719e-09 3.6686e-08 2.9114e-07 1.1784e-07
9.0000e+02 5.3589e-11 3.2678e-09 3.6727e-08 2.9166e-07 1.1798e-07
9.0100e+02 5.3570e-11 3.2634e-09 3.6762e-08 2.9225e-07 1.1812e-07
9.0200e+02 5.3559e-11 3.2604e-09 3.6803e-08 2.9276e-07 1.1826e-07
9.0300e+02 5.3543e-11 3.2566e-09 3.6842e-08 2.9330e-07 1.1839e-07
9.0400e+02 5.3527e-11 3.2525e-09 3.6882e-08 2.9389e-07 1.1854e-07
9.0500e+02 5.3510e-11 3.2485e-09 3.6919e-08 2.9443e-07 1.1867e-07
9.0600e+02 5.3498e-11 3.2454e-09 3.6960e-08 2.9500e-07 1.1880e-07
9.0700e+02 5.3480e-11 3.2414e-09 3.6999e-08 2.9555e-07 1.1894e-07
9.0800e+02 5.3467e-11 3.2376e-09 3.7039e-08 2.9612e-07 1.1908e-07
9.0900e+02 5.3449e-11 3.2335e-09 3.7076e-08 2.9668e-07 1.1921e-07
9.1000e+02 5.3436e-11 3.2304e-09 3.7120e-08 2.9727e-07 1.1935e-07
9.1100e+02 5.3417e-11 3.2266e-09 3.7162e-08 2.9782e-07 1.1949e-07
9.1200e+02 5.3401e-11 3.2226e-09 3.7200e-08 2.9843e-07 1.1963e-07
9.1300e+02 5.3384e-11 3.2186e-09 3.7241e-08 2.9901e-07 1.1976e-07
9.1400e+02 5.3372e-11 3.2154e-09 3.7285e-08 2.9959e-07 1.1990e-07
9.1500e+02 5.3353e-11 3.2117e-09 3.7322e-08 3.0019e-07 1.2003e-07
9.1600e+02 5.3339e-11 3.2080e-09 3.7366e-08 3.0078e-07 1.2017e-07
9.1700e+02 5.3321e-11 3.2043e-09 3.7409e-08 3.0138e-07 1.2030e-07
9.1800e+02 5.3307e-11 3.2006e-09 3.7450e-08 3.0199e-07 1.2044e-07
9.1900e+02 5.3293e-11 3.1976e-09 3.7491e-08 3.0258e-07 1.2057e-07
9.2000e+02 5.3278e-11 3.1939e-09 3.7536e-08 3.0319e-07 1.2071e-07
9.2100e+02 5.3260e-11 3.1902e-09 3.7577e-08 3.0382e-07 1.2084e-07
9.2200e+02 5.3248e-11 3.1866e-09 3.7619e-08 3.0439e-07 1.2096e-07
9.2300e+02 5.3233e-11 3.1838e-09 3.7660e-08 3.0499e-07 1.2110e-07
9.2400e+02 5.3220e-11 3.1806e-09 3.7707e-08 3.0562e-07 1.2123e-07
9.2500e+02 5.3204e-11 3.1770e-09 3.7751e-08 3.0620e-07 1.2136e-07
9.2600e+02 5.3189e-11 3.1734e-09 3.7793e-08 3.0684e-07 1.2149e-07
9.2700e+02 5.3173e-11 3.1703e-09 3.7838e-08 3.0746e-07 1.2163e-07
9.2800e+02 5.3162e-11 3.1670e-09 3.7884e-08 3.0807e-07 1.2176e-07
9.2900e+02 5.3145e-11 3.1633e-09 3.7925e-08 3.0872e-07 1.2189e-07
9.3000e+02 5.3132e-11 3.1600e-09 3.7972e-08 3.0934e-07 1.2202e-07
9.3100e+02 5.3112e-11 3.1560e-09 3.8019e-08 3.0998e-07 1.2216e-07
9.3200e+02 5.3102e-11 3.1533e-09 3.8061e-08 3.1062e-07 1.2229e-07
9.3300e+02 5.3084e-11 3.1497e-09 3.8108e-08 3.1125e-07 1.2242e-07
9.3400e+02 5.3070e-11 3.1460e-09 3.8153e-08 3.1189e-07 1.2255e-07
9.3500e+02 5.3054e-11 3.1426e-09 3.8201e-08 3.1253e-07 1.2269e-07
9.3600e+02 5.3045e-11 3.1404e-09 3.8246e-08 3.1314e-07 1.2281e-07
9.3700e+02 5.3026e-11 3.1365e-09 3.8291e-08 3.1381e-07 1.2295e-07
9.3800e+02 5.3015e-11 3.1335e-09 3.8339e-08 3.1443e-07 1.2308e-07
9.3900e+02 5.2997e-11 3.1303e-09 3.8386e-08 3.1506e-07 1.2321e-07
9.4000e+02 5.2982e-11 3.1266e-09 3.8431e-08 3.1570e-07 1.2333e-07
9.4100e+02 5.2968e-11 3.1238e-09 3.8480e-08 3.1636e-07 1.2347e-07
9.4200e+02 5.2953e-11 3.1207e-09 3.8529e-08 3.1699e-07 1.2360e-07
9.4300e+02 5.2942e-11 3.1177e-09 3.8574e-08 3.1764e-07 1.2373e-07
9.4400e+02 5.2925e-11 3.1143e-09 3.8621e-08 3.1827e-07 1.2385e-07
9.4500e+02 5.2913e-11 3.1109e-09 3.8668e-08 3.1894e-07 1.2399e-07
9.4600e+02 5.2900e-11 3.1086e-09 3.8716e-08 3.1958e-07 1.2412e-07
9.4700e+02 5.2887e-11 3.1056e-09 3.8765e-08 3.2021e-07 1.2425e-07
9.4800e+02 5.2873e-11 3.1022e-09 3.8812e-08 3.2085e-07 1.2438e-07
9.4900e+02 5.2861e-11 3.0993e-09 3.8861e-08 3.2150e-07 1.2451e-07
9.5000e+02 5.2843e-11 3.0960e-09 3.8911e-08 3.2218e-07 1.2465e-07
9.5100e+02 5.2834e-11 3.0934e-09 3.8957e-08 3.2281e-07 1.2478e-07
9.5200e+02 5.2820e-11 3.0905e-09 3.9007e-08 3.2344e-07 1.2491e-07
9.5300e+02 5.2809e-11 3.0874e-09 3.9056e-08 3.2410e-07 1.2505e-07
9.5400e+02 5.2793e-11 3.0844e-09 3.9103e-08 3.2476e-07 1.2518e-07
9.5500e+02 5.2779e-11 3.0813e-09 3.9152e-08 3.2539e-07 1.2532e-07
9.5600e+02 5.2766e-11 3.0791e-09 3.9197e-08 3.2603e-07 1.2545e-07
9.5700e+02 5.2756e-11 3.0764e-09 3.9247e-08 3.2666e-07 1.2559e-07
9.5800e+02 5.2742e-11 3.0736e-09 3.9297e-08 3.2731e-07 1.2572e-07
9.5900e+02 5.2731e-11 3.0707e-09 3.9342e-08 3.2793e-07 1.2586e-07
9.6000e+02 5.2716e-11 3.0678e-09 3.9392e-08 3.2859e-07 1.2599e-07
9.6100e+02 5.2701e-11 3.0655e-09 3.9442e-08 3.2923e-07 1.2614e-07
9.6200e+02 5.2691e-11 3.0626e-09 3.9488e-08 3.2987e-07 1.2627e-07
9.6300e+02 5.2674e-11 3.0597e-09 3.9536e-08 3.3051e-07 1.2641e-07
9.6400e+02 5.2666e-11 3.0577e-09 3.9583e-08 3.3111e-07 1.2654e-07
9.6500e+02 5.2648e-11 3.0542e-09 3.9630e-08 3.3177e-07 1.2669e-07
9.6600e+02 5.2638e-11 3.0519e-09 3.9678e-08 3.3239e-07 1.2683e-07
9.6700e+02 5.2627e-11 3.0503e-09 3.9722e-08 3.3301e-07 1.2696e-07
9.6800e+02 5.2614e-11 3.0475e-09 3.9769e-08 3.3364e-07 1.2711e-07
9.6900e+02 5.2599e-11 3.0448e-09 3.9818e-08 3.3428e-07 1.2725e-07
9.7000e+02 5.2589e-11 3.0426e-09 3.9860e-08 3.3489e-07 1.2739e-07
9.7100e+02 5.2575e-11 3.0400e-09 3.9907e-08 3.3552e-07 1.2753e-07
9.7200e+02 5.2567e-11 3.0383e-09 3.9955e-08 3.3614e-07 1.2768e-07
9.7300e+02 5.2554e-11 3.0360e-09 3.9997e-08 3.3675e-07 1.2782e-07
9.7400e+02 5.2540e-11 3.0337e-09 4.0044e-08 3.3737e-07 1.2797e-07
9.7500e+02 5.2530e-11 3.0312e-09 4.0087e-08 3.3798e-07 1.2811e-07
9.7600e+02 5.2514e-11 3.0289e-09 4.0131e-08 3.3858e-07 1.2826e-07
9.7700e+02 5.2503e-11 3.0264e-09 4.0175e-08 3.3920e-07 1.2841e-07
9.7800e+02 5.2488e-11 3.0240e-09 4.0216e-08 3.3980e-07 1.2855e-07
9.7900e+02 5.2481e-11 3.0228e-09 4.0263e-08 3.4041e-07 1.2871e-07
9.8000e+02 5.2469e-11 3.0206e-09 4.0304e-08 3.4099e-07 1.2885e-07
