6.0000e+00 1.6909e-07 1.9835e-06 1.3570e-04 4.4174e-05 3.0430e-04
2.0000e+00 1.8066e-06 2.1165e-05 1.2178e-03 4.6224e-04 2.6625e-03
1.6000e+01 2.2852e-08 2.6984e-07 1.9079e-05 6.0376e-06 4.3021e-05
5.0000e+01 2.4070e-09 2.9152e-08 1.9343e-06 6.5871e-07 4.3827e-06
7.0000e+00 1.2313e-07 1.4452e-06 9.9718e-05 3.2193e-05 2.2392e-04
1.0000e+01 5.9166e-08 6.9665e-07 4.8869e-05 1.5556e-05 1.0997e-04
1.8000e+01 1.8034e-08 2.1310e-07 1.5070e-05 4.7711e-06 3.3994e-05
4.3000e+01 3.2156e-09 3.8683e-08 2.6215e-06 8.7226e-07 5.9332e-06
2.6000e+01 8.6467e-09 1.0266e-07 7.2101e-06 2.3033e-06 1.6280e-05
4.6000e+01 2.8223e-09 3.4059e-08 2.2883e-06 7.6878e-07 5.1817e-06
2.8000e+01 7.4694e-09 8.8789e-08 6.2134e-06 1.9929e-06 1.4033e-05
5.0000e+00 2.4773e-07 2.9008e-06 1.9532e-04 6.4455e-05 4.3687e-04
1.9000e+01 1.6176e-08 1.9135e-07 1.3523e-05 4.2867e-06 3.0509e-05
4.8000e+01 2.6018e-09 3.1456e-08 2.1002e-06 7.1026e-07 4.7572e-06
1.1000e+01 4.8734e-08 5.7370e-07 4.0386e-05 1.2818e-05 9.0928e-05
4.2000e+01 3.3669e-09 4.0458e-08 2.7488e-06 9.1182e-07 6.2203e-06
2.2000e+01 1.2064e-08 1.4293e-07 1.0080e-05 3.2042e-06 2.2750e-05
4.1000e+01 3.5300e-09 4.2370e-08 2.8855e-06 9.5460e-07 6.5287e-06
3.7000e+01 4.3145e-09 5.1601e-08 3.5481e-06 1.1608e-06 8.0229e-06
3.8000e+01 4.0933e-09 4.9006e-08 3.3626e-06 1.1032e-06 7.6046e-06
2.4000e+01 1.0145e-08 1.2030e-07 8.4662e-06 2.6977e-06 1.9112e-05
1.4000e+01 2.9903e-08 3.5284e-07 2.4926e-05 7.8906e-06 5.6180e-05
2.7000e+01 8.0204e-09 9.5290e-08 6.6841e-06 2.1389e-06 1.5094e-05
3.6000e+01 4.5455e-09 5.4348e-08 3.7492e-06 1.2228e-06 8.4764e-06
5.7000e+01 1.8760e-09 2.2917e-08 1.4854e-06 5.1914e-07 3.3687e-06
1.7000e+01 2.0228e-08 2.3905e-07 1.6898e-05 5.3514e-06 3.8110e-05
8.0000e+00 9.3342e-08 1.0977e-06 7.6355e-05 2.4490e-05 1.7161e-04
9.0000e+00 7.3462e-08 8.6359e-07 6.0333e-05 1.9264e-05 1.3569e-04
5.4000e+01 2.0765e-09 2.5281e-08 1.6564e-06 5.7211e-07 3.7551e-06
1.3000e+01 3.4773e-08 4.0983e-07 2.8911e-05 9.1600e-06 6.5143e-05
4.0000e+00 3.9724e-07 4.6430e-06 3.0500e-04 1.0291e-04 6.7881e-04
2.5000e+01 9.3555e-09 1.1097e-07 7.8005e-06 2.4892e-06 1.7611e-05
2.3000e+01 1.1030e-08 1.3074e-07 9.2207e-06 2.9311e-06 2.0813e-05
4.9000e+01 2.5013e-09 3.0270e-08 2.0147e-06 6.8369e-07 4.5642e-06
3.9000e+01 3.8886e-09 4.6613e-08 3.1913e-06 1.0498e-06 7.2183e-06
5.3000e+01 2.1512e-09 2.6160e-08 1.7199e-06 5.9181e-07 3.8987e-06
3.0000e+01 6.5152e-09 7.7540e-08 5.4094e-06 1.7412e-06 1.2220e-05
3.1000e+01 6.1013e-09 7.2689e-08 5.0645e-06 1.6329e-06 1.1442e-05
5.2000e+01 2.2311e-09 2.7097e-08 1.7872e-06 6.1277e-07 4.0508e-06
4.0000e+01 3.7033e-09 4.4418e-08 3.0327e-06 1.0003e-06 6.8605e-06
1.5000e+01 2.6025e-08 3.0727e-07 2.1711e-05 6.8758e-06 4.8945e-05
5.6000e+01 1.9400e-09 2.3666e-08 1.5393e-06 5.3588e-07 3.4906e-06
3.3000e+01 5.3944e-09 6.4372e-08 4.4663e-06 1.4472e-06 1.0093e-05
2.1000e+01 1.3238e-08 1.5673e-07 1.1066e-05 3.5128e-06 2.4971e-05
3.5000e+01 4.8048e-09 5.7414e-08 3.9679e-06 1.2914e-06 8.9695e-06
3.0000e+00 7.3960e-07 8.6274e-06 5.4177e-04 1.9029e-04 1.1962e-03
4.5000e+01 2.9470e-09 3.5508e-08 2.3920e-06 8.0090e-07 5.4155e-06
5.1000e+01 2.3164e-09 2.8096e-08 1.8586e-06 6.3500e-07 4.2119e-06
2.0000e+01 1.4601e-08 1.7270e-07 1.2202e-05 3.8681e-06 2.7533e-05
3.2000e+01 5.7343e-09 6.8334e-08 4.7514e-06 1.5357e-06 1.0736e-05
4.4000e+01 3.0778e-09 3.7049e-08 2.5028e-06 8.3529e-07 5.6656e-06
1.2000e+01 4.0866e-08 4.8168e-07 3.3934e-05 1.0766e-05 7.6432e-05
3.4000e+01 5.0938e-09 6.0783e-08 4.2061e-06 1.3664e-06 9.5067e-06
5.5000e+01 2.0064e-09 2.4454e-08 1.5962e-06 5.5347e-07 3.6193e-06
2.9000e+01 6.9610e-09 8.2815e-08 5.7906e-06 1.8596e-06 1.3080e-05
4.7000e+01 2.7088e-09 3.2717e-08 2.1913e-06 7.3852e-07 4.9627e-06
5.8000e+01 1.8152e-09 2.2206e-08 1.4343e-06 5.0325e-07 3.2531e-06
5.9000e+01 1.7576e-09 2.1531e-08 1.3858e-06 4.8816e-07 3.1434e-06
6.0000e+01 1.7030e-09 2.0892e-08 1.3397e-06 4.7373e-07 3.0391e-06
6.8000e+01 1.3503e-09 1.6753e-08 1.0420e-06 3.8118e-07 2.3639e-06
6.4000e+01 1.5094e-09 1.8623e-08 1.1767e-06 4.2306e-07 2.6698e-06
7.5000e+01 1.1298e-09 1.4184e-08 8.5672e-07 3.2366e-07 1.9421e-06
6.7000e+01 1.3872e-09 1.7189e-08 1.0734e-06 3.9095e-07 2.4353e-06
8.5000e+01 9.0435e-10 1.1575e-08 6.6835e-07 2.6538e-07 1.5108e-06
7.9000e+01 1.0291e-09 1.3014e-08 7.7259e-07 2.9762e-07 1.7498e-06
7.8000e+01 1.0527e-09 1.3289e-08 7.9240e-07 3.0375e-07 1.7951e-06
8.7000e+01 8.6808e-10 1.1160e-08 6.3839e-07 2.5621e-07 1.4419e-06
8.0000e+01 1.0061e-09 1.2752e-08 7.5354e-07 2.9168e-07 1.7062e-06
7.3000e+01 1.1858e-09 1.4842e-08 9.0417e-07 3.3837e-07 2.0503e-06
6.1000e+01 1.6507e-09 2.0279e-08 1.2959e-06 4.6006e-07 2.9399e-06
6.3000e+01 1.5542e-09 1.9147e-08 1.2145e-06 4.3474e-07 2.7555e-06
8.1000e+01 9.8426e-10 1.2498e-08 7.3521e-07 2.8600e-07 1.6642e-06
8.3000e+01 9.4267e-10 1.2018e-08 7.0055e-07 2.7535e-07 1.5847e-06
7.7000e+01 1.0773e-09 1.3576e-08 8.1298e-07 3.1009e-07 1.8422e-06
9.0000e+01 8.1919e-10 1.0596e-08 5.9720e-07 2.4362e-07 1.3471e-06
6.2000e+01 1.6011e-09 1.9697e-08 1.2543e-06 4.4713e-07 2.8455e-06
8.9000e+01 8.3497e-10 1.0777e-08 6.1046e-07 2.4768e-07 1.3776e-06
6.6000e+01 1.4267e-09 1.7648e-08 1.1063e-06 4.0113e-07 2.5099e-06
7.2000e+01 1.2161e-09 1.5192e-08 9.2941e-07 3.4623e-07 2.1078e-06
7.0000e+01 1.2796e-09 1.5936e-08 9.8326e-07 3.6296e-07 2.2304e-06
6.5000e+01 1.4673e-09 1.8127e-08 1.1407e-06 4.1183e-07 2.5880e-06
9.5000e+01 7.4727e-10 9.7765e-09 5.3718e-07 2.2539e-07 1.2085e-06
8.2000e+01 9.6300e-10 1.2253e-08 7.1756e-07 2.8057e-07 1.6238e-06
9.9000e+01 6.9719e-10 9.2127e-09 4.9566e-07 2.1286e-07 1.1124e-06
9.3000e+01 7.7440e-10 1.0087e-08 5.6001e-07 2.3228e-07 1.2613e-06
9.4000e+01 7.6058e-10 9.9292e-09 5.4842e-07 2.2879e-07 1.2345e-06
7.6000e+01 1.1029e-09 1.3874e-08 8.3440e-07 3.1673e-07 1.8911e-06
6.9000e+01 1.3142e-09 1.6335e-08 1.0120e-06 3.7185e-07 2.2957e-06
9.2000e+01 7.8880e-10 1.0251e-08 5.7200e-07 2.3592e-07 1.2890e-06
9.8000e+01 7.0909e-10 9.3472e-09 5.0555e-07 2.1583e-07 1.1353e-06
7.1000e+01 1.2473e-09 1.5556e-08 9.5576e-07 3.5444e-07 2.1678e-06
1.0000e+02 6.8555e-10 9.0831e-09 4.8606e-07 2.1001e-07 1.0902e-06
8.4000e+01 9.2329e-10 1.1793e-08 6.8416e-07 2.7026e-07 1.5471e-06
8.6000e+01 8.8599e-10 1.1363e-08 6.5310e-07 2.6070e-07 1.4758e-06
7.4000e+01 1.1571e-09 1.4504e-08 8.7996e-07 3.3090e-07 1.9951e-06
1.0300e+02 6.5307e-10 8.7192e-09 4.5893e-07 2.0200e-07 1.0273e-06
9.1000e+01 8.0370e-10 1.0420e-08 5.8439e-07 2.3970e-07 1.3175e-06
1.0500e+02 6.3285e-10 8.4961e-09 4.4213e-07 1.9704e-07 9.8827e-07
1.0200e+02 6.6358e-10 8.8361e-09 4.6770e-07 2.0459e-07 1.0476e-06
1.0400e+02 6.4286e-10 8.6061e-09 4.5041e-07 1.9947e-07 1.0075e-06
1.0900e+02 5.9572e-10 8.0901e-09 4.1128e-07 1.8811e-07 9.1661e-07
1.0100e+02 6.7434e-10 8.9577e-09 4.7674e-07 2.0725e-07 1.0686e-06
1.0600e+02 6.2311e-10 8.3896e-09 4.3409e-07 1.9469e-07 9.6960e-07
9.7000e+01 7.2149e-10 9.4858e-09 5.1576e-07 2.1891e-07 1.1590e-06
1.1100e+02 5.7896e-10 7.9057e-09 3.9709e-07 1.8409e-07 8.8364e-07
1.0700e+02 6.1378e-10 8.2866e-09 4.2627e-07 1.9241e-07 9.5144e-07
9.6000e+01 7.3427e-10 9.6295e-09 5.2630e-07 2.2209e-07 1.1834e-06
1.0800e+02 6.0462e-10 8.1866e-09 4.1867e-07 1.9023e-07 9.3379e-07
1.1000e+02 5.8720e-10 7.9964e-09 4.0409e-07 1.8607e-07 8.9990e-07
1.1200e+02 5.7093e-10 7.8183e-09 3.9028e-07 1.8216e-07 8.6781e-07
8.8000e+01 8.5105e-10 1.0964e-08 6.2419e-07 2.5188e-07 1.4092e-06
1.1300e+02 5.6302e-10 7.7332e-09 3.8365e-07 1.8029e-07 8.5240e-07
1.1400e+02 5.5528e-10 7.6506e-09 3.7719e-07 1.7848e-07 8.3738e-07
1.1600e+02 5.4038e-10 7.4928e-09 3.6476e-07 1.7503e-07 8.0851e-07
1.1800e+02 5.2628e-10 7.3448e-09 3.5296e-07 1.7183e-07 7.8109e-07
1.3800e+02 4.1863e-10 6.2845e-09 2.6126e-07 1.4950e-07 5.6902e-07
1.1500e+02 5.4774e-10 7.5701e-09 3.7089e-07 1.7673e-07 8.2276e-07
1.3100e+02 4.5047e-10 6.5803e-09 2.8875e-07 1.5553e-07 6.3230e-07
1.3400e+02 4.3621e-10 6.4451e-09 2.7646e-07 1.5276e-07 6.0396e-07
1.3900e+02 4.1442e-10 6.2480e-09 2.5766e-07 1.4876e-07 5.6076e-07
1.3300e+02 4.4086e-10 6.4888e-09 2.8047e-07 1.5365e-07 6.1319e-07
1.2000e+02 5.1301e-10 7.2055e-09 3.4174e-07 1.6885e-07 7.5502e-07
1.2900e+02 4.6065e-10 6.6775e-09 2.9741e-07 1.5759e-07 6.5230e-07
1.3700e+02 4.2288e-10 6.3227e-09 2.6494e-07 1.5027e-07 5.7747e-07
1.3000e+02 4.5547e-10 6.6283e-09 2.9303e-07 1.5654e-07 6.4218e-07
1.3500e+02 4.3171e-10 6.4028e-09 2.7254e-07 1.5190e-07 5.9493e-07
1.1700e+02 5.3327e-10 7.4168e-09 3.5879e-07 1.7341e-07 7.9463e-07
1.2100e+02 5.0665e-10 7.1394e-09 3.3633e-07 1.6743e-07 7.4247e-07
1.3200e+02 4.4566e-10 6.5332e-09 2.8456e-07 1.5458e-07 6.2264e-07
1.2600e+02 4.7687e-10 6.8371e-09 3.1115e-07 1.6096e-07 6.8411e-07
1.2300e+02 4.9440e-10 7.0134e-09 3.2590e-07 1.6471e-07 7.1827e-07
1.4800e+02 3.8067e-10 5.9733e-09 2.2836e-07 1.4349e-07 4.9383e-07
1.2400e+02 4.8847e-10 6.9524e-09 3.2086e-07 1.6342e-07 7.0661e-07
1.2500e+02 4.8258e-10 6.8941e-09 3.1595e-07 1.6217e-07 6.9523e-07
1.2700e+02 4.7133e-10 6.7824e-09 3.0647e-07 1.5979e-07 6.7326e-07
1.5700e+02 3.5290e-10 5.7858e-09 2.0381e-07 1.4041e-07 4.3825e-07
1.3600e+02 4.2725e-10 6.3624e-09 2.6870e-07 1.5107e-07 5.8610e-07
1.4200e+02 4.0242e-10 6.1454e-09 2.4730e-07 1.4674e-07 5.3701e-07
1.4300e+02 3.9858e-10 6.1138e-09 2.4398e-07 1.4612e-07 5.2943e-07
1.4600e+02 3.8761e-10 6.0259e-09 2.3442e-07 1.4446e-07 5.0763e-07
1.4400e+02 3.9484e-10 6.0834e-09 2.4073e-07 1.4554e-07 5.2201e-07
1.5200e+02 3.6775e-10 5.8803e-09 2.1692e-07 1.4188e-07 4.6788e-07
1.5100e+02 3.7090e-10 5.9020e-09 2.1970e-07 1.4225e-07 4.7417e-07
1.5500e+02 3.5867e-10 5.8209e-09 2.0890e-07 1.4092e-07 4.4975e-07
1.5400e+02 3.6166e-10 5.8394e-09 2.1153e-07 1.4122e-07 4.5568e-07
1.4000e+02 4.1031e-10 6.2125e-09 2.5414e-07 1.4806e-07 5.5267e-07
1.4500e+02 3.9120e-10 6.0541e-09 2.3754e-07 1.4498e-07 5.1474e-07
1.5600e+02 3.5574e-10 5.8029e-09 2.0633e-07 1.4065e-07 4.4395e-07
1.5000e+02 3.7410e-10 5.9244e-09 2.2253e-07 1.4264e-07 4.8059e-07
1.4100e+02 4.0633e-10 6.1781e-09 2.5068e-07 1.4738e-07 5.4476e-07
1.2200e+02 5.0047e-10 7.0753e-09 3.3105e-07 1.6605e-07 7.3022e-07
1.2800e+02 4.6593e-10 6.7288e-09 3.0189e-07 1.5867e-07 6.6266e-07
1.4700e+02 3.8408e-10 5.9992e-09 2.3136e-07 1.4396e-07 5.0066e-07
1.4900e+02 3.7736e-10 5.9482e-09 2.2542e-07 1.4306e-07 4.8714e-07
1.6100e+02 3.4203e-10 5.7276e-09 1.9416e-07 1.3966e-07 4.1657e-07
1.1900e+02 5.1954e-10 7.2738e-09 3.4728e-07 1.7031e-07 7.6789e-07
1.6500e+02 3.3198e-10 5.6844e-09 1.8520e-07 1.3929e-07 3.9650e-07
1.6400e+02 3.3441e-10 5.6940e-09 1.8738e-07 1.3934e-07 4.0137e-07
1.6300e+02 3.3691e-10 5.7043e-09 1.8960e-07 1.3943e-07 4.0634e-07
1.5300e+02 3.6469e-10 5.8591e-09 2.1420e-07 1.4154e-07 4.6172e-07
1.6000e+02 3.4466e-10 5.7408e-09 1.9651e-07 1.3981e-07 4.2183e-07
1.6200e+02 3.3944e-10 5.7155e-09 1.9186e-07 1.3953e-07 4.1141e-07
1.5900e+02 3.4736e-10 5.7550e-09 1.9890e-07 1.3998e-07 4.2720e-07
1.6700e+02 3.2728e-10 5.6678e-09 1.8096e-07 1.3925e-07 3.8702e-07
1.6800e+02 3.2498e-10 5.6610e-09 1.7890e-07 1.3926e-07 3.8241e-07
1.6900e+02 3.2272e-10 5.6551e-09 1.7687e-07 1.3929e-07 3.7789e-07
1.6600e+02 3.2961e-10 5.6757e-09 1.8306e-07 1.3925e-07 3.9171e-07
1.5800e+02 3.5010e-10 5.7700e-09 2.0133e-07 1.4018e-07 4.3267e-07
1.7100e+02 3.1837e-10 5.6449e-09 1.7293e-07 1.3943e-07 3.6909e-07
1.7000e+02 3.2052e-10 5.6497e-09 1.7488e-07 1.3935e-07 3.7345e-07
1.7300e+02 3.1416e-10 5.6379e-09 1.6912e-07 1.3966e-07 3.6062e-07
1.7200e+02 3.1626e-10 5.6409e-09 1.7101e-07 1.3953e-07 3.6482e-07
1.7600e+02 3.0805e-10 5.6335e-09 1.6366e-07 1.4016e-07 3.4847e-07
1.7700e+02 3.0610e-10 5.6334e-09 1.6190e-07 1.4037e-07 3.4457e-07
1.7400e+02 3.1209e-10 5.6358e-09 1.6727e-07 1.3980e-07 3.5649e-07
1.8200e+02 2.9672e-10 5.6453e-09 1.5356e-07 1.4177e-07 3.2607e-07
1.7800e+02 3.0417e-10 5.6340e-09 1.6017e-07 1.4061e-07 3.4073e-07
1.8300e+02 2.9495e-10 5.6500e-09 1.5198e-07 1.4211e-07 3.2256e-07
1.7500e+02 3.1005e-10 5.6343e-09 1.6544e-07 1.3997e-07 3.5245e-07
1.8000e+02 3.0038e-10 5.6383e-09 1.5681e-07 1.4114e-07 3.3327e-07
1.8500e+02 2.9149e-10 5.6618e-09 1.4890e-07 1.4288e-07 3.1573e-07
1.7900e+02 3.0226e-10 5.6357e-09 1.5848e-07 1.4087e-07 3.3697e-07
1.9400e+02 2.7718e-10 5.7545e-09 1.3631e-07 1.4747e-07 2.8779e-07
1.9100e+02 2.8173e-10 5.7162e-09 1.4029e-07 1.4572e-07 2.9663e-07
1.8900e+02 2.8487e-10 5.6953e-09 1.4306e-07 1.4467e-07 3.0278e-07
2.0700e+02 2.5962e-10 5.9970e-09 1.2131e-07 1.5776e-07 2.5431e-07
1.9600e+02 2.7428e-10 5.7832e-09 1.3377e-07 1.4876e-07 2.8215e-07
1.9700e+02 2.7286e-10 5.7986e-09 1.3254e-07 1.4945e-07 2.7940e-07
1.9500e+02 2.7572e-10 5.7687e-09 1.3503e-07 1.4810e-07 2.8495e-07
1.9800e+02 2.7146e-10 5.8150e-09 1.3132e-07 1.5016e-07 2.7669e-07
2.0300e+02 2.6470e-10 5.9090e-09 1.2557e-07 1.5410e-07 2.6384e-07
1.8100e+02 2.9853e-10 5.6415e-09 1.5517e-07 1.4144e-07 3.2964e-07
1.9000e+02 2.8329e-10 5.7053e-09 1.4166e-07 1.4518e-07 2.9967e-07
1.8800e+02 2.8648e-10 5.6859e-09 1.4448e-07 1.4419e-07 3.0593e-07
2.0400e+02 2.6341e-10 5.9296e-09 1.2447e-07 1.5497e-07 2.6140e-07
2.0500e+02 2.6213e-10 5.9512e-09 1.2340e-07 1.5587e-07 2.5899e-07
2.0800e+02 2.5837e-10 6.0214e-09 1.2030e-07 1.5874e-07 2.5202e-07
1.8600e+02 2.8979e-10 5.6689e-09 1.4740e-07 1.4329e-07 3.1241e-07
1.8400e+02 2.9321e-10 5.6555e-09 1.5043e-07 1.4248e-07 3.1912e-07
1.8700e+02 2.8812e-10 5.6770e-09 1.4593e-07 1.4373e-07 3.0914e-07
1.9300e+02 2.7868e-10 5.7409e-09 1.3761e-07 1.4686e-07 2.9069e-07
2.0100e+02 2.6735e-10 5.8693e-09 1.2781e-07 1.5244e-07 2.6885e-07
1.9900e+02 2.7008e-10 5.8321e-09 1.3013e-07 1.5090e-07 2.7404e-07
2.0900e+02 2.5714e-10 6.0466e-09 1.1930e-07 1.5975e-07 2.4977e-07
2.0200e+02 2.6602e-10 5.8889e-09 1.2668e-07 1.5326e-07 2.6633e-07
1.9200e+02 2.8020e-10 5.7280e-09 1.3894e-07 1.4628e-07 2.9363e-07
2.1200e+02 2.5356e-10 6.1265e-09 1.1641e-07 1.6295e-07 2.4325e-07
2.1000e+02 2.5593e-10 6.0726e-09 1.1832e-07 1.6078e-07 2.4756e-07
2.1600e+02 2.4899e-10 6.2442e-09 1.1279e-07 1.6767e-07 2.3504e-07
2.1300e+02 2.5240e-10 6.1545e-09 1.1548e-07 1.6409e-07 2.4115e-07
2.1800e+02 2.4676e-10 6.3090e-09 1.1107e-07 1.7021e-07 2.3114e-07
2.2000e+02 2.4458e-10 6.3771e-09 1.0942e-07 1.7289e-07 2.2736e-07
2.0600e+02 2.6087e-10 5.9736e-09 1.2235e-07 1.5680e-07 2.5663e-07
2.1100e+02 2.5473e-10 6.0993e-09 1.1735e-07 1.6185e-07 2.4539e-07
2.1500e+02 2.5011e-10 6.2134e-09 1.1367e-07 1.6644e-07 2.3704e-07
2.1700e+02 2.4787e-10 6.2761e-09 1.1192e-07 1.6892e-07 2.3307e-07
2.1400e+02 2.5125e-10 6.1835e-09 1.1456e-07 1.6525e-07 2.3908e-07
2.0000e+02 2.6871e-10 5.8503e-09 1.2896e-07 1.5166e-07 2.7142e-07
2.2300e+02 2.4142e-10 6.4845e-09 1.0705e-07 1.7717e-07 2.2192e-07
2.1900e+02 2.4566e-10 6.3427e-09 1.1024e-07 1.7153e-07 2.2923e-07
2.2400e+02 2.4039e-10 6.5222e-09 1.0629e-07 1.7867e-07 2.2016e-07
2.2200e+02 2.4246e-10 6.4478e-09 1.0782e-07 1.7571e-07 2.2370e-07
2.2500e+02 2.3936e-10 6.5610e-09 1.0554e-07 1.8020e-07 2.1844e-07
2.2100e+02 2.4351e-10 6.4121e-09 1.0861e-07 1.7428e-07 2.2551e-07
2.2600e+02 2.3834e-10 6.6010e-09 1.0480e-07 1.8177e-07 2.1674e-07
2.2800e+02 2.3632e-10 6.6838e-09 1.0337e-07 1.8502e-07 2.1343e-07
2.2700e+02 2.3733e-10 6.6419e-09 1.0408e-07 1.8338e-07 2.1507e-07
2.2900e+02 2.3533e-10 6.7264e-09 1.0268e-07 1.8670e-07 2.1181e-07
2.3100e+02 2.3338e-10 6.8137e-09 1.0133e-07 1.9018e-07 2.0866e-07
2.3500e+02 2.2957e-10 6.9997e-09 9.8769e-08 1.9762e-07 2.0267e-07
2.3000e+02 2.3435e-10 6.7697e-09 1.0200e-07 1.8842e-07 2.1023e-07
2.3700e+02 2.2771e-10 7.0985e-09 9.7559e-08 2.0158e-07 1.9981e-07
2.4700e+02 2.1873e-10 7.6497e-09 9.2140e-08 2.2394e-07 1.8691e-07
2.4600e+02 2.1960e-10 7.5904e-09 9.2638e-08 2.2150e-07 1.8810e-07
2.3300e+02 2.3146e-10 6.9048e-09 1.0002e-07 1.9381e-07 2.0562e-07
2.3400e+02 2.3052e-10 6.9518e-09 9.9391e-08 1.9569e-07 2.0413e-07
2.4000e+02 2.2494e-10 7.2550e-09 9.5826e-08 2.0783e-07 1.9571e-07
2.5000e+02 2.1612e-10 7.8336e-09 9.0701e-08 2.3148e-07 1.8344e-07
2.3600e+02 2.2864e-10 7.0486e-09 9.8158e-08 1.9958e-07 2.0123e-07
2.4300e+02 2.2225e-10 7.4187e-09 9.4187e-08 2.1447e-07 1.9181e-07
2.5300e+02 2.1354e-10 8.0256e-09 8.9340e-08 2.3941e-07 1.8015e-07
2.4100e+02 2.2404e-10 7.3089e-09 9.5269e-08 2.1000e-07 1.9439e-07
2.4800e+02 2.1786e-10 7.7099e-09 9.1651e-08 2.2641e-07 1.8573e-07
2.5500e+02 2.1184e-10 8.1576e-09 8.8474e-08 2.4490e-07 1.7806e-07
2.3900e+02 2.2586e-10 7.2019e-09 9.6393e-08 2.0571e-07 1.9706e-07
2.4900e+02 2.1699e-10 7.7712e-09 9.1172e-08 2.2892e-07 1.8458e-07
2.4200e+02 2.2314e-10 7.3634e-09 9.4723e-08 2.1222e-07 1.9309e-07
2.3800e+02 2.2678e-10 7.1497e-09 9.6970e-08 2.0363e-07 1.9842e-07
2.4400e+02 2.2137e-10 7.4750e-09 9.3661e-08 2.1677e-07 1.9055e-07
2.5900e+02 2.0850e-10 8.4308e-09 8.6833e-08 2.5638e-07 1.7408e-07
2.5200e+02 2.1439e-10 7.9608e-09 8.9786e-08 2.3672e-07 1.8123e-07
2.6400e+02 2.0436e-10 8.7909e-09 8.4941e-08 2.7153e-07 1.6949e-07
2.6300e+02 2.0519e-10 8.7173e-09 8.5306e-08 2.6844e-07 1.7037e-07
2.4500e+02 2.2048e-10 7.5322e-09 9.3145e-08 2.1912e-07 1.8932e-07
2.6600e+02 2.0273e-10 8.9399e-09 8.4229e-08 2.7780e-07 1.6777e-07
2.5700e+02 2.1016e-10 8.2927e-09 8.7639e-08 2.5056e-07 1.7603e-07
2.5100e+02 2.1525e-10 7.8968e-09 9.0239e-08 2.3408e-07 1.8233e-07
2.5600e+02 2.1100e-10 8.2248e-09 8.8052e-08 2.4771e-07 1.7704e-07
2.5800e+02 2.0933e-10 8.3614e-09 8.7232e-08 2.5345e-07 1.7505e-07
2.6000e+02 2.0767e-10 8.5012e-09 8.6441e-08 2.5934e-07 1.7313e-07
2.6500e+02 2.0355e-10 8.8651e-09 8.4582e-08 2.7465e-07 1.6862e-07
2.5400e+02 2.1269e-10 8.0912e-09 8.8903e-08 2.4214e-07 1.7910e-07
2.3200e+02 2.3242e-10 6.8588e-09 1.0067e-07 1.9198e-07 2.0713e-07
2.6700e+02 2.0192e-10 9.0151e-09 8.3882e-08 2.8097e-07 1.6693e-07
2.7100e+02 1.9870e-10 9.3196e-09 8.2552e-08 2.9388e-07 1.6374e-07
2.6100e+02 2.0684e-10 8.5723e-09 8.6056e-08 2.6234e-07 1.7219e-07
2.6900e+02 2.0030e-10 9.1666e-09 8.3206e-08 2.8739e-07 1.6530e-07
2.6200e+02 2.0601e-10 8.6444e-09 8.5678e-08 2.6537e-07 1.7127e-07
2.6800e+02 2.0111e-10 9.0906e-09 8.3542e-08 2.8417e-07 1.6611e-07
2.7200e+02 1.9790e-10 9.3966e-09 8.2233e-08 2.9715e-07 1.6297e-07
2.7400e+02 1.9631e-10 9.5518e-09 8.1610e-08 3.0371e-07 1.6149e-07
2.7300e+02 1.9710e-10 9.4740e-09 8.1919e-08 3.0043e-07 1.6223e-07
2.7000e+02 1.9950e-10 9.2429e-09 8.2877e-08 2.9063e-07 1.6451e-07
2.7500e+02 1.9551e-10 9.6298e-09 8.1305e-08 3.0700e-07 1.6078e-07
2.7900e+02 1.9234e-10 9.9442e-09 8.0132e-08 3.2007e-07 1.5804e-07
2.7700e+02 1.9392e-10 9.7869e-09 8.0710e-08 3.1355e-07 1.5938e-07
2.7800e+02 1.9313e-10 9.8656e-09 8.0419e-08 3.1682e-07 1.5870e-07
2.8100e+02 1.9077e-10 1.0101e-08 7.9570e-08 3.2651e-07 1.5675e-07
2.8000e+02 1.9156e-10 1.0023e-08 7.9849e-08 3.2330e-07 1.5739e-07
2.7600e+02 1.9472e-10 9.7082e-09 8.1005e-08 3.1028e-07 1.6007e-07
2.8400e+02 1.8843e-10 1.0333e-08 7.8755e-08 3.3595e-07 1.5491e-07
2.8200e+02 1.8999e-10 1.0179e-08 7.9295e-08 3.2970e-07 1.5613e-07
2.8300e+02 1.8921e-10 1.0256e-08 7.9023e-08 3.3284e-07 1.5551e-07
2.8500e+02 1.8765e-10 1.0410e-08 7.8489e-08 3.3902e-07 1.5433e-07
2.9000e+02 1.8379e-10 1.0784e-08 7.7208e-08 3.5352e-07 1.5157e-07
2.8900e+02 1.8456e-10 1.0710e-08 7.7459e-08 3.5075e-07 1.5210e-07
2.8800e+02 1.8533e-10 1.0636e-08 7.7712e-08 3.4790e-07 1.5264e-07
2.8600e+02 1.8688e-10 1.0486e-08 7.8227e-08 3.4204e-07 1.5375e-07
2.9500e+02 1.7996e-10 1.1133e-08 7.5988e-08 3.6614e-07 1.4909e-07
2.9100e+02 1.8302e-10 1.0856e-08 7.6960e-08 3.5622e-07 1.5105e-07
2.9700e+02 1.7844e-10 1.1264e-08 7.5513e-08 3.7048e-07 1.4818e-07
2.9400e+02 1.8072e-10 1.1065e-08 7.6228e-08 3.6380e-07 1.4957e-07
2.8700e+02 1.8610e-10 1.0562e-08 7.7968e-08 3.4500e-07 1.5319e-07
2.9800e+02 1.7768e-10 1.1327e-08 7.5278e-08 3.7248e-07 1.4773e-07
3.0200e+02 1.7466e-10 1.1562e-08 7.4351e-08 3.7925e-07 1.4606e-07
3.0000e+02 1.7617e-10 1.1449e-08 7.4812e-08 3.7612e-07 1.4688e-07
2.9300e+02 1.8149e-10 1.0996e-08 7.6470e-08 3.6136e-07 1.5005e-07
2.9200e+02 1.8225e-10 1.0927e-08 7.6713e-08 3.5884e-07 1.5054e-07
3.0300e+02 1.7391e-10 1.1616e-08 7.4122e-08 3.8061e-07 1.4567e-07
3.0700e+02 1.7093e-10 1.1807e-08 7.3212e-08 3.8463e-07 1.4418e-07
3.1100e+02 1.6796e-10 1.1959e-08 7.2309e-08 3.8627e-07 1.4284e-07
3.0500e+02 1.7242e-10 1.1716e-08 7.3666e-08 3.8291e-07 1.4491e-07
3.0800e+02 1.7018e-10 1.1849e-08 7.2986e-08 3.8527e-07 1.4383e-07
3.1000e+02 1.6870e-10 1.1925e-08 7.2535e-08 3.8609e-07 1.4316e-07
3.0900e+02 1.6944e-10 1.1888e-08 7.2760e-08 3.8576e-07 1.4349e-07
3.0400e+02 1.7316e-10 1.1667e-08 7.3893e-08 3.8183e-07 1.4528e-07
3.1200e+02 1.6723e-10 1.1990e-08 7.2084e-08 3.8630e-07 1.4252e-07
2.9900e+02 1.7692e-10 1.1389e-08 7.5044e-08 3.7437e-07 1.4730e-07
3.0100e+02 1.7541e-10 1.1506e-08 7.4581e-08 3.7775e-07 1.4647e-07
3.1400e+02 1.6576e-10 1.2044e-08 7.1633e-08 3.8590e-07 1.4191e-07
3.1300e+02 1.6649e-10 1.2019e-08 7.1858e-08 3.8618e-07 1.4221e-07
3.0600e+02 1.7167e-10 1.1763e-08 7.3439e-08 3.8385e-07 1.4454e-07
3.1900e+02 1.6210e-10 1.2129e-08 7.0500e-08 3.8228e-07 1.4051e-07
3.1500e+02 1.6502e-10 1.2067e-08 7.1407e-08 3.8547e-07 1.4162e-07
3.2300e+02 1.5922e-10 1.2142e-08 6.9586e-08 3.7685e-07 1.3951e-07
3.1700e+02 1.6356e-10 1.2105e-08 7.0955e-08 3.8416e-07 1.4105e-07
3.1800e+02 1.6283e-10 1.2119e-08 7.0728e-08 3.8329e-07 1.4078e-07
3.1600e+02 1.6429e-10 1.2087e-08 7.1181e-08 3.8489e-07 1.4133e-07
3.2100e+02 1.6066e-10 1.2142e-08 7.0044e-08 3.7983e-07 1.4000e-07
3.2200e+02 1.5994e-10 1.2144e-08 6.9815e-08 3.7840e-07 1.3975e-07
3.2700e+02 1.5638e-10 1.2105e-08 6.8659e-08 3.6942e-07 1.3861e-07
3.2000e+02 1.6138e-10 1.2137e-08 7.0273e-08 3.8112e-07 1.4025e-07
3.2400e+02 1.5851e-10 1.2137e-08 6.9355e-08 3.7517e-07 1.3928e-07
3.2800e+02 1.5567e-10 1.2088e-08 6.8426e-08 3.6729e-07 1.3840e-07
2.9600e+02 1.7920e-10 1.1199e-08 7.5749e-08 3.6836e-07 1.4863e-07
3.2900e+02 1.5497e-10 1.2069e-08 6.8191e-08 3.6506e-07 1.3819e-07
3.2600e+02 1.5709e-10 1.2119e-08 6.8892e-08 3.7145e-07 1.3883e-07
3.2500e+02 1.5780e-10 1.2130e-08 6.9124e-08 3.7336e-07 1.3905e-07
3.3300e+02 1.5218e-10 1.1961e-08 6.7245e-08 3.5527e-07 1.3741e-07
3.3000e+02 1.5427e-10 1.2046e-08 6.7956e-08 3.6274e-07 1.3799e-07
3.3500e+02 1.5079e-10 1.1891e-08 6.6767e-08 3.4991e-07 1.3705e-07
3.3400e+02 1.5148e-10 1.1927e-08 6.7006e-08 3.5262e-07 1.3723e-07
3.3100e+02 1.5357e-10 1.2020e-08 6.7720e-08 3.6033e-07 1.3779e-07
3.3200e+02 1.5287e-10 1.1992e-08 6.7483e-08 3.5784e-07 1.3760e-07
3.3600e+02 1.5010e-10 1.1852e-08 6.6526e-08 3.4713e-07 1.3688e-07
3.3700e+02 1.4942e-10 1.1811e-08 6.6285e-08 3.4431e-07 1.3670e-07
3.3800e+02 1.4873e-10 1.1767e-08 6.6043e-08 3.4143e-07 1.3654e-07
3.4200e+02 1.4603e-10 1.1570e-08 6.5067e-08 3.2952e-07 1.3590e-07
3.4300e+02 1.4536e-10 1.1516e-08 6.4821e-08 3.2647e-07 1.3575e-07
3.3900e+02 1.4805e-10 1.1721e-08 6.5800e-08 3.3851e-07 1.3637e-07
3.4500e+02 1.4403e-10 1.1402e-08 6.4328e-08 3.2030e-07 1.3545e-07
3.4100e+02 1.4670e-10 1.1623e-08 6.5312e-08 3.3255e-07 1.3605e-07
3.4600e+02 1.4337e-10 1.1342e-08 6.4081e-08 3.1718e-07 1.3531e-07
3.4000e+02 1.4738e-10 1.1673e-08 6.5556e-08 3.3555e-07 1.3621e-07
3.4400e+02 1.4469e-10 1.1460e-08 6.4575e-08 3.2339e-07 1.3560e-07
3.5000e+02 1.4076e-10 1.1087e-08 6.3088e-08 3.0469e-07 1.3475e-07
3.4800e+02 1.4206e-10 1.1218e-08 6.3585e-08 3.1094e-07 1.3503e-07
3.5100e+02 1.4011e-10 1.1020e-08 6.2839e-08 3.0158e-07 1.3462e-07
3.5500e+02 1.3757e-10 1.0741e-08 6.1844e-08 2.8923e-07 1.3409e-07
3.5400e+02 1.3820e-10 1.0812e-08 6.2092e-08 2.9229e-07 1.3422e-07
3.4900e+02 1.4141e-10 1.1153e-08 6.3337e-08 3.0782e-07 1.3489e-07
3.4700e+02 1.4271e-10 1.1281e-08 6.3833e-08 3.1406e-07 1.3517e-07
3.5300e+02 1.3883e-10 1.0883e-08 6.2341e-08 2.9537e-07 1.3435e-07
3.5200e+02 1.3947e-10 1.0952e-08 6.2590e-08 2.9847e-07 1.3448e-07
3.5800e+02 1.3569e-10 1.0523e-08 6.1098e-08 2.8016e-07 1.3370e-07
3.5900e+02 1.3506e-10 1.0449e-08 6.0851e-08 2.7719e-07 1.3358e-07
3.6900e+02 1.2903e-10 9.6954e-09 5.8414e-08 2.4918e-07 1.3228e-07
3.6100e+02 1.3383e-10 1.0300e-08 6.0357e-08 2.7132e-07 1.3332e-07
3.7100e+02 1.2786e-10 9.5443e-09 5.7940e-08 2.4401e-07 1.3202e-07
3.6500e+02 1.3140e-10 9.9987e-09 5.9378e-08 2.5997e-07 1.3281e-07
3.6600e+02 1.3080e-10 9.9228e-09 5.9135e-08 2.5722e-07 1.3268e-07
3.5600e+02 1.3694e-10 1.0669e-08 6.1595e-08 2.8618e-07 1.3396e-07
3.5700e+02 1.3631e-10 1.0596e-08 6.1347e-08 2.8316e-07 1.3383e-07
3.7000e+02 1.2844e-10 9.6198e-09 5.8176e-08 2.4658e-07 1.3215e-07
3.7200e+02 1.2728e-10 9.4693e-09 5.7705e-08 2.4148e-07 1.3188e-07
3.6200e+02 1.3322e-10 1.0225e-08 6.0111e-08 2.6844e-07 1.3319e-07
3.6000e+02 1.3445e-10 1.0375e-08 6.0604e-08 2.7424e-07 1.3345e-07
3.6800e+02 1.2962e-10 9.7711e-09 5.8653e-08 2.5182e-07 1.3242e-07
3.6300e+02 1.3261e-10 1.0150e-08 5.9866e-08 2.6558e-07 1.3307e-07
3.6700e+02 1.3021e-10 9.8469e-09 5.8894e-08 2.5450e-07 1.3255e-07
3.6400e+02 1.3201e-10 1.0074e-08 5.9621e-08 2.6276e-07 1.3294e-07
3.7300e+02 1.2671e-10 9.3946e-09 5.7471e-08 2.3899e-07 1.3174e-07
3.7400e+02 1.2613e-10 9.3202e-09 5.7239e-08 2.3654e-07 1.3160e-07
3.7500e+02 1.2557e-10 9.2461e-09 5.7008e-08 2.3413e-07 1.3146e-07
3.7600e+02 1.2500e-10 9.1727e-09 5.6780e-08 2.3176e-07 1.3132e-07
3.8100e+02 1.2223e-10 8.8134e-09 5.5663e-08 2.2049e-07 1.3057e-07
3.7700e+02 1.2444e-10 9.0997e-09 5.6553e-08 2.2943e-07 1.3117e-07
3.8300e+02 1.2115e-10 8.6736e-09 5.5231e-08 2.1625e-07 1.3026e-07
3.7900e+02 1.2333e-10 8.9554e-09 5.6104e-08 2.2488e-07 1.3088e-07
3.7800e+02 1.2388e-10 9.0273e-09 5.6327e-08 2.2713e-07 1.3103e-07
3.8000e+02 1.2278e-10 8.8841e-09 5.5883e-08 2.2266e-07 1.3073e-07
3.8200e+02 1.2169e-10 8.7432e-09 5.5446e-08 2.1835e-07 1.3042e-07
3.8400e+02 1.2061e-10 8.6046e-09 5.5017e-08 2.1419e-07 1.3010e-07
3.8500e+02 1.2008e-10 8.5364e-09 5.4806e-08 2.1217e-07 1.2993e-07
3.8600e+02 1.1955e-10 8.4688e-09 5.4597e-08 2.1019e-07 1.2977e-07
3.8900e+02 1.1798e-10 8.2706e-09 5.3984e-08 2.0447e-07 1.2925e-07
3.8700e+02 1.1902e-10 8.4019e-09 5.4391e-08 2.0824e-07 1.2960e-07
3.8800e+02 1.1850e-10 8.3359e-09 5.4186e-08 2.0634e-07 1.2943e-07
3.9100e+02 1.1695e-10 8.1425e-09 5.3587e-08 2.0084e-07 1.2890e-07
3.9000e+02 1.1746e-10 8.2062e-09 5.3784e-08 2.0263e-07 1.2908e-07
3.9200e+02 1.1644e-10 8.0798e-09 5.3391e-08 1.9908e-07 1.2872e-07
3.9300e+02 1.1594e-10 8.0178e-09 5.3198e-08 1.9735e-07 1.2853e-07
3.9500e+02 1.1493e-10 7.8963e-09 5.2820e-08 1.9401e-07 1.2815e-07
3.9400e+02 1.1543e-10 7.9567e-09 5.3008e-08 1.9567e-07 1.2834e-07
3.9600e+02 1.1444e-10 7.8370e-09 5.2634e-08 1.9239e-07 1.2796e-07
4.0000e+02 1.1249e-10 7.6074e-09 5.1914e-08 1.8624e-07 1.2715e-07
4.0200e+02 1.1154e-10 7.4978e-09 5.1568e-08 1.8336e-07 1.2673e-07
3.9800e+02 1.1346e-10 7.7206e-09 5.2269e-08 1.8925e-07 1.2756e-07
4.0100e+02 1.1201e-10 7.5522e-09 5.1740e-08 1.8478e-07 1.2694e-07
4.0400e+02 1.1060e-10 7.3916e-09 5.1231e-08 1.8060e-07 1.2629e-07
4.0500e+02 1.1013e-10 7.3399e-09 5.1066e-08 1.7927e-07 1.2607e-07
3.9900e+02 1.1297e-10 7.6636e-09 5.2090e-08 1.8773e-07 1.2736e-07
3.9700e+02 1.1395e-10 7.7784e-09 5.2450e-08 1.9080e-07 1.2776e-07
4.0300e+02 1.1107e-10 7.4442e-09 5.1398e-08 1.8197e-07 1.2651e-07
4.0600e+02 1.0967e-10 7.2890e-09 5.0903e-08 1.7796e-07 1.2585e-07
4.0700e+02 1.0922e-10 7.2390e-09 5.0742e-08 1.7669e-07 1.2562e-07
4.0800e+02 1.0876e-10 7.1898e-09 5.0584e-08 1.7544e-07 1.2539e-07
4.0900e+02 1.0831e-10 7.1416e-09 5.0427e-08 1.7422e-07 1.2516e-07
4.1300e+02 1.0655e-10 6.9571e-09 4.9821e-08 1.6962e-07 1.2420e-07
4.1600e+02 1.0526e-10 6.8275e-09 4.9387e-08 1.6643e-07 1.2346e-07
4.1400e+02 1.0611e-10 6.9130e-09 4.9675e-08 1.6853e-07 1.2396e-07
4.1000e+02 1.0787e-10 7.0941e-09 5.0273e-08 1.7303e-07 1.2493e-07
4.1100e+02 1.0742e-10 7.0477e-09 5.0120e-08 1.7186e-07 1.2469e-07
4.1200e+02 1.0698e-10 7.0019e-09 4.9970e-08 1.7073e-07 1.2445e-07
4.1700e+02 1.0483e-10 6.7859e-09 4.9246e-08 1.6542e-07 1.2321e-07
4.1500e+02 1.0568e-10 6.8699e-09 4.9530e-08 1.6747e-07 1.2371e-07
4.1800e+02 1.0441e-10 6.7453e-09 4.9107e-08 1.6443e-07 1.2295e-07
4.2200e+02 1.0276e-10 6.5907e-09 4.8565e-08 1.6072e-07 1.2191e-07
4.2300e+02 1.0236e-10 6.5539e-09 4.8433e-08 1.5985e-07 1.2165e-07
4.2100e+02 1.0317e-10 6.6281e-09 4.8698e-08 1.6161e-07 1.2217e-07
4.2500e+02 1.0156e-10 6.4829e-09 4.8174e-08 1.5817e-07 1.2111e-07
4.2700e+02 1.0077e-10 6.4151e-09 4.7920e-08 1.5657e-07 1.2057e-07
4.2600e+02 1.0117e-10 6.4486e-09 4.8046e-08 1.5736e-07 1.2084e-07
4.2400e+02 1.0196e-10 6.5181e-09 4.8303e-08 1.5900e-07 1.2138e-07
4.1900e+02 1.0400e-10 6.7054e-09 4.8969e-08 1.6347e-07 1.2270e-07
4.2000e+02 1.0358e-10 6.6662e-09 4.8833e-08 1.6253e-07 1.2244e-07
4.2900e+02 9.9999e-11 6.3505e-09 4.7670e-08 1.5506e-07 1.2002e-07
4.2800e+02 1.0039e-10 6.3824e-09 4.7794e-08 1.5581e-07 1.2029e-07
4.3100e+02 9.9238e-11 6.2889e-09 4.7425e-08 1.5362e-07 1.1946e-07
4.3000e+02 9.9617e-11 6.3193e-09 4.7547e-08 1.5433e-07 1.1974e-07
4.3400e+02 9.8117e-11 6.2019e-09 4.7064e-08 1.5161e-07 1.1862e-07
4.3600e+02 9.7386e-11 6.1475e-09 4.6827e-08 1.5037e-07 1.1805e-07
4.3200e+02 9.8861e-11 6.2592e-09 4.7303e-08 1.5294e-07 1.1918e-07
4.3700e+02 9.7025e-11 6.1214e-09 4.6710e-08 1.4977e-07 1.1777e-07
4.3500e+02 9.7750e-11 6.1744e-09 4.6945e-08 1.5098e-07 1.1834e-07
4.3300e+02 9.8488e-11 6.2302e-09 4.7183e-08 1.5227e-07 1.1890e-07
4.3800e+02 9.6666e-11 6.0959e-09 4.6593e-08 1.4919e-07 1.1748e-07
4.3900e+02 9.6312e-11 6.0712e-09 4.6477e-08 1.4862e-07 1.1720e-07
4.4000e+02 9.5959e-11 6.0471e-09 4.6361e-08 1.4808e-07 1.1691e-07
4.4300e+02 9.4920e-11 5.9791e-09 4.6018e-08 1.4653e-07 1.1605e-07
4.4100e+02 9.5610e-11 6.0237e-09 4.6246e-08 1.4755e-07 1.1663e-07
4.4500e+02 9.4242e-11 5.9371e-09 4.5791e-08 1.4558e-07 1.1548e-07
4.4200e+02 9.5264e-11 6.0011e-09 4.6132e-08 1.4703e-07 1.1634e-07
4.4400e+02 9.4580e-11 5.9578e-09 4.5904e-08 1.4605e-07 1.1577e-07
4.4600e+02 9.3908e-11 5.9170e-09 4.5678e-08 1.4513e-07 1.1519e-07
4.4700e+02 9.3576e-11 5.8977e-09 4.5565e-08 1.4469e-07 1.1491e-07
4.4800e+02 9.3247e-11 5.8790e-09 4.5452e-08 1.4427e-07 1.1462e-07
4.4900e+02 9.2920e-11 5.8608e-09 4.5340e-08 1.4386e-07 1.1433e-07
4.5000e+02 9.2597e-11 5.8434e-09 4.5228e-08 1.4346e-07 1.1405e-07
4.5200e+02 9.1958e-11 5.8102e-09 4.5004e-08 1.4271e-07 1.1348e-07
4.5600e+02 9.0713e-11 5.7511e-09 4.4557e-08 1.4137e-07 1.1234e-07
4.5400e+02 9.1330e-11 5.7795e-09 4.4780e-08 1.4202e-07 1.1291e-07
4.5500e+02 9.1020e-11 5.7650e-09 4.4669e-08 1.4169e-07 1.1262e-07
4.5100e+02 9.2276e-11 5.8265e-09 4.5116e-08 1.4308e-07 1.1376e-07
4.5300e+02 9.1643e-11 5.7944e-09 4.4892e-08 1.4236e-07 1.1319e-07
4.5800e+02 9.0106e-11 5.7252e-09 4.4334e-08 1.4078e-07 1.1178e-07
4.5900e+02 8.9806e-11 5.7132e-09 4.4222e-08 1.4051e-07 1.1150e-07
4.5700e+02 9.0408e-11 5.7379e-09 4.4445e-08 1.4107e-07 1.1206e-07
4.6000e+02 8.9509e-11 5.7017e-09 4.4110e-08 1.4024e-07 1.1122e-07
4.6200e+02 8.8922e-11 5.6804e-09 4.3887e-08 1.3974e-07 1.1067e-07
4.6300e+02 8.8632e-11 5.6707e-09 4.3775e-08 1.3951e-07 1.1039e-07
4.6100e+02 8.9214e-11 5.6908e-09 4.3998e-08 1.3998e-07 1.1094e-07
4.6800e+02 8.7219e-11 5.6301e-09 4.3214e-08 1.3853e-07 1.0904e-07
4.6700e+02 8.7497e-11 5.6372e-09 4.3326e-08 1.3870e-07 1.0931e-07
4.6600e+02 8.7777e-11 5.6447e-09 4.3439e-08 1.3889e-07 1.0958e-07
4.6500e+02 8.8060e-11 5.6528e-09 4.3551e-08 1.3909e-07 1.0985e-07
4.7200e+02 8.6131e-11 5.6076e-09 4.2764e-08 1.3793e-07 1.0798e-07
4.6400e+02 8.8345e-11 5.6615e-09 4.3663e-08 1.3929e-07 1.1012e-07
4.7100e+02 8.6399e-11 5.6124e-09 4.2877e-08 1.3807e-07 1.0824e-07
4.7000e+02 8.6670e-11 5.6178e-09 4.2989e-08 1.3821e-07 1.0851e-07
4.7300e+02 8.5864e-11 5.6033e-09 4.2652e-08 1.3780e-07 1.0772e-07
4.7500e+02 8.5338e-11 5.5963e-09 4.2426e-08 1.3759e-07 1.0721e-07
4.6900e+02 8.6944e-11 5.6236e-09 4.3102e-08 1.3836e-07 1.0877e-07
4.7900e+02 8.4311e-11 5.5884e-09 4.1975e-08 1.3726e-07 1.0621e-07
4.8100e+02 8.3810e-11 5.5876e-09 4.1750e-08 1.3715e-07 1.0572e-07
4.7400e+02 8.5600e-11 5.5995e-09 4.2539e-08 1.3769e-07 1.0747e-07
4.7600e+02 8.5078e-11 5.5935e-09 4.2314e-08 1.3749e-07 1.0696e-07
4.8000e+02 8.4060e-11 5.5878e-09 4.1863e-08 1.3720e-07 1.0596e-07
4.8500e+02 8.2834e-11 5.5919e-09 4.1300e-08 1.3703e-07 1.0477e-07
4.8400e+02 8.3075e-11 5.5901e-09 4.1412e-08 1.3705e-07 1.0500e-07
4.7800e+02 8.4565e-11 5.5897e-09 4.2088e-08 1.3733e-07 1.0646e-07
4.7700e+02 8.4820e-11 5.5913e-09 4.2201e-08 1.3741e-07 1.0671e-07
4.8300e+02 8.3318e-11 5.5887e-09 4.1525e-08 1.3708e-07 1.0524e-07
4.8600e+02 8.2595e-11 5.5943e-09 4.1187e-08 1.3703e-07 1.0454e-07
4.8800e+02 8.2122e-11 5.6004e-09 4.0963e-08 1.3703e-07 1.0408e-07
4.8200e+02 8.3563e-11 5.5879e-09 4.1637e-08 1.3711e-07 1.0548e-07
4.8700e+02 8.2358e-11 5.5971e-09 4.1075e-08 1.3702e-07 1.0431e-07
4.9200e+02 8.1201e-11 5.6186e-09 4.0517e-08 1.3713e-07 1.0319e-07
4.9100e+02 8.1428e-11 5.6133e-09 4.0628e-08 1.3710e-07 1.0341e-07
4.8900e+02 8.1889e-11 5.6042e-09 4.0851e-08 1.3705e-07 1.0385e-07
4.9400e+02 8.0751e-11 5.6306e-09 4.0295e-08 1.3722e-07 1.0276e-07
4.9300e+02 8.0975e-11 5.6243e-09 4.0406e-08 1.3718e-07 1.0298e-07
4.9000e+02 8.1658e-11 5.6086e-09 4.0740e-08 1.3707e-07 1.0363e-07
4.9500e+02 8.0529e-11 5.6372e-09 4.0185e-08 1.3728e-07 1.0255e-07
4.9600e+02 8.0309e-11 5.6444e-09 4.0075e-08 1.3734e-07 1.0234e-07
4.9800e+02 7.9873e-11 5.6600e-09 3.9856e-08 1.3749e-07 1.0194e-07
4.9900e+02 7.9658e-11 5.6685e-09 3.9747e-08 1.3758e-07 1.0173e-07
5.0000e+02 7.9445e-11 5.6774e-09 3.9638e-08 1.3767e-07 1.0154e-07
4.9700e+02 8.0090e-11 5.6519e-09 3.9965e-08 1.3742e-07 1.0214e-07
5.0100e+02 7.9233e-11 5.6868e-09 3.9530e-08 1.3776e-07 1.0134e-07
5.0200e+02 7.9023e-11 5.6968e-09 3.9422e-08 1.3786e-07 1.0115e-07
5.0300e+02 7.8814e-11 5.7071e-09 3.9315e-08 1.3797e-07 1.0096e-07
5.0500e+02 7.8402e-11 5.7293e-09 3.9102e-08 1.3819e-07 1.0058e-07
5.0400e+02 7.8607e-11 5.7180e-09 3.9208e-08 1.3808e-07 1.0077e-07
5.0600e+02 7.8199e-11 5.7410e-09 3.8996e-08 1.3832e-07 1.0040e-07
5.1200e+02 7.7008e-11 5.8210e-09 3.8373e-08 1.3914e-07 9.9361e-08
5.0700e+02 7.7996e-11 5.7532e-09 3.8891e-08 1.3844e-07 1.0022e-07
5.1000e+02 7.7399e-11 5.7926e-09 3.8578e-08 1.3885e-07 9.9697e-08
5.0900e+02 7.7596e-11 5.7789e-09 3.8682e-08 1.3871e-07 9.9869e-08
5.0800e+02 7.7795e-11 5.7658e-09 3.8786e-08 1.3857e-07 1.0004e-07
5.1500e+02 7.6432e-11 5.8670e-09 3.8070e-08 1.3961e-07 9.8877e-08
5.1300e+02 7.6815e-11 5.8359e-09 3.8271e-08 1.3930e-07 9.9197e-08
5.1400e+02 7.6623e-11 5.8512e-09 3.8170e-08 1.3945e-07 9.9036e-08
5.1100e+02 7.7203e-11 5.8066e-09 3.8475e-08 1.3899e-07 9.9528e-08
5.1800e+02 7.5869e-11 5.9169e-09 3.7773e-08 1.4011e-07 9.8417e-08
5.1700e+02 7.6055e-11 5.8998e-09 3.7871e-08 1.3994e-07 9.8568e-08
5.1600e+02 7.6243e-11 5.8832e-09 3.7970e-08 1.3978e-07 9.8721e-08
5.1900e+02 7.5684e-11 5.9344e-09 3.7675e-08 1.4029e-07 9.8270e-08
5.2200e+02 7.5136e-11 5.9895e-09 3.7387e-08 1.4082e-07 9.7843e-08
5.2000e+02 7.5500e-11 5.9523e-09 3.7578e-08 1.4046e-07 9.8125e-08
5.2100e+02 7.5317e-11 5.9706e-09 3.7482e-08 1.4064e-07 9.7982e-08
5.2600e+02 7.4422e-11 6.0685e-09 3.7014e-08 1.4156e-07 9.7312e-08
5.2300e+02 7.4956e-11 6.0086e-09 3.7292e-08 1.4100e-07 9.7706e-08
5.2400e+02 7.4777e-11 6.0281e-09 3.7199e-08 1.4119e-07 9.7572e-08
5.2500e+02 7.4599e-11 6.0482e-09 3.7106e-08 1.4137e-07 9.7441e-08
5.2900e+02 7.3900e-11 6.1321e-09 3.6742e-08 1.4213e-07 9.6943e-08
5.3300e+02 7.3219e-11 6.2222e-09 3.6392e-08 1.4290e-07 9.6490e-08
5.2800e+02 7.4073e-11 6.1106e-09 3.6832e-08 1.4194e-07 9.7063e-08
5.3200e+02 7.3388e-11 6.1992e-09 3.6479e-08 1.4271e-07 9.6599e-08
5.3000e+02 7.3728e-11 6.1541e-09 3.6654e-08 1.4232e-07 9.6826e-08
5.2700e+02 7.4247e-11 6.0893e-09 3.6922e-08 1.4175e-07 9.7186e-08
5.3700e+02 7.2555e-11 6.3183e-09 3.6056e-08 1.4366e-07 9.6083e-08
5.3100e+02 7.3557e-11 6.1764e-09 3.6566e-08 1.4251e-07 9.6711e-08
5.3600e+02 7.2719e-11 6.2937e-09 3.6139e-08 1.4348e-07 9.6181e-08
5.3400e+02 7.3051e-11 6.2456e-09 3.6307e-08 1.4309e-07 9.6384e-08
5.3800e+02 7.2391e-11 6.3431e-09 3.5975e-08 1.4385e-07 9.5988e-08
5.4000e+02 7.2067e-11 6.3938e-09 3.5814e-08 1.4423e-07 9.5807e-08
5.3900e+02 7.2229e-11 6.3683e-09 3.5894e-08 1.4404e-07 9.5896e-08
5.3500e+02 7.2885e-11 6.2695e-09 3.6223e-08 1.4328e-07 9.6281e-08
5.4200e+02 7.1747e-11 6.4459e-09 3.5656e-08 1.4459e-07 9.5637e-08
5.4100e+02 7.1907e-11 6.4197e-09 3.5734e-08 1.4441e-07 9.5720e-08
5.4300e+02 7.1589e-11 6.4725e-09 3.5579e-08 1.4477e-07 9.5556e-08
5.4400e+02 7.1431e-11 6.4992e-09 3.5502e-08 1.4495e-07 9.5479e-08
5.4500e+02 7.1274e-11 6.5263e-09 3.5427e-08 1.4512e-07 9.5404e-08
5.4700e+02 7.0963e-11 6.5814e-09 3.5278e-08 1.4546e-07 9.5263e-08
5.4600e+02 7.1118e-11 6.5537e-09 3.5352e-08 1.4529e-07 9.5332e-08
5.4800e+02 7.0809e-11 6.6092e-09 3.5206e-08 1.4562e-07 9.5196e-08
5.4900e+02 7.0656e-11 6.6374e-09 3.5134e-08 1.4578e-07 9.5133e-08
5.5000e+02 7.0503e-11 6.6657e-09 3.5063e-08 1.4594e-07 9.5073e-08
5.5100e+02 7.0352e-11 6.6944e-09 3.4992e-08 1.4608e-07 9.5015e-08
5.5200e+02 7.0201e-11 6.7232e-09 3.4923e-08 1.4623e-07 9.4961e-08
5.5600e+02 6.9606e-11 6.8402e-09 3.4655e-08 1.4677e-07 9.4772e-08
5.5400e+02 6.9902e-11 6.7813e-09 3.4787e-08 1.4651e-07 9.4860e-08
5.5300e+02 7.0051e-11 6.7521e-09 3.4855e-08 1.4638e-07 9.4909e-08
5.5700e+02 6.9459e-11 6.8697e-09 3.4590e-08 1.4689e-07 9.4732e-08
5.5500e+02 6.9753e-11 6.8106e-09 3.4720e-08 1.4664e-07 9.4814e-08
5.5900e+02 6.9167e-11 6.9293e-09 3.4463e-08 1.4711e-07 9.4661e-08
5.5800e+02 6.9313e-11 6.8994e-09 3.4526e-08 1.4701e-07 9.4695e-08
5.6000e+02 6.9023e-11 6.9591e-09 3.4400e-08 1.4721e-07 9.4630e-08
5.6100e+02 6.8879e-11 6.9893e-09 3.4339e-08 1.4731e-07 9.4601e-08
5.6200e+02 6.8736e-11 7.0193e-09 3.4278e-08 1.4740e-07 9.4576e-08
5.6600e+02 6.8170e-11 7.1401e-09 3.4044e-08 1.4768e-07 9.4505e-08
5.6300e+02 6.8593e-11 7.0495e-09 3.4219e-08 1.4748e-07 9.4554e-08
5.6400e+02 6.8451e-11 7.0797e-09 3.4160e-08 1.4755e-07 9.4535e-08
5.6500e+02 6.8310e-11 7.1099e-09 3.4102e-08 1.4761e-07 9.4518e-08
5.6700e+02 6.8030e-11 7.1701e-09 3.3988e-08 1.4772e-07 9.4495e-08
5.7200e+02 6.7340e-11 7.3198e-09 3.3718e-08 1.4785e-07 9.4487e-08
5.7300e+02 6.7205e-11 7.3492e-09 3.3667e-08 1.4784e-07 9.4495e-08
5.6900e+02 6.7752e-11 7.2303e-09 3.3878e-08 1.4780e-07 9.4483e-08
5.7000e+02 6.7615e-11 7.2601e-09 3.3824e-08 1.4782e-07 9.4481e-08
5.7100e+02 6.7477e-11 7.2900e-09 3.3771e-08 1.4784e-07 9.4483e-08
5.6800e+02 6.7891e-11 7.2003e-09 3.3933e-08 1.4776e-07 9.4487e-08
5.7400e+02 6.7069e-11 7.3786e-09 3.3616e-08 1.4783e-07 9.4505e-08
5.7700e+02 6.6666e-11 7.4653e-09 3.3469e-08 1.4774e-07 9.4554e-08
5.7600e+02 6.6800e-11 7.4366e-09 3.3517e-08 1.4778e-07 9.4535e-08
5.7800e+02 6.6532e-11 7.4934e-09 3.3421e-08 1.4769e-07 9.4576e-08
5.7900e+02 6.6400e-11 7.5216e-09 3.3374e-08 1.4763e-07 9.4601e-08
5.7500e+02 6.6934e-11 7.4077e-09 3.3566e-08 1.4781e-07 9.4518e-08
5.8100e+02 6.6135e-11 7.5765e-09 3.3283e-08 1.4749e-07 9.4661e-08
5.8000e+02 6.6267e-11 7.5492e-09 3.3328e-08 1.4757e-07 9.4630e-08
5.8200e+02 6.6004e-11 7.6034e-09 3.3239e-08 1.4740e-07 9.4695e-08
5.8400e+02 6.5743e-11 7.6559e-09 3.3152e-08 1.4719e-07 9.4771e-08
5.8300e+02 6.5873e-11 7.6298e-09 3.3195e-08 1.4730e-07 9.4731e-08
5.9000e+02 6.4972e-11 7.8011e-09 3.2910e-08 1.4633e-07 9.5071e-08
5.8700e+02 6.5355e-11 7.7310e-09 3.3027e-08 1.4681e-07 9.4908e-08
5.8600e+02 6.5484e-11 7.7065e-09 3.3068e-08 1.4695e-07 9.4860e-08
5.8500e+02 6.5613e-11 7.6814e-09 3.3110e-08 1.4707e-07 9.4814e-08
5.8900e+02 6.5099e-11 7.7784e-09 3.2948e-08 1.4650e-07 9.5014e-08
5.9100e+02 6.4845e-11 7.8233e-09 3.2872e-08 1.4615e-07 9.5131e-08
5.8800e+02 6.5227e-11 7.7550e-09 3.2987e-08 1.4666e-07 9.4960e-08
5.9500e+02 6.4341e-11 7.9051e-09 3.2728e-08 1.4533e-07 9.5399e-08
5.9400e+02 6.4467e-11 7.8857e-09 3.2763e-08 1.4555e-07 9.5327e-08
5.9200e+02 6.4718e-11 7.8447e-09 3.2835e-08 1.4596e-07 9.5194e-08
5.9700e+02 6.4092e-11 7.9414e-09 3.2661e-08 1.4486e-07 9.5549e-08
5.9300e+02 6.4592e-11 7.8657e-09 3.2798e-08 1.4576e-07 9.5259e-08
5.9800e+02 6.3968e-11 7.9586e-09 3.2628e-08 1.4461e-07 9.5628e-08
5.9600e+02 6.4216e-11 7.9238e-09 3.2694e-08 1.4510e-07 9.5472e-08
5.9900e+02 6.3844e-11 7.9748e-09 3.2596e-08 1.4435e-07 9.5710e-08
6.0000e+02 6.3721e-11 7.9901e-09 3.2565e-08 1.4409e-07 9.5795e-08
6.0300e+02 6.3354e-11 8.0310e-09 3.2476e-08 1.4323e-07 9.6065e-08
6.0100e+02 6.3598e-11 8.0047e-09 3.2535e-08 1.4381e-07 9.5882e-08
6.0400e+02 6.3232e-11 8.0427e-09 3.2448e-08 1.4292e-07 9.6160e-08
6.0500e+02 6.3110e-11 8.0536e-09 3.2421e-08 1.4260e-07 9.6258e-08
6.0200e+02 6.3476e-11 8.0182e-09 3.2505e-08 1.4352e-07 9.5972e-08
6.0800e+02 6.2748e-11 8.0801e-09 3.2344e-08 1.4161e-07 9.6565e-08
6.0600e+02 6.2989e-11 8.0635e-09 3.2394e-08 1.4228e-07 9.6358e-08
6.0700e+02 6.2869e-11 8.0724e-09 3.2369e-08 1.4195e-07 9.6460e-08
6.1000e+02 6.2509e-11 8.0930e-09 3.2296e-08 1.4091e-07 9.6783e-08
6.1200e+02 6.2270e-11 8.1016e-09 3.2252e-08 1.4017e-07 9.7009e-08
6.0900e+02 6.2629e-11 8.0870e-09 3.2319e-08 1.4126e-07 9.6673e-08
6.1100e+02 6.2390e-11 8.0978e-09 3.2273e-08 1.4055e-07 9.6895e-08
6.1300e+02 6.2152e-11 8.1042e-09 3.2231e-08 1.3979e-07 9.7126e-08
6.1400e+02 6.2033e-11 8.1059e-09 3.2210e-08 1.3941e-07 9.7245e-08
6.1500e+02 6.1915e-11 8.1064e-09 3.2191e-08 1.3902e-07 9.7366e-08
6.1600e+02 6.1798e-11 8.1058e-09 3.2173e-08 1.3861e-07 9.7489e-08
6.1700e+02 6.1680e-11 8.1043e-09 3.2155e-08 1.3821e-07 9.7615e-08
6.1800e+02 6.1564e-11 8.1016e-09 3.2138e-08 1.3780e-07 9.7742e-08
6.2000e+02 6.1331e-11 8.0929e-09 3.2107e-08 1.3695e-07 9.8003e-08
6.1900e+02 6.1447e-11 8.0979e-09 3.2122e-08 1.3738e-07 9.7871e-08
6.2200e+02 6.1099e-11 8.0800e-09 3.2080e-08 1.3609e-07 9.8271e-08
6.2400e+02 6.0868e-11 8.0626e-09 3.2056e-08 1.3520e-07 9.8547e-08
6.2600e+02 6.0639e-11 8.0410e-09 3.2037e-08 1.3430e-07 9.8829e-08
6.2100e+02 6.1215e-11 8.0869e-09 3.2093e-08 1.3652e-07 9.8136e-08
6.2300e+02 6.0984e-11 8.0719e-09 3.2068e-08 1.3565e-07 9.8408e-08
6.2500e+02 6.0753e-11 8.0522e-09 3.2046e-08 1.3475e-07 9.8687e-08
6.2900e+02 6.0297e-11 8.0007e-09 3.2014e-08 1.3291e-07 9.9265e-08
6.2700e+02 6.0525e-11 8.0287e-09 3.2028e-08 1.3384e-07 9.8973e-08
6.3500e+02 5.9620e-11 7.8928e-09 3.1997e-08 1.3005e-07 1.0017e-07
6.2800e+02 6.0411e-11 8.0152e-09 3.2021e-08 1.3338e-07 9.9118e-08
6.3100e+02 6.0070e-11 7.9687e-09 3.2004e-08 1.3197e-07 9.9562e-08
6.3600e+02 5.9509e-11 7.8716e-09 3.1997e-08 1.2956e-07 1.0033e-07
6.3000e+02 6.0183e-11 7.9854e-09 3.2009e-08 1.3244e-07 9.9413e-08
6.3300e+02 5.9845e-11 7.9328e-09 3.1998e-08 1.3101e-07 9.9865e-08
6.3200e+02 5.9957e-11 7.9512e-09 3.2001e-08 1.3149e-07 9.9713e-08
6.3400e+02 5.9732e-11 7.9131e-09 3.1997e-08 1.3053e-07 1.0002e-07
6.4300e+02 5.8734e-11 7.6983e-09 3.2035e-08 1.2612e-07 1.0144e-07
6.3700e+02 5.9397e-11 7.8494e-09 3.1999e-08 1.2908e-07 1.0048e-07
6.4000e+02 5.9064e-11 7.7775e-09 3.2012e-08 1.2761e-07 1.0096e-07
6.3900e+02 5.9175e-11 7.8023e-09 3.2007e-08 1.2809e-07 1.0080e-07
6.3800e+02 5.9286e-11 7.8262e-09 3.2002e-08 1.2859e-07 1.0064e-07
6.4400e+02 5.8624e-11 7.6705e-09 3.2045e-08 1.2563e-07 1.0160e-07
6.4500e+02 5.8515e-11 7.6420e-09 3.2056e-08 1.2514e-07 1.0176e-07
6.4100e+02 5.8954e-11 7.7518e-09 3.2018e-08 1.2711e-07 1.0112e-07
6.4200e+02 5.8844e-11 7.7256e-09 3.2026e-08 1.2662e-07 1.0128e-07
6.4600e+02 5.8406e-11 7.6128e-09 3.2069e-08 1.2464e-07 1.0192e-07
6.5100e+02 5.7863e-11 7.4573e-09 3.2150e-08 1.2218e-07 1.0273e-07
6.4900e+02 5.8079e-11 7.5213e-09 3.2114e-08 1.2316e-07 1.0241e-07
6.4700e+02 5.8297e-11 7.5828e-09 3.2082e-08 1.2415e-07 1.0208e-07
6.4800e+02 5.8188e-11 7.5523e-09 3.2097e-08 1.2366e-07 1.0224e-07
6.5000e+02 5.7971e-11 7.4896e-09 3.2131e-08 1.2267e-07 1.0257e-07
6.5200e+02 5.7756e-11 7.4248e-09 3.2170e-08 1.2169e-07 1.0289e-07
6.5300e+02 5.7649e-11 7.3914e-09 3.2191e-08 1.2120e-07 1.0306e-07
6.5700e+02 5.7221e-11 7.2545e-09 3.2290e-08 1.1927e-07 1.0370e-07
6.5800e+02 5.7115e-11 7.2191e-09 3.2318e-08 1.1879e-07 1.0386e-07
6.5500e+02 5.7434e-11 7.3237e-09 3.2238e-08 1.2023e-07 1.0338e-07
6.5600e+02 5.7328e-11 7.2892e-09 3.2263e-08 1.1975e-07 1.0354e-07
6.5400e+02 5.7541e-11 7.3577e-09 3.2214e-08 1.2072e-07 1.0322e-07
6.6200e+02 5.6694e-11 7.0753e-09 3.2444e-08 1.1690e-07 1.0449e-07
6.5900e+02 5.7010e-11 7.1836e-09 3.2348e-08 1.1831e-07 1.0402e-07
6.6000e+02 5.6905e-11 7.1478e-09 3.2378e-08 1.1784e-07 1.0418e-07
6.6100e+02 5.6799e-11 7.1118e-09 3.2411e-08 1.1736e-07 1.0433e-07
6.6300e+02 5.6589e-11 7.0388e-09 3.2479e-08 1.1643e-07 1.0465e-07
6.6500e+02 5.6381e-11 6.9654e-09 3.2553e-08 1.1551e-07 1.0495e-07
6.6400e+02 5.6485e-11 7.0022e-09 3.2515e-08 1.1597e-07 1.0480e-07
6.6700e+02 5.6173e-11 6.8911e-09 3.2633e-08 1.1459e-07 1.0526e-07
6.6600e+02 5.6276e-11 6.9283e-09 3.2592e-08 1.1505e-07 1.0511e-07
6.6900e+02 5.5966e-11 6.8168e-09 3.2718e-08 1.1369e-07 1.0555e-07
6.7200e+02 5.5658e-11 6.7048e-09 3.2855e-08 1.1237e-07 1.0599e-07
6.7000e+02 5.5863e-11 6.7795e-09 3.2762e-08 1.1325e-07 1.0570e-07
6.6800e+02 5.6069e-11 6.8540e-09 3.2674e-08 1.1414e-07 1.0541e-07
6.7100e+02 5.5761e-11 6.7420e-09 3.2808e-08 1.1281e-07 1.0585e-07
6.7300e+02 5.5556e-11 6.6675e-09 3.2904e-08 1.1194e-07 1.0613e-07
6.7400e+02 5.5454e-11 6.6303e-09 3.2954e-08 1.1151e-07 1.0627e-07
6.7500e+02 5.5353e-11 6.5930e-09 3.3006e-08 1.1108e-07 1.0641e-07
6.7700e+02 5.5150e-11 6.5189e-09 3.3112e-08 1.1024e-07 1.0668e-07
6.7900e+02 5.4949e-11 6.4452e-09 3.3224e-08 1.0942e-07 1.0695e-07
6.7600e+02 5.5251e-11 6.5559e-09 3.3058e-08 1.1066e-07 1.0655e-07
6.7800e+02 5.5050e-11 6.4820e-09 3.3168e-08 1.0983e-07 1.0681e-07
6.8200e+02 5.4649e-11 6.3357e-09 3.3402e-08 1.0821e-07 1.0732e-07
6.8100e+02 5.4749e-11 6.3720e-09 3.3342e-08 1.0861e-07 1.0720e-07
6.8000e+02 5.4849e-11 6.4086e-09 3.3282e-08 1.0901e-07 1.0707e-07
6.8300e+02 5.4550e-11 6.2997e-09 3.3464e-08 1.0782e-07 1.0745e-07
6.8400e+02 5.4451e-11 6.2639e-09 3.3527e-08 1.0743e-07 1.0757e-07
6.8700e+02 5.4156e-11 6.1574e-09 3.3723e-08 1.0628e-07 1.0791e-07
6.8500e+02 5.4352e-11 6.2282e-09 3.3591e-08 1.0704e-07 1.0768e-07
6.8900e+02 5.3960e-11 6.0877e-09 3.3859e-08 1.0554e-07 1.0813e-07
6.8800e+02 5.4057e-11 6.1223e-09 3.3790e-08 1.0591e-07 1.0802e-07
6.8600e+02 5.4253e-11 6.1928e-09 3.3656e-08 1.0666e-07 1.0780e-07
6.9200e+02 5.3668e-11 5.9854e-09 3.4071e-08 1.0447e-07 1.0844e-07
6.9100e+02 5.3765e-11 6.0191e-09 3.3999e-08 1.0482e-07 1.0834e-07
6.9000e+02 5.3862e-11 6.0534e-09 3.3929e-08 1.0518e-07 1.0823e-07
6.9400e+02 5.3476e-11 5.9186e-09 3.4218e-08 1.0377e-07 1.0863e-07
6.9300e+02 5.3572e-11 5.9518e-09 3.4144e-08 1.0412e-07 1.0853e-07
6.9500e+02 5.3380e-11 5.8858e-09 3.4292e-08 1.0343e-07 1.0872e-07
6.9600e+02 5.3284e-11 5.8530e-09 3.4368e-08 1.0310e-07 1.0881e-07
6.9900e+02 5.2999e-11 5.7574e-09 3.4600e-08 1.0212e-07 1.0906e-07
6.9800e+02 5.3093e-11 5.7890e-09 3.4522e-08 1.0244e-07 1.0898e-07
7.0000e+02 5.2904e-11 5.7264e-09 3.4678e-08 1.0180e-07 1.0914e-07
7.0200e+02 5.2717e-11 5.6653e-09 3.4838e-08 1.0117e-07 1.0929e-07
7.0100e+02 5.2810e-11 5.6959e-09 3.4757e-08 1.0148e-07 1.0922e-07
6.9700e+02 5.3189e-11 5.8209e-09 3.4444e-08 1.0276e-07 1.0890e-07
7.0500e+02 5.2437e-11 5.5763e-09 3.5081e-08 1.0027e-07 1.0949e-07
7.0300e+02 5.2623e-11 5.6355e-09 3.4918e-08 1.0087e-07 1.0936e-07
7.0600e+02 5.2344e-11 5.5473e-09 3.5163e-08 9.9982e-08 1.0955e-07
7.0400e+02 5.2530e-11 5.6056e-09 3.4999e-08 1.0057e-07 1.0943e-07
7.0700e+02 5.2252e-11 5.5188e-09 3.5245e-08 9.9696e-08 1.0961e-07
7.0900e+02 5.2068e-11 5.4627e-09 3.5412e-08 9.9134e-08 1.0972e-07
7.1000e+02 5.1977e-11 5.4353e-09 3.5495e-08 9.8862e-08 1.0977e-07
7.0800e+02 5.2160e-11 5.4905e-09 3.5328e-08 9.9413e-08 1.0967e-07
7.1100e+02 5.1886e-11 5.4081e-09 3.5579e-08 9.8592e-08 1.0982e-07
7.1200e+02 5.1795e-11 5.3815e-09 3.5663e-08 9.8328e-08 1.0987e-07
7.1300e+02 5.1705e-11 5.3551e-09 3.5747e-08 9.8069e-08 1.0991e-07
7.1500e+02 5.1525e-11 5.3038e-09 3.5915e-08 9.7561e-08 1.0999e-07
7.1400e+02 5.1615e-11 5.3292e-09 3.5831e-08 9.7812e-08 1.0995e-07
7.1600e+02 5.1435e-11 5.2787e-09 3.5999e-08 9.7314e-08 1.1002e-07
7.1800e+02 5.1258e-11 5.2297e-09 3.6166e-08 9.6832e-08 1.1009e-07
7.1700e+02 5.1346e-11 5.2540e-09 3.6083e-08 9.7069e-08 1.1006e-07
7.2000e+02 5.1081e-11 5.1821e-09 3.6333e-08 9.6365e-08 1.1014e-07
7.1900e+02 5.1169e-11 5.2056e-09 3.6250e-08 9.6595e-08 1.1011e-07
7.2100e+02 5.0993e-11 5.1591e-09 3.6416e-08 9.6140e-08 1.1016e-07
7.2200e+02 5.0906e-11 5.1362e-09 3.6498e-08 9.5919e-08 1.1018e-07
7.2300e+02 5.0819e-11 5.1139e-09 3.6580e-08 9.5702e-08 1.1020e-07
7.2500e+02 5.0645e-11 5.0701e-09 3.6743e-08 9.5277e-08 1.1023e-07
7.2400e+02 5.0732e-11 5.0918e-09 3.6662e-08 9.5487e-08 1.1021e-07
7.2600e+02 5.0559e-11 5.0490e-09 3.6823e-08 9.5071e-08 1.1024e-07
7.2800e+02 5.0388e-11 5.0076e-09 3.6982e-08 9.4672e-08 1.1025e-07
7.2700e+02 5.0474e-11 5.0280e-09 3.6903e-08 9.4871e-08 1.1025e-07
7.2900e+02 5.0303e-11 4.9875e-09 3.7060e-08 9.4478e-08 1.1026e-07
7.3000e+02 5.0218e-11 4.9678e-09 3.7137e-08 9.4291e-08 1.1026e-07
7.3100e+02 5.0134e-11 4.9485e-09 3.7214e-08 9.4104e-08 1.1026e-07
7.3200e+02 5.0050e-11 4.9295e-09 3.7289e-08 9.3922e-08 1.1026e-07
7.3300e+02 4.9966e-11 4.9109e-09 3.7364e-08 9.3744e-08 1.1026e-07
7.3400e+02 4.9883e-11 4.8925e-09 3.7437e-08 9.3570e-08 1.1025e-07
7.3500e+02 4.9800e-11 4.8748e-09 3.7510e-08 9.3399e-08 1.1024e-07
7.3600e+02 4.9717e-11 4.8572e-09 3.7581e-08 9.3232e-08 1.1023e-07
7.3800e+02 4.9553e-11 4.8231e-09 3.7720e-08 9.2909e-08 1.1021e-07
7.3900e+02 4.9472e-11 4.8067e-09 3.7787e-08 9.2755e-08 1.1020e-07
7.4000e+02 4.9390e-11 4.7905e-09 3.7854e-08 9.2602e-08 1.1018e-07
7.3700e+02 4.9635e-11 4.8399e-09 3.7651e-08 9.3069e-08 1.1022e-07
7.4100e+02 4.9309e-11 4.7747e-09 3.7919e-08 9.2453e-08 1.1017e-07
7.4400e+02 4.9069e-11 4.7294e-09 3.8105e-08 9.2030e-08 1.1011e-07
7.4200e+02 4.9229e-11 4.7592e-09 3.7982e-08 9.2310e-08 1.1015e-07
7.4300e+02 4.9149e-11 4.7443e-09 3.8044e-08 9.2166e-08 1.1013e-07
7.4600e+02 4.8911e-11 4.7008e-09 3.8221e-08 9.1765e-08 1.1006e-07
7.4500e+02 4.8990e-11 4.7150e-09 3.8164e-08 9.1895e-08 1.1008e-07
7.5000e+02 4.8598e-11 4.6477e-09 3.8435e-08 9.1274e-08 1.0996e-07
7.4800e+02 4.8754e-11 4.6737e-09 3.8332e-08 9.1512e-08 1.1001e-07
7.4900e+02 4.8676e-11 4.6605e-09 3.8384e-08 9.1392e-08 1.0998e-07
7.4700e+02 4.8832e-11 4.6872e-09 3.8277e-08 9.1638e-08 1.1004e-07
7.5100e+02 4.8521e-11 4.6353e-09 3.8485e-08 9.1161e-08 1.0993e-07
7.5200e+02 4.8444e-11 4.6230e-09 3.8533e-08 9.1050e-08 1.0990e-07
7.5400e+02 4.8291e-11 4.5996e-09 3.8623e-08 9.0838e-08 1.0983e-07
7.5500e+02 4.8216e-11 4.5884e-09 3.8665e-08 9.0736e-08 1.0980e-07
7.5600e+02 4.8140e-11 4.5774e-09 3.8706e-08 9.0637e-08 1.0977e-07
7.5300e+02 4.8367e-11 4.6112e-09 3.8578e-08 9.0942e-08 1.0987e-07
7.5800e+02 4.7990e-11 4.5564e-09 3.8782e-08 9.0449e-08 1.0970e-07
7.5700e+02 4.8065e-11 4.5668e-09 3.8745e-08 9.0542e-08 1.0974e-07
7.6000e+02 4.7842e-11 4.5363e-09 3.8850e-08 9.0274e-08 1.0963e-07
7.6100e+02 4.7769e-11 4.5269e-09 3.8882e-08 9.0192e-08 1.0960e-07
7.5900e+02 4.7916e-11 4.5461e-09 3.8817e-08 9.0361e-08 1.0967e-07
7.6200e+02 4.7696e-11 4.5176e-09 3.8912e-08 9.0111e-08 1.0956e-07
7.6600e+02 4.7407e-11 4.4833e-09 3.9014e-08 8.9818e-08 1.0942e-07
7.6500e+02 4.7478e-11 4.4914e-09 3.8991e-08 8.9888e-08 1.0946e-07
7.6700e+02 4.7335e-11 4.4754e-09 3.9034e-08 8.9753e-08 1.0938e-07
7.6300e+02 4.7623e-11 4.5087e-09 3.8940e-08 9.0032e-08 1.0953e-07
7.6400e+02 4.7550e-11 4.4999e-09 3.8966e-08 8.9959e-08 1.0949e-07
7.7000e+02 4.7124e-11 4.4532e-09 3.9087e-08 8.9570e-08 1.0928e-07
7.7200e+02 4.6984e-11 4.4398e-09 3.9113e-08 8.9462e-08 1.0920e-07
7.6900e+02 4.7194e-11 4.4604e-09 3.9071e-08 8.9628e-08 1.0931e-07
7.7100e+02 4.7054e-11 4.4464e-09 3.9101e-08 8.9513e-08 1.0924e-07
7.6800e+02 4.7264e-11 4.4678e-09 3.9054e-08 8.9688e-08 1.0935e-07
7.7300e+02 4.6915e-11 4.4334e-09 3.9124e-08 8.9409e-08 1.0917e-07
7.7400e+02 4.6846e-11 4.4271e-09 3.9133e-08 8.9363e-08 1.0913e-07
7.7500e+02 4.6778e-11 4.4213e-09 3.9140e-08 8.9316e-08 1.0910e-07
7.7600e+02 4.6710e-11 4.4155e-09 3.9146e-08 8.9274e-08 1.0906e-07
7.7700e+02 4.6643e-11 4.4100e-09 3.9150e-08 8.9233e-08 1.0903e-07
7.7800e+02 4.6575e-11 4.4047e-09 3.9152e-08 8.9197e-08 1.0899e-07
7.8000e+02 4.6442e-11 4.3949e-09 3.9153e-08 8.9127e-08 1.0893e-07
7.7900e+02 4.6508e-11 4.3997e-09 3.9154e-08 8.9160e-08 1.0896e-07
7.8100e+02 4.6376e-11 4.3903e-09 3.9151e-08 8.9097e-08 1.0889e-07
7.8300e+02 4.6245e-11 4.3818e-09 3.9144e-08 8.9041e-08 1.0883e-07
7.8200e+02 4.6310e-11 4.3859e-09 3.9148e-08 8.9067e-08 1.0886e-07
7.8400e+02 4.6180e-11 4.3778e-09 3.9138e-08 8.9015e-08 1.0880e-07
7.8500e+02 4.6115e-11 4.3740e-09 3.9131e-08 8.8994e-08 1.0877e-07
7.8600e+02 4.6051e-11 4.3705e-09 3.9122e-08 8.8974e-08 1.0874e-07
7.8700e+02 4.5987e-11 4.3671e-09 3.9113e-08 8.8957e-08 1.0871e-07
7.8900e+02 4.5860e-11 4.3612e-09 3.9090e-08 8.8927e-08 1.0865e-07
7.9000e+02 4.5797e-11 4.3583e-09 3.9077e-08 8.8916e-08 1.0863e-07
7.8800e+02 4.5923e-11 4.3640e-09 3.9102e-08 8.8941e-08 1.0868e-07
7.9100e+02 4.5735e-11 4.3558e-09 3.9063e-08 8.8905e-08 1.0860e-07
7.9200e+02 4.5673e-11 4.3533e-09 3.9048e-08 8.8898e-08 1.0858e-07
7.9700e+02 4.5368e-11 4.3442e-09 3.8959e-08 8.8885e-08 1.0847e-07
7.9400e+02 4.5550e-11 4.3492e-09 3.9015e-08 8.8886e-08 1.0853e-07
7.9300e+02 4.5611e-11 4.3512e-09 3.9032e-08 8.8891e-08 1.0855e-07
7.9800e+02 4.5308e-11 4.3428e-09 3.8939e-08 8.8887e-08 1.0845e-07
7.9500e+02 4.5489e-11 4.3474e-09 3.8997e-08 8.8883e-08 1.0851e-07
7.9600e+02 4.5428e-11 4.3456e-09 3.8979e-08 8.8883e-08 1.0849e-07
7.9900e+02 4.5248e-11 4.3418e-09 3.8918e-08 8.8893e-08 1.0843e-07
8.0100e+02 4.5130e-11 4.3400e-09 3.8875e-08 8.8906e-08 1.0840e-07
8.0000e+02 4.5189e-11 4.3408e-09 3.8897e-08 8.8898e-08 1.0841e-07
8.0200e+02 4.5072e-11 4.3393e-09 3.8852e-08 8.8915e-08 1.0838e-07
8.0400e+02 4.4956e-11 4.3385e-09 3.8806e-08 8.8940e-08 1.0836e-07
8.0800e+02 4.4728e-11 4.3387e-09 3.8708e-08 8.9003e-08 1.0832e-07
8.0300e+02 4.5014e-11 4.3388e-09 3.8829e-08 8.8926e-08 1.0837e-07
8.0500e+02 4.4899e-11 4.3384e-09 3.8782e-08 8.8953e-08 1.0835e-07
8.0700e+02 4.4785e-11 4.3384e-09 3.8733e-08 8.8985e-08 1.0833e-07
8.0600e+02 4.4842e-11 4.3384e-09 3.8758e-08 8.8968e-08 1.0834e-07
8.0900e+02 4.4672e-11 4.3392e-09 3.8683e-08 8.9023e-08 1.0832e-07
8.1000e+02 4.4617e-11 4.3396e-09 3.8658e-08 8.9041e-08 1.0831e-07
8.1100e+02 4.4561e-11 4.3405e-09 3.8632e-08 8.9064e-08 1.0831e-07
8.1200e+02 4.4506e-11 4.3412e-09 3.8606e-08 8.9086e-08 1.0831e-07
8.1500e+02 4.4343e-11 4.3447e-09 3.8529e-08 8.9162e-08 1.0831e-07
8.1600e+02 4.4290e-11 4.3460e-09 3.8503e-08 8.9188e-08 1.0831e-07
8.1400e+02 4.4397e-11 4.3434e-09 3.8555e-08 8.9136e-08 1.0831e-07
8.1300e+02 4.4452e-11 4.3422e-09 3.8581e-08 8.9110e-08 1.0831e-07
8.1700e+02 4.4236e-11 4.3476e-09 3.8478e-08 8.9217e-08 1.0832e-07
8.1800e+02 4.4183e-11 4.3491e-09 3.8452e-08 8.9246e-08 1.0832e-07
8.1900e+02 4.4131e-11 4.3510e-09 3.8427e-08 8.9277e-08 1.0833e-07
8.2100e+02 4.4026e-11 4.3548e-09 3.8377e-08 8.9340e-08 1.0835e-07
8.2000e+02 4.4078e-11 4.3528e-09 3.8402e-08 8.9307e-08 1.0834e-07
8.2400e+02 4.3872e-11 4.3616e-09 3.8303e-08 8.9436e-08 1.0839e-07
8.2300e+02 4.3923e-11 4.3592e-09 3.8327e-08 8.9404e-08 1.0838e-07
8.2200e+02 4.3975e-11 4.3569e-09 3.8352e-08 8.9371e-08 1.0836e-07
8.2500e+02 4.3822e-11 4.3639e-09 3.8279e-08 8.9470e-08 1.0841e-07
8.2600e+02 4.3771e-11 4.3666e-09 3.8256e-08 8.9505e-08 1.0843e-07
8.2700e+02 4.3721e-11 4.3693e-09 3.8233e-08 8.9542e-08 1.0845e-07
8.2900e+02 4.3622e-11 4.3750e-09 3.8188e-08 8.9613e-08 1.0849e-07
8.2800e+02 4.3671e-11 4.3721e-09 3.8210e-08 8.9577e-08 1.0847e-07
8.3000e+02 4.3573e-11 4.3781e-09 3.8166e-08 8.9651e-08 1.0852e-07
8.3100e+02 4.3524e-11 4.3813e-09 3.8145e-08 8.9687e-08 1.0854e-07
8.3200e+02 4.3476e-11 4.3844e-09 3.8124e-08 8.9723e-08 1.0857e-07
8.3500e+02 4.3332e-11 4.3948e-09 3.8065e-08 8.9835e-08 1.0866e-07
8.3300e+02 4.3428e-11 4.3878e-09 3.8104e-08 8.9759e-08 1.0860e-07
8.3700e+02 4.3238e-11 4.4020e-09 3.8029e-08 8.9911e-08 1.0873e-07
8.3400e+02 4.3380e-11 4.3912e-09 3.8084e-08 8.9799e-08 1.0863e-07
8.3800e+02 4.3191e-11 4.4059e-09 3.8011e-08 8.9950e-08 1.0877e-07
8.3600e+02 4.3285e-11 4.3983e-09 3.8047e-08 8.9874e-08 1.0870e-07
8.3900e+02 4.3145e-11 4.4096e-09 3.7995e-08 8.9987e-08 1.0881e-07
8.4000e+02 4.3099e-11 4.4137e-09 3.7979e-08 9.0025e-08 1.0885e-07
8.4100e+02 4.3053e-11 4.4177e-09 3.7964e-08 9.0062e-08 1.0890e-07
8.4200e+02 4.3007e-11 4.4219e-09 3.7949e-08 9.0098e-08 1.0894e-07
8.4300e+02 4.2962e-11 4.4261e-09 3.7935e-08 9.0136e-08 1.0899e-07
8.4400e+02 4.2917e-11 4.4305e-09 3.7922e-08 9.0172e-08 1.0904e-07
8.4600e+02 4.2828e-11 4.4391e-09 3.7898e-08 9.0244e-08 1.0914e-07
8.4800e+02 4.2740e-11 4.4483e-09 3.7876e-08 9.0315e-08 1.0925e-07
8.4700e+02 4.2784e-11 4.4437e-09 3.7887e-08 9.0281e-08 1.0919e-07
8.4500e+02 4.2873e-11 4.4348e-09 3.7909e-08 9.0209e-08 1.0909e-07
8.5000e+02 4.2653e-11 4.4576e-09 3.7858e-08 9.0384e-08 1.0936e-07
8.4900e+02 4.2697e-11 4.4530e-09 3.7867e-08 9.0349e-08 1.0930e-07
8.5200e+02 4.2568e-11 4.4673e-09 3.7843e-08 9.0450e-08 1.0949e-07
8.5100e+02 4.2611e-11 4.4624e-09 3.7850e-08 9.0417e-08 1.0942e-07
8.5300e+02 4.2525e-11 4.4722e-09 3.7836e-08 9.0482e-08 1.0955e-07
8.5400e+02 4.2483e-11 4.4772e-09 3.7830e-08 9.0513e-08 1.0962e-07
8.5600e+02 4.2400e-11 4.4874e-09 3.7821e-08 9.0572e-08 1.0976e-07
8.5500e+02 4.2441e-11 4.4823e-09 3.7825e-08 9.0542e-08 1.0969e-07
8.6000e+02 4.2235e-11 4.5084e-09 3.7812e-08 9.0680e-08 1.1005e-07
8.5700e+02 4.2358e-11 4.4926e-09 3.7818e-08 9.0600e-08 1.0983e-07
8.6100e+02 4.2195e-11 4.5137e-09 3.7811e-08 9.0705e-08 1.1013e-07
8.5900e+02 4.2276e-11 4.5032e-09 3.7813e-08 9.0654e-08 1.0998e-07
8.6300e+02 4.2114e-11 4.5248e-09 3.7812e-08 9.0749e-08 1.1030e-07
8.5800e+02 4.2317e-11 4.4978e-09 3.7815e-08 9.0627e-08 1.0990e-07
8.6600e+02 4.1996e-11 4.5413e-09 3.7819e-08 9.0808e-08 1.1056e-07
8.6400e+02 4.2075e-11 4.5303e-09 3.7814e-08 9.0773e-08 1.1038e-07
8.6200e+02 4.2155e-11 4.5192e-09 3.7811e-08 9.0727e-08 1.1022e-07
8.6500e+02 4.2035e-11 4.5359e-09 3.7816e-08 9.0791e-08 1.1047e-07
8.6700e+02 4.1957e-11 4.5471e-09 3.7823e-08 9.0826e-08 1.1065e-07
8.6800e+02 4.1918e-11 4.5527e-09 3.7827e-08 9.0841e-08 1.1074e-07
8.6900e+02 4.1880e-11 4.5585e-09 3.7833e-08 9.0854e-08 1.1084e-07
8.7200e+02 4.1765e-11 4.5759e-09 3.7852e-08 9.0890e-08 1.1113e-07
8.7100e+02 4.1803e-11 4.5700e-09 3.7845e-08 9.0880e-08 1.1103e-07
8.7000e+02 4.1841e-11 4.5642e-09 3.7838e-08 9.0868e-08 1.1094e-07
8.7600e+02 4.1616e-11 4.5993e-09 3.7886e-08 9.0913e-08 1.1156e-07
8.7700e+02 4.1579e-11 4.6054e-09 3.7896e-08 9.0914e-08 1.1167e-07
8.7400e+02 4.1690e-11 4.5875e-09 3.7868e-08 9.0904e-08 1.1134e-07
8.7500e+02 4.1653e-11 4.5935e-09 3.7876e-08 9.0910e-08 1.1145e-07
8.7800e+02 4.1542e-11 4.6112e-09 3.7906e-08 9.0914e-08 1.1178e-07
8.7300e+02 4.1728e-11 4.5818e-09 3.7859e-08 9.0898e-08 1.1124e-07
8.8100e+02 4.1433e-11 4.6293e-09 3.7941e-08 9.0904e-08 1.1213e-07
8.8000e+02 4.1469e-11 4.6233e-09 3.7929e-08 9.0909e-08 1.1201e-07
8.8200e+02 4.1398e-11 4.6352e-09 3.7954e-08 9.0898e-08 1.1225e-07
8.7900e+02 4.1506e-11 4.6173e-09 3.7917e-08 9.0914e-08 1.1189e-07
8.8400e+02 4.1326e-11 4.6473e-09 3.7980e-08 9.0876e-08 1.1249e-07
8.8300e+02 4.1362e-11 4.6413e-09 3.7967e-08 9.0888e-08 1.1237e-07
8.8600e+02 4.1256e-11 4.6594e-09 3.8008e-08 9.0851e-08 1.1275e-07
8.8500e+02 4.1291e-11 4.6532e-09 3.7994e-08 9.0867e-08 1.1262e-07
8.8700e+02 4.1221e-11 4.6654e-09 3.8023e-08 9.0834e-08 1.1288e-07
8.8800e+02 4.1186e-11 4.6713e-09 3.8038e-08 9.0818e-08 1.1301e-07
8.9000e+02 4.1117e-11 4.6835e-09 3.8069e-08 9.0775e-08 1.1328e-07
8.8900e+02 4.1151e-11 4.6775e-09 3.8054e-08 9.0797e-08 1.1314e-07
8.9300e+02 4.1015e-11 4.7014e-09 3.8119e-08 9.0697e-08 1.1369e-07
8.9100e+02 4.1083e-11 4.6895e-09 3.8085e-08 9.0751e-08 1.1341e-07
8.9200e+02 4.1049e-11 4.6954e-09 3.8102e-08 9.0726e-08 1.1355e-07
8.9400e+02 4.0981e-11 4.7072e-09 3.8136e-08 9.0668e-08 1.1384e-07
8.9500e+02 4.0947e-11 4.7132e-09 3.8153e-08 9.0635e-08 1.1398e-07
8.9600e+02 4.0913e-11 4.7191e-09 3.8170e-08 9.0602e-08 1.1413e-07
8.9700e+02 4.0880e-11 4.7250e-09 3.8188e-08 9.0565e-08 1.1428e-07
8.9800e+02 4.0847e-11 4.7307e-09 3.8206e-08 9.0529e-08 1.1443e-07
8.9900e+02 4.0814e-11 4.7367e-09 3.8224e-08 9.0490e-08 1.1458e-07
9.0000e+02 4.0781e-11 4.7424e-09 3.8242e-08 9.0448e-08 1.1473e-07
9.0200e+02 4.0715e-11 4.7539e-09 3.8279e-08 9.0358e-08 1.1505e-07
9.0300e+02 4.0683e-11 4.7595e-09 3.8297e-08 9.0310e-08 1.1521e-07
9.0100e+02 4.0748e-11 4.7481e-09 3.8260e-08 9.0404e-08 1.1489e-07
9.0600e+02 4.0586e-11 4.7762e-09 3.8354e-08 9.0156e-08 1.1569e-07
9.0400e+02 4.0650e-11 4.7652e-09 3.8316e-08 9.0262e-08 1.1537e-07
9.0500e+02 4.0618e-11 4.7707e-09 3.8335e-08 9.0209e-08 1.1553e-07
9.0700e+02 4.0554e-11 4.7815e-09 3.8373e-08 9.0102e-08 1.1586e-07
9.0800e+02 4.0522e-11 4.7871e-09 3.8392e-08 9.0046e-08 1.1603e-07
9.1200e+02 4.0395e-11 4.8083e-09 3.8468e-08 8.9798e-08 1.1671e-07
9.0900e+02 4.0490e-11 4.7923e-09 3.8411e-08 8.9986e-08 1.1620e-07
9.1000e+02 4.0458e-11 4.7978e-09 3.8430e-08 8.9923e-08 1.1637e-07
9.1100e+02 4.0427e-11 4.8030e-09 3.8449e-08 8.9862e-08 1.1654e-07
9.1300e+02 4.0364e-11 4.8134e-09 3.8487e-08 8.9731e-08 1.1689e-07
9.1400e+02 4.0332e-11 4.8182e-09 3.8506e-08 8.9664e-08 1.1707e-07
9.1600e+02 4.0270e-11 4.8281e-09 3.8544e-08 8.9522e-08 1.1742e-07
9.1700e+02 4.0239e-11 4.8331e-09 3.8563e-08 8.9449e-08 1.1761e-07
9.1500e+02 4.0301e-11 4.8233e-09 3.8525e-08 8.9594e-08 1.1724e-07
9.1800e+02 4.0208e-11 4.8379e-09 3.8581e-08 8.9375e-08 1.1779e-07
9.2200e+02 4.0085e-11 4.8561e-09 3.8656e-08 8.9058e-08 1.1853e-07
9.1900e+02 4.0177e-11 4.8426e-09 3.8600e-08 8.9297e-08 1.1797e-07
9.2000e+02 4.0147e-11 4.8472e-09 3.8619e-08 8.9220e-08 1.1816e-07
9.2100e+02 4.0116e-11 4.8519e-09 3.8638e-08 8.9138e-08 1.1834e-07
9.2300e+02 4.0055e-11 4.8607e-09 3.8675e-08 8.8976e-08 1.1872e-07
9.2400e+02 4.0024e-11 4.8649e-09 3.8693e-08 8.8891e-08 1.1891e-07
9.2500e+02 3.9994e-11 4.8691e-09 3.8712e-08 8.8804e-08 1.1910e-07
9.2700e+02 3.9933e-11 4.8773e-09 3.8749e-08 8.8628e-08 1.1949e-07
9.2800e+02 3.9903e-11 4.8812e-09 3.8767e-08 8.8538e-08 1.1968e-07
9.2600e+02 3.9963e-11 4.8732e-09 3.8730e-08 8.8716e-08 1.1930e-07
9.3100e+02 3.9812e-11 4.8923e-09 3.8822e-08 8.8260e-08 1.2027e-07
9.3300e+02 3.9752e-11 4.8992e-09 3.8858e-08 8.8069e-08 1.2067e-07
9.2900e+02 3.9873e-11 4.8850e-09 3.8785e-08 8.8448e-08 1.1988e-07
9.3200e+02 3.9782e-11 4.8959e-09 3.8840e-08 8.8166e-08 1.2047e-07
9.3000e+02 3.9842e-11 4.8888e-09 3.8803e-08 8.8353e-08 1.2008e-07
9.3400e+02 3.9722e-11 4.9027e-09 3.8876e-08 8.7971e-08 1.2087e-07
9.3500e+02 3.9693e-11 4.9061e-09 3.8894e-08 8.7872e-08 1.2107e-07
9.3600e+02 3.9663e-11 4.9091e-09 3.8912e-08 8.7773e-08 1.2128e-07
9.3800e+02 3.9603e-11 4.9151e-09 3.8949e-08 8.7570e-08 1.2168e-07
9.3700e+02 3.9633e-11 4.9122e-09 3.8930e-08 8.7673e-08 1.2148e-07
9.4000e+02 3.9544e-11 4.9210e-09 3.8985e-08 8.7365e-08 1.2209e-07
9.3900e+02 3.9573e-11 4.9179e-09 3.8967e-08 8.7467e-08 1.2188e-07
9.4200e+02 3.9484e-11 4.9259e-09 3.9022e-08 8.7154e-08 1.2250e-07
9.4300e+02 3.9454e-11 4.9286e-09 3.9041e-08 8.7049e-08 1.2270e-07
9.4400e+02 3.9424e-11 4.9311e-09 3.9059e-08 8.6943e-08 1.2291e-07
9.4100e+02 3.9513e-11 4.9234e-09 3.9003e-08 8.7261e-08 1.2229e-07
9.4600e+02 3.9365e-11 4.9353e-09 3.9097e-08 8.6728e-08 1.2332e-07
9.4500e+02 3.9395e-11 4.9331e-09 3.9078e-08 8.6836e-08 1.2312e-07
9.4800e+02 3.9306e-11 4.9390e-09 3.9136e-08 8.6509e-08 1.2374e-07
9.4700e+02 3.9335e-11 4.9373e-09 3.9116e-08 8.6619e-08 1.2353e-07
9.5000e+02 3.9246e-11 4.9426e-09 3.9175e-08 8.6292e-08 1.2415e-07
9.4900e+02 3.9276e-11 4.9409e-09 3.9155e-08 8.6401e-08 1.2394e-07
9.5100e+02 3.9216e-11 4.9440e-09 3.9196e-08 8.6180e-08 1.2436e-07
9.5200e+02 3.9187e-11 4.9453e-09 3.9216e-08 8.6069e-08 1.2456e-07
9.5300e+02 3.9157e-11 4.9466e-09 3.9237e-08 8.5958e-08 1.2477e-07
9.5400e+02 3.9127e-11 4.9480e-09 3.9258e-08 8.5848e-08 1.2498e-07
9.5500e+02 3.9097e-11 4.9492e-09 3.9279e-08 8.5737e-08 1.2519e-07
9.5600e+02 3.9068e-11 4.9501e-09 3.9301e-08 8.5624e-08 1.2539e-07
9.5700e+02 3.9038e-11 4.9510e-09 3.9324e-08 8.5510e-08 1.2560e-07
9.6200e+02 3.8888e-11 4.9536e-09 3.9442e-08 8.4954e-08 1.2662e-07
9.5800e+02 3.9008e-11 4.9516e-09 3.9346e-08 8.5401e-08 1.2580e-07
9.5900e+02 3.8978e-11 4.9523e-09 3.9369e-08 8.5290e-08 1.2601e-07
9.6000e+02 3.8948e-11 4.9529e-09 3.9393e-08 8.5177e-08 1.2621e-07
9.6300e+02 3.8858e-11 4.9539e-09 3.9467e-08 8.4842e-08 1.2683e-07
9.6700e+02 3.8738e-11 4.9539e-09 3.9574e-08 8.4396e-08 1.2763e-07
9.6100e+02 3.8918e-11 4.9534e-09 3.9417e-08 8.5064e-08 1.2642e-07
9.6400e+02 3.8828e-11 4.9540e-09 3.9493e-08 8.4729e-08 1.2703e-07
9.6600e+02 3.8768e-11 4.9538e-09 3.9546e-08 8.4507e-08 1.2743e-07
9.6500e+02 3.8798e-11 4.9539e-09 3.9519e-08 8.4617e-08 1.2723e-07
9.7000e+02 3.8647e-11 4.9528e-09 3.9661e-08 8.4064e-08 1.2823e-07
9.6900e+02 3.8677e-11 4.9531e-09 3.9632e-08 8.4174e-08 1.2803e-07
9.6800e+02 3.8708e-11 4.9535e-09 3.9603e-08 8.4285e-08 1.2783e-07
9.7200e+02 3.8586e-11 4.9516e-09 3.9723e-08 8.3845e-08 1.2862e-07
9.7500e+02 3.8495e-11 4.9490e-09 3.9822e-08 8.3521e-08 1.2921e-07
9.7100e+02 3.8617e-11 4.9521e-09 3.9692e-08 8.3956e-08 1.2843e-07
9.7600e+02 3.8464e-11 4.9480e-09 3.9857e-08 8.3414e-08 1.2940e-07
9.7300e+02 3.8556e-11 4.9506e-09 3.9756e-08 8.3737e-08 1.2882e-07
9.7400e+02 3.8525e-11 4.9500e-09 3.9789e-08 8.3629e-08 1.2901e-07
9.7800e+02 3.8403e-11 4.9458e-09 3.9929e-08 8.3203e-08 1.2978e-07
9.7900e+02 3.8372e-11 4.9444e-09 3.9966e-08 8.3098e-08 1.2997e-07
9.8000e+02 3.8341e-11 4.9432e-09 4.0004e-08 8.2993e-08 1.3015e-07
9.7700e+02 3.8434e-11 4.9468e-09 3.9892e-08 8.3309e-08 1.2959e-07
9.8200e+02 3.8279e-11 4.9402e-09 4.0084e-08 8.2788e-08 1.3052e-07
9.8100e+02 3.8311e-11 4.9417e-09 4.0043e-08 8.2890e-08 1.3034e-07
9.8400e+02 3.8217e-11 4.9370e-09 4.0167e-08 8.2585e-08 1.3088e-07
9.8500e+02 3.8186e-11 4.9351e-09 4.0210e-08 8.2484e-08 1.3106e-07
9.8900e+02 3.8061e-11 4.9277e-09 4.0392e-08 8.2095e-08 1.3177e-07
9.8800e+02 3.8092e-11 4.9294e-09 4.0345e-08 8.2190e-08 1.3159e-07
9.8300e+02 3.8248e-11 4.9387e-09 4.0125e-08 8.2687e-08 1.3070e-07
9.9000e+02 3.8029e-11 4.9256e-09 4.0440e-08 8.2001e-08 1.3194e-07
9.8700e+02 3.8123e-11 4.9315e-09 4.0299e-08 8.2290e-08 1.3142e-07
9.8600e+02 3.8155e-11 4.9335e-09 4.0254e-08 8.2387e-08 1.3124e-07
9.9500e+02 3.7870e-11 4.9140e-09 4.0697e-08 8.1540e-08 1.3277e-07
9.9400e+02 3.7902e-11 4.9165e-09 4.0643e-08 8.1631e-08 1.3261e-07
9.9300e+02 3.7934e-11 4.9188e-09 4.0591e-08 8.1721e-08 1.3244e-07
9.9600e+02 3.7838e-11 4.9117e-09 4.0751e-08 8.1452e-08 1.3293e-07
9.9200e+02 3.7965e-11 4.9210e-09 4.0540e-08 8.1812e-08 1.3228e-07
9.9100e+02 3.7997e-11 4.9233e-09 4.0489e-08 8.1907e-08 1.3211e-07
9.9800e+02 3.7773e-11 4.9064e-09 4.0864e-08 8.1280e-08 1.3325e-07
9.9700e+02 3.7806e-11 4.9091e-09 4.0807e-08 8.1366e-08 1.3309e-07
1.0000e+03 3.7709e-11 4.9013e-09 4.0980e-08 8.1110e-08 1.3356e-07
9.9900e+02 3.7741e-11 4.9039e-09 4.0921e-08 8.1194e-08 1.3340e-07
