4.0000e+00 3.0387e-07 9.0420e-08 3.0397e-08 1.0984e-04 7.2736e-08
7.0000e+00 9.4180e-08 2.6310e-07 5.5765e-08 2.7356e-05 1.3347e-07
5.0000e+00 1.8948e-07 1.4307e-07 3.7832e-08 6.2246e-05 9.0604e-08
1.8000e+01 1.3793e-08 1.5607e-07 1.9124e-07 3.3816e-06 4.6081e-07
2.0000e+01 1.1167e-08 1.2825e-07 2.2431e-07 2.7115e-06 5.4144e-07
3.2000e+01 4.3836e-09 5.1290e-08 4.2625e-07 1.0429e-06 1.0300e-06
1.0000e+01 4.5251e-08 3.2122e-07 8.4864e-08 1.2098e-05 2.0335e-07
1.1000e+01 3.7275e-08 3.0808e-07 9.5696e-08 9.7776e-06 2.2933e-07
1.3000e+01 2.6597e-08 2.6345e-07 1.2131e-07 6.7730e-06 2.9178e-07
4.3000e+01 2.4571e-09 2.8919e-08 6.0825e-07 5.8509e-07 1.4174e-06
4.0000e+01 2.8301e-09 3.3227e-08 5.8560e-07 6.7223e-07 1.3826e-06
2.5000e+01 7.1531e-09 8.3243e-08 3.1528e-07 1.7125e-06 7.6282e-07
3.6000e+01 3.4745e-09 4.0724e-08 5.0406e-07 8.2572e-07 1.2002e-06
4.4000e+01 2.3519e-09 2.7693e-08 6.1229e-07 5.5992e-07 1.4321e-06
3.3000e+01 4.1232e-09 4.8281e-08 4.5201e-07 9.8062e-07 1.0968e-06
3.5000e+01 3.6724e-09 4.3027e-08 4.9705e-07 8.7280e-07 1.1799e-06
2.1000e+01 1.0123e-08 1.1674e-07 2.3634e-07 2.4538e-06 5.7113e-07
2.2000e+01 9.2241e-09 1.0683e-07 2.6119e-07 2.2253e-06 6.3355e-07
1.2000e+01 3.1253e-08 2.8735e-07 1.0792e-07 8.0775e-06 2.5880e-07
3.4000e+01 3.8940e-09 4.5568e-08 4.8617e-07 9.2420e-07 1.1629e-06
2.4000e+01 7.7569e-09 9.0187e-08 2.8442e-07 1.8645e-06 6.9028e-07
4.1000e+01 2.6976e-09 3.1691e-08 5.9404e-07 6.4112e-07 1.3898e-06
1.9000e+01 1.2369e-08 1.4129e-07 2.0869e-07 3.0177e-06 5.0594e-07
1.7000e+01 1.5469e-08 1.7328e-07 1.7729e-07 3.8115e-06 4.2933e-07
4.2000e+01 2.5731e-09 3.0254e-08 5.9991e-07 6.1201e-07 1.4020e-06
4.9000e+01 1.9108e-09 2.2586e-08 6.8080e-07 4.5661e-07 1.5447e-06
3.0000e+00 5.6586e-07 5.0221e-08 2.4080e-08 2.3214e-04 5.7565e-08
5.7000e+01 1.4325e-09 1.7071e-08 6.8632e-07 3.4540e-07 1.5315e-06
4.6000e+01 2.1562e-09 2.5444e-08 6.3465e-07 5.1449e-07 1.4818e-06
5.1000e+01 1.7695e-09 2.0957e-08 6.7996e-07 4.2373e-07 1.5257e-06
3.0000e+01 4.9813e-09 5.8195e-08 4.0432e-07 1.1856e-06 9.7145e-07
2.7000e+01 6.1323e-09 7.1545e-08 3.3841e-07 1.4665e-06 8.1904e-07
3.7000e+01 3.2979e-09 3.8663e-08 5.1268e-07 7.8313e-07 1.2271e-06
4.5000e+01 2.2518e-09 2.6538e-08 6.1667e-07 5.3654e-07 1.4503e-06
9.0000e+00 5.6193e-08 3.2297e-07 7.5242e-08 1.5308e-05 1.8022e-07
2.3000e+01 8.4342e-09 9.7854e-08 2.7392e-07 2.0312e-06 6.5963e-07
2.6000e+01 6.6117e-09 7.7049e-08 3.2961e-07 1.5818e-06 7.9527e-07
4.7000e+01 2.0695e-09 2.4425e-08 6.5302e-07 4.9378e-07 1.5223e-06
8.0000e+00 7.1379e-08 2.9889e-07 6.4552e-08 2.0065e-05 1.5496e-07
1.6000e+01 1.7478e-08 1.9240e-07 1.6230e-07 4.3355e-06 3.9116e-07
1.4000e+01 2.2869e-08 2.3887e-07 1.3742e-07 5.7562e-06 3.3005e-07
3.1000e+01 4.6647e-09 5.4550e-08 4.1495e-07 1.1105e-06 9.9413e-07
4.8000e+01 1.9878e-09 2.3476e-08 6.7306e-07 4.7454e-07 1.5462e-06
6.0000e+00 1.2932e-07 1.9867e-07 4.5702e-08 3.9758e-05 1.0972e-07
5.6000e+01 1.4816e-09 1.7636e-08 6.7897e-07 3.5675e-07 1.5174e-06
3.8000e+01 3.1284e-09 3.6706e-08 5.2537e-07 7.4338e-07 1.2705e-06
3.9000e+01 2.9718e-09 3.4894e-08 5.5425e-07 7.0622e-07 1.3246e-06
2.9000e+01 5.3218e-09 6.2161e-08 3.9047e-07 1.2678e-06 9.4310e-07
1.5000e+01 1.9901e-08 2.1371e-07 1.4642e-07 4.9783e-06 3.5546e-07
5.5000e+01 1.5324e-09 1.8229e-08 6.6842e-07 3.6865e-07 1.5163e-06
5.2000e+01 1.7042e-09 2.0210e-08 6.7872e-07 4.0874e-07 1.5249e-06
2.8000e+01 5.7106e-09 6.6639e-08 3.5916e-07 1.3627e-06 8.7831e-07
5.0000e+01 1.8387e-09 2.1748e-08 6.8034e-07 4.3975e-07 1.5332e-06
2.0000e+00 1.3838e-06 2.2654e-08 1.9382e-08 6.4332e-04 4.6272e-08
5.3000e+01 1.6430e-09 1.9507e-08 6.7634e-07 3.9462e-07 1.5233e-06
5.4000e+01 1.5859e-09 1.8849e-08 6.6934e-07 3.8130e-07 1.5136e-06
7.3000e+01 9.0472e-10 1.1025e-08 6.0131e-07 2.2405e-07 1.2428e-06
5.9000e+01 1.3419e-09 1.6030e-08 6.9412e-07 3.2452e-07 1.5066e-06
6.1000e+01 1.2603e-09 1.5093e-08 6.8348e-07 3.0568e-07 1.4674e-06
6.2000e+01 1.2223e-09 1.4658e-08 6.7290e-07 2.9702e-07 1.4497e-06
7.1000e+01 9.5156e-10 1.1558e-08 6.1213e-07 2.3483e-07 1.2862e-06
7.4000e+01 8.8271e-10 1.0772e-08 5.9083e-07 2.1906e-07 1.2206e-06
6.4000e+01 1.1521e-09 1.3855e-08 6.5698e-07 2.8088e-07 1.4092e-06
7.5000e+01 8.6181e-10 1.0532e-08 5.8531e-07 2.1423e-07 1.1983e-06
6.7000e+01 1.0588e-09 1.2784e-08 6.2993e-07 2.5934e-07 1.3472e-06
6.3000e+01 1.1864e-09 1.4247e-08 6.6994e-07 2.8871e-07 1.4310e-06
7.7000e+01 8.2173e-10 1.0079e-08 5.6523e-07 2.0518e-07 1.1520e-06
7.6000e+01 8.4131e-10 1.0301e-08 5.7685e-07 2.0961e-07 1.1762e-06
6.0000e+01 1.3002e-09 1.5551e-08 6.9001e-07 3.1485e-07 1.4872e-06
9.4000e+01 5.7938e-10 7.3562e-09 4.2407e-07 1.5095e-07 8.3607e-07
6.9000e+01 1.0029e-09 1.2144e-08 6.2477e-07 2.4651e-07 1.3159e-06
8.4000e+01 7.0383e-10 8.7489e-09 4.9755e-07 1.7863e-07 1.0050e-06
6.6000e+01 1.0889e-09 1.3127e-08 6.4430e-07 2.6616e-07 1.3693e-06
8.6000e+01 6.7537e-10 8.4286e-09 4.8082e-07 1.7223e-07 9.6979e-07
6.5000e+01 1.1199e-09 1.3483e-08 6.5104e-07 2.7334e-07 1.3902e-06
9.3000e+01 5.8997e-10 7.4748e-09 4.3074e-07 1.5328e-07 8.5204e-07
8.8000e+01 6.4859e-10 8.1304e-09 4.6396e-07 1.6636e-07 9.3436e-07
9.1000e+01 6.1237e-10 7.7230e-09 4.4779e-07 1.5823e-07 8.8636e-07
8.7000e+01 6.6166e-10 8.2763e-09 4.7281e-07 1.6924e-07 9.5159e-07
8.5000e+01 6.8937e-10 8.5862e-09 4.8996e-07 1.7536e-07 9.8701e-07
8.1000e+01 7.5047e-10 9.2751e-09 5.2659e-07 1.8912e-07 1.0655e-06
6.8000e+01 1.0305e-09 1.2456e-08 6.2480e-07 2.5277e-07 1.3342e-06
8.3000e+01 7.1865e-10 8.9168e-09 5.0452e-07 1.8202e-07 1.0249e-06
9.0000e+01 6.2418e-10 7.8538e-09 4.5425e-07 1.6084e-07 9.0406e-07
1.0000e+02 5.2202e-10 6.7258e-09 3.8141e-07 1.3847e-07 7.4479e-07
1.0400e+02 4.8932e-10 6.3695e-09 3.5675e-07 1.3148e-07 6.9180e-07
9.9000e+01 5.3094e-10 6.8224e-09 3.8921e-07 1.4036e-07 7.5905e-07
8.0000e+01 7.6716e-10 9.4644e-09 5.3686e-07 1.9291e-07 1.0878e-06
9.6000e+01 5.5925e-10 7.1324e-09 4.1147e-07 1.4651e-07 8.0428e-07
8.9000e+01 6.3625e-10 7.9900e-09 4.5761e-07 1.6355e-07 9.1956e-07
7.0000e+01 9.7641e-10 1.1845e-08 6.1187e-07 2.4053e-07 1.2981e-06
1.0700e+02 4.6710e-10 6.1319e-09 3.3785e-07 1.2679e-07 6.5350e-07
1.0200e+02 5.0518e-10 6.5414e-09 3.6812e-07 1.3489e-07 7.1808e-07
9.5000e+01 5.6918e-10 7.2420e-09 4.1738e-07 1.4870e-07 8.2014e-07
7.9000e+01 7.8471e-10 9.6597e-09 5.4511e-07 1.9687e-07 1.1088e-06
1.0100e+02 5.1343e-10 6.6322e-09 3.7431e-07 1.3664e-07 7.3138e-07
7.8000e+01 8.0281e-10 9.8648e-09 5.5320e-07 2.0096e-07 1.1301e-06
7.2000e+01 9.2775e-10 1.1286e-08 6.1024e-07 2.2932e-07 1.2629e-06
1.1000e+02 4.4676e-10 5.9153e-09 3.2038e-07 1.2258e-07 6.1953e-07
9.7000e+01 5.4949e-10 7.0254e-09 4.0462e-07 1.4439e-07 7.8919e-07
1.0300e+02 4.9712e-10 6.4539e-09 3.6253e-07 1.3316e-07 7.0483e-07
1.0800e+02 4.6009e-10 6.0574e-09 3.3165e-07 1.2534e-07 6.4152e-07
9.2000e+01 6.0100e-10 7.5970e-09 4.3976e-07 1.5570e-07 8.6809e-07
9.8000e+01 5.4004e-10 6.9224e-09 3.9704e-07 1.4234e-07 7.7419e-07
5.8000e+01 1.3859e-09 1.6535e-08 6.9498e-07 3.3469e-07 1.5205e-06
1.0500e+02 4.8168e-10 6.2878e-09 3.5075e-07 1.2986e-07 6.7904e-07
1.0600e+02 4.7423e-10 6.2085e-09 3.4437e-07 1.2830e-07 6.6615e-07
1.1200e+02 4.3430e-10 5.7820e-09 3.1131e-07 1.1998e-07 5.9854e-07
1.0900e+02 4.5328e-10 5.9852e-09 3.2570e-07 1.2394e-07 6.3033e-07
1.1100e+02 4.4044e-10 5.8474e-09 3.1564e-07 1.2126e-07 6.0898e-07
8.2000e+01 7.3423e-10 9.0929e-09 5.1463e-07 1.8550e-07 1.0440e-06
1.1300e+02 4.2826e-10 5.7183e-09 3.0725e-07 1.1873e-07 5.8828e-07
1.1400e+02 4.2235e-10 5.6569e-09 3.0236e-07 1.1752e-07 5.7822e-07
1.1500e+02 4.1660e-10 5.5969e-09 2.9747e-07 1.1635e-07 5.6837e-07
1.1700e+02 4.0553e-10 5.4823e-09 2.8788e-07 1.1414e-07 5.5005e-07
1.2300e+02 3.7577e-10 5.1800e-09 2.6377e-07 1.0836e-07 4.9811e-07
1.2100e+02 3.8514e-10 5.2743e-09 2.7151e-07 1.1017e-07 5.1468e-07
1.2200e+02 3.8040e-10 5.2264e-09 2.6763e-07 1.0925e-07 5.0627e-07
1.2000e+02 3.9002e-10 5.3240e-09 2.7518e-07 1.1111e-07 5.2331e-07
1.1900e+02 3.9501e-10 5.3751e-09 2.7948e-07 1.1208e-07 5.3212e-07
1.2500e+02 3.6673e-10 5.0909e-09 2.5611e-07 1.0667e-07 4.8199e-07
1.1800e+02 4.0018e-10 5.4283e-09 2.8367e-07 1.1309e-07 5.4109e-07
1.4100e+02 3.0840e-10 4.5547e-09 2.0270e-07 9.6844e-08 3.7577e-07
1.2800e+02 3.5400e-10 4.9676e-09 2.4433e-07 1.0435e-07 4.5878e-07
1.2400e+02 3.7122e-10 5.1343e-09 2.6030e-07 1.0751e-07 4.8993e-07
1.3300e+02 3.3480e-10 4.7879e-09 2.2660e-07 1.0102e-07 4.2413e-07
1.3000e+02 3.4599e-10 4.8925e-09 2.3673e-07 1.0293e-07 4.4436e-07
1.3200e+02 3.3848e-10 4.8212e-09 2.2993e-07 1.0163e-07 4.3071e-07
1.2900e+02 3.4996e-10 4.9292e-09 2.4057e-07 1.0363e-07 4.5141e-07
1.3400e+02 3.3124e-10 4.7550e-09 2.2357e-07 1.0043e-07 4.1761e-07
1.3100e+02 3.4216e-10 4.8565e-09 2.3323e-07 1.0226e-07 4.3749e-07
1.1600e+02 4.1097e-10 5.5392e-09 2.9238e-07 1.1522e-07 5.5901e-07
1.3500e+02 3.2779e-10 4.7233e-09 2.2061e-07 9.9857e-08 4.1125e-07
1.4500e+02 2.9682e-10 4.4615e-09 1.9150e-07 9.5241e-08 3.5463e-07
1.2600e+02 3.6237e-10 5.0483e-09 2.5225e-07 1.0587e-07 4.7411e-07
1.4300e+02 3.0247e-10 4.5065e-09 1.9683e-07 9.6001e-08 3.6492e-07
1.4900e+02 2.8621e-10 4.3814e-09 1.8175e-07 9.3954e-08 3.3550e-07
1.3900e+02 3.1459e-10 4.6073e-09 2.0846e-07 9.7764e-08 3.8722e-07
1.2700e+02 3.5814e-10 5.0075e-09 2.4838e-07 1.0509e-07 4.6633e-07
1.4800e+02 2.8875e-10 4.4004e-09 1.8405e-07 9.4247e-08 3.4017e-07
1.3800e+02 3.1779e-10 4.6346e-09 2.1155e-07 9.8259e-08 3.9306e-07
1.3700e+02 3.2105e-10 4.6632e-09 2.1448e-07 9.8772e-08 3.9902e-07
1.4200e+02 3.0541e-10 4.5302e-09 1.9972e-07 9.6412e-08 3.7025e-07
1.4700e+02 2.9137e-10 4.4201e-09 1.8634e-07 9.4558e-08 3.4492e-07
1.4000e+02 3.1144e-10 4.5806e-09 2.0553e-07 9.7293e-08 3.8145e-07
1.5700e+02 2.6750e-10 4.2574e-09 1.6448e-07 9.2166e-08 3.0120e-07
1.5100e+02 2.8127e-10 4.3462e-09 1.7727e-07 9.3415e-08 3.2643e-07
1.5500e+02 2.7191e-10 4.2844e-09 1.6857e-07 9.2516e-08 3.0928e-07
1.6000e+02 2.6119e-10 4.2227e-09 1.5845e-07 9.1758e-08 2.8967e-07
1.5300e+02 2.7651e-10 4.3134e-09 1.7301e-07 9.2939e-08 3.1765e-07
1.5000e+02 2.8372e-10 4.3632e-09 1.7946e-07 9.3677e-08 3.3094e-07
1.5600e+02 2.6968e-10 4.2706e-09 1.6652e-07 9.2333e-08 3.0520e-07
1.5800e+02 2.6536e-10 4.2453e-09 1.6238e-07 9.2013e-08 2.9729e-07
1.4400e+02 2.9961e-10 4.4836e-09 1.9413e-07 9.5610e-08 3.5970e-07
1.5900e+02 2.6327e-10 4.2337e-09 1.6035e-07 9.1877e-08 2.9347e-07
1.5400e+02 2.7420e-10 4.2985e-09 1.7074e-07 9.2720e-08 3.1344e-07
1.6100e+02 2.5918e-10 4.2124e-09 1.5654e-07 9.1652e-08 2.8595e-07
1.6300e+02 2.5526e-10 4.1943e-09 1.5263e-07 9.1483e-08 2.7876e-07
1.4600e+02 2.9406e-10 4.4402e-09 1.8883e-07 9.4891e-08 3.4974e-07
1.6200e+02 2.5720e-10 4.2031e-09 1.5456e-07 9.1559e-08 2.8231e-07
1.6500e+02 2.5148e-10 4.1786e-09 1.4906e-07 9.1382e-08 2.7188e-07
1.5200e+02 2.7886e-10 4.3296e-09 1.7519e-07 9.3169e-08 3.2199e-07
1.6800e+02 2.4612e-10 4.1597e-09 1.4395e-07 9.1347e-08 2.6206e-07
1.6600e+02 2.4967e-10 4.1715e-09 1.4736e-07 9.1356e-08 2.6854e-07
1.3600e+02 3.2439e-10 4.6931e-09 2.1742e-07 9.9301e-08 4.0508e-07
1.6700e+02 2.4788e-10 4.1652e-09 1.4563e-07 9.1345e-08 2.6527e-07
1.6400e+02 2.5334e-10 4.1862e-09 1.5079e-07 9.1424e-08 2.7529e-07
1.6900e+02 2.4439e-10 4.1547e-09 1.4238e-07 9.1366e-08 2.5888e-07
1.7000e+02 2.4271e-10 4.1500e-09 1.4083e-07 9.1400e-08 2.5573e-07
1.7500e+02 2.3469e-10 4.1359e-09 1.3312e-07 9.1785e-08 2.4098e-07
1.7200e+02 2.3944e-10 4.1424e-09 1.3767e-07 9.1511e-08 2.4965e-07
1.7100e+02 2.4106e-10 4.1459e-09 1.3926e-07 9.1448e-08 2.5266e-07
1.7900e+02 2.2872e-10 4.1347e-09 1.2728e-07 9.2350e-08 2.3008e-07
1.8800e+02 2.1663e-10 4.1664e-09 1.1558e-07 9.4482e-08 2.0828e-07
1.7400e+02 2.3625e-10 4.1376e-09 1.3457e-07 9.1679e-08 2.4382e-07
1.7700e+02 2.3166e-10 4.1340e-09 1.3020e-07 9.2039e-08 2.3543e-07
1.8400e+02 2.2179e-10 4.1464e-09 1.2053e-07 9.3386e-08 2.1750e-07
1.8700e+02 2.1789e-10 4.1605e-09 1.1676e-07 9.4186e-08 2.1052e-07
1.8500e+02 2.2047e-10 4.1505e-09 1.1923e-07 9.3637e-08 2.1513e-07
1.7600e+02 2.3316e-10 4.1347e-09 1.3166e-07 9.1904e-08 2.3817e-07
1.8200e+02 2.2449e-10 4.1400e-09 1.2320e-07 9.2928e-08 2.2238e-07
1.7800e+02 2.3018e-10 4.1340e-09 1.2872e-07 9.2188e-08 2.3272e-07
1.9800e+02 2.0512e-10 4.2546e-09 1.0481e-07 9.8349e-08 1.8785e-07
1.8000e+02 2.2728e-10 4.1360e-09 1.2589e-07 9.2527e-08 2.2747e-07
1.9200e+02 2.1182e-10 4.1949e-09 1.1099e-07 9.5832e-08 1.9969e-07
1.9100e+02 2.1299e-10 4.1868e-09 1.1210e-07 9.5470e-08 2.0179e-07
1.8900e+02 2.1540e-10 4.1727e-09 1.1441e-07 9.4795e-08 2.0607e-07
1.8600e+02 2.1917e-10 4.1552e-09 1.1798e-07 9.3904e-08 2.1281e-07
1.8300e+02 2.2313e-10 4.1429e-09 1.2186e-07 9.3149e-08 2.1992e-07
2.0100e+02 2.0197e-10 4.2923e-09 1.0195e-07 9.9831e-08 1.8239e-07
1.9900e+02 2.0406e-10 4.2665e-09 1.0383e-07 9.8827e-08 1.8600e-07
1.9000e+02 2.1419e-10 4.1794e-09 1.1325e-07 9.5125e-08 2.0391e-07
1.9300e+02 2.1065e-10 4.2037e-09 1.0993e-07 9.6208e-08 1.9763e-07
1.8100e+02 2.2587e-10 4.1378e-09 1.2453e-07 9.2721e-08 2.2490e-07
1.9500e+02 2.0838e-10 4.2226e-09 1.0786e-07 9.7014e-08 1.9361e-07
1.9400e+02 2.0951e-10 4.2130e-09 1.0889e-07 9.6602e-08 1.9560e-07
1.9700e+02 2.0619e-10 4.2432e-09 1.0582e-07 9.7888e-08 1.8973e-07
2.1200e+02 1.9139e-10 4.4727e-09 9.2569e-08 1.0665e-07 1.6458e-07
2.0300e+02 1.9993e-10 4.3198e-09 1.0012e-07 1.0091e-07 1.7891e-07
2.0200e+02 2.0094e-10 4.3059e-09 1.0103e-07 1.0036e-07 1.8063e-07
1.9600e+02 2.0728e-10 4.2326e-09 1.0684e-07 9.7443e-08 1.9165e-07
2.0800e+02 1.9508e-10 4.3987e-09 9.5760e-08 1.0391e-07 1.7069e-07
2.0000e+02 2.0301e-10 4.2791e-09 1.0288e-07 9.9320e-08 1.8419e-07
2.1800e+02 1.8618e-10 4.6019e-09 8.8126e-08 1.1136e-07 1.5619e-07
2.0600e+02 1.9700e-10 4.3652e-09 9.7442e-08 1.0266e-07 1.7390e-07
2.0900e+02 1.9414e-10 4.4164e-09 9.4951e-08 1.0457e-07 1.6912e-07
2.1000e+02 1.9321e-10 4.4347e-09 9.4153e-08 1.0524e-07 1.6759e-07
2.0700e+02 1.9604e-10 4.3816e-09 9.6587e-08 1.0328e-07 1.7228e-07
2.0400e+02 1.9894e-10 4.3343e-09 9.9216e-08 1.0147e-07 1.7721e-07
2.1500e+02 1.8875e-10 4.5342e-09 9.0258e-08 1.0892e-07 1.6028e-07
2.1100e+02 1.9229e-10 4.4535e-09 9.3360e-08 1.0594e-07 1.6607e-07
2.2200e+02 1.8288e-10 4.7003e-09 8.5461e-08 1.1493e-07 1.5107e-07
2.1600e+02 1.8789e-10 4.5561e-09 8.9526e-08 1.0971e-07 1.5889e-07
2.1700e+02 1.8703e-10 4.5786e-09 8.8816e-08 1.1053e-07 1.5753e-07
2.1300e+02 1.9050e-10 4.4924e-09 9.1785e-08 1.0739e-07 1.6312e-07
2.1400e+02 1.8962e-10 4.5130e-09 9.1012e-08 1.0814e-07 1.6169e-07
2.2000e+02 1.8451e-10 4.6501e-09 8.6780e-08 1.1310e-07 1.5358e-07
1.7300e+02 2.3783e-10 4.1397e-09 1.3609e-07 9.1588e-08 2.4671e-07
2.1900e+02 1.8534e-10 4.6258e-09 8.7449e-08 1.1222e-07 1.5488e-07
2.2300e+02 1.8208e-10 4.7263e-09 8.4819e-08 1.1588e-07 1.4984e-07
2.2100e+02 1.8369e-10 4.6749e-09 8.6116e-08 1.1401e-07 1.5231e-07
2.2400e+02 1.8129e-10 4.7532e-09 8.4191e-08 1.1686e-07 1.4863e-07
2.2500e+02 1.8050e-10 4.7808e-09 8.3585e-08 1.1785e-07 1.4745e-07
2.0500e+02 1.9796e-10 4.3494e-09 9.8319e-08 1.0205e-07 1.7554e-07
2.2600e+02 1.7972e-10 4.8092e-09 8.2996e-08 1.1887e-07 1.4628e-07
2.2800e+02 1.7817e-10 4.8680e-09 8.1860e-08 1.2098e-07 1.4399e-07
2.3300e+02 1.7444e-10 5.0252e-09 7.9121e-08 1.2670e-07 1.3858e-07
2.2900e+02 1.7741e-10 4.8982e-09 8.1305e-08 1.2207e-07 1.4287e-07
2.3000e+02 1.7665e-10 4.9290e-09 8.0746e-08 1.2319e-07 1.4177e-07
2.3100e+02 1.7591e-10 4.9603e-09 8.0196e-08 1.2434e-07 1.4069e-07
2.3200e+02 1.7517e-10 4.9924e-09 7.9651e-08 1.2551e-07 1.3962e-07
2.3500e+02 1.7299e-10 5.0929e-09 7.8094e-08 1.2917e-07 1.3655e-07
2.4000e+02 1.6945e-10 5.2749e-09 7.5710e-08 1.3583e-07 1.3175e-07
2.4200e+02 1.6806e-10 5.3523e-09 7.4794e-08 1.3868e-07 1.2994e-07
2.3400e+02 1.7372e-10 5.0587e-09 7.8602e-08 1.2792e-07 1.3756e-07
2.3600e+02 1.7228e-10 5.1277e-09 7.7597e-08 1.3045e-07 1.3556e-07
2.2700e+02 1.7894e-10 4.8383e-09 8.2423e-08 1.1991e-07 1.4513e-07
2.3900e+02 1.7015e-10 5.2370e-09 7.6174e-08 1.3444e-07 1.3268e-07
2.4300e+02 1.6738e-10 5.3919e-09 7.4350e-08 1.4015e-07 1.2906e-07
2.4400e+02 1.6670e-10 5.4322e-09 7.3914e-08 1.4164e-07 1.2819e-07
2.4700e+02 1.6469e-10 5.5573e-09 7.2655e-08 1.4630e-07 1.2567e-07
2.5400e+02 1.6006e-10 5.8741e-09 6.9958e-08 1.5815e-07 1.2026e-07
2.4100e+02 1.6875e-10 5.3133e-09 7.5250e-08 1.3724e-07 1.3083e-07
2.3700e+02 1.7156e-10 5.1633e-09 7.7112e-08 1.3176e-07 1.3458e-07
2.4500e+02 1.6603e-10 5.4731e-09 7.3487e-08 1.4317e-07 1.2733e-07
2.3800e+02 1.7085e-10 5.1997e-09 7.6640e-08 1.3309e-07 1.3362e-07
2.5900e+02 1.5686e-10 6.1190e-09 6.8209e-08 1.6743e-07 1.1680e-07
2.5100e+02 1.6203e-10 5.7345e-09 7.1082e-08 1.5291e-07 1.2249e-07
2.5500e+02 1.5942e-10 5.9219e-09 6.9594e-08 1.5995e-07 1.1955e-07
2.4900e+02 1.6335e-10 5.6444e-09 7.1857e-08 1.4955e-07 1.2405e-07
2.4800e+02 1.6402e-10 5.6005e-09 7.2250e-08 1.4791e-07 1.2485e-07
2.6100e+02 1.5559e-10 6.2212e-09 6.7561e-08 1.7132e-07 1.1550e-07
2.5300e+02 1.6071e-10 5.8269e-09 7.0327e-08 1.5638e-07 1.2099e-07
2.5800e+02 1.5749e-10 6.0688e-09 6.8545e-08 1.6552e-07 1.1747e-07
2.5000e+02 1.6269e-10 5.6891e-09 7.1468e-08 1.5122e-07 1.2327e-07
2.6200e+02 1.5496e-10 6.2732e-09 6.7247e-08 1.7329e-07 1.1487e-07
2.4600e+02 1.6536e-10 5.5148e-09 7.3068e-08 1.4472e-07 1.2649e-07
2.6400e+02 1.5370e-10 6.3791e-09 6.6631e-08 1.7731e-07 1.1364e-07
2.6000e+02 1.5622e-10 6.1698e-09 6.7882e-08 1.6936e-07 1.1615e-07
2.5200e+02 1.6137e-10 5.7804e-09 7.0704e-08 1.5463e-07 1.2174e-07
2.7400e+02 1.4755e-10 6.9321e-09 6.3830e-08 1.9833e-07 1.0814e-07
2.6700e+02 1.5183e-10 6.5415e-09 6.5733e-08 1.8347e-07 1.1188e-07
2.6800e+02 1.5122e-10 6.5964e-09 6.5440e-08 1.8556e-07 1.1132e-07
2.5600e+02 1.5877e-10 5.9703e-09 6.9235e-08 1.6179e-07 1.1884e-07
2.6300e+02 1.5433e-10 6.3259e-09 6.6936e-08 1.7529e-07 1.1425e-07
2.5700e+02 1.5813e-10 6.0193e-09 6.8887e-08 1.6364e-07 1.1815e-07
2.7100e+02 1.4938e-10 6.7629e-09 6.4609e-08 1.9190e-07 1.0969e-07
2.6900e+02 1.5060e-10 6.6515e-09 6.5158e-08 1.8766e-07 1.1076e-07
2.6600e+02 1.5245e-10 6.4870e-09 6.6027e-08 1.8140e-07 1.1246e-07
2.6500e+02 1.5308e-10 6.4328e-09 6.6327e-08 1.7934e-07 1.1304e-07
2.7000e+02 1.4999e-10 6.7070e-09 6.4881e-08 1.8978e-07 1.1022e-07
2.7200e+02 1.4877e-10 6.8190e-09 6.4343e-08 1.9404e-07 1.0916e-07
2.7700e+02 1.4573e-10 7.1037e-09 6.3089e-08 2.0477e-07 1.0669e-07
2.7300e+02 1.4816e-10 6.8754e-09 6.4085e-08 1.9618e-07 1.0865e-07
2.7600e+02 1.4634e-10 7.0463e-09 6.3332e-08 2.0263e-07 1.0716e-07
2.7500e+02 1.4694e-10 6.9890e-09 6.3580e-08 2.0048e-07 1.0765e-07
2.8000e+02 1.4393e-10 7.2765e-09 6.2363e-08 2.1117e-07 1.0531e-07
2.7800e+02 1.4513e-10 7.1613e-09 6.2843e-08 2.0692e-07 1.0622e-07
2.7900e+02 1.4453e-10 7.2189e-09 6.2603e-08 2.0904e-07 1.0576e-07
2.8100e+02 1.4333e-10 7.3338e-09 6.2129e-08 2.1328e-07 1.0487e-07
2.8200e+02 1.4273e-10 7.3910e-09 6.1897e-08 2.1537e-07 1.0444e-07
2.8400e+02 1.4155e-10 7.5046e-09 6.1443e-08 2.1948e-07 1.0361e-07
2.8500e+02 1.4095e-10 7.5612e-09 6.1220e-08 2.2150e-07 1.0320e-07
2.8300e+02 1.4214e-10 7.4479e-09 6.1670e-08 2.1744e-07 1.0402e-07
2.9100e+02 1.3743e-10 7.8920e-09 5.9945e-08 2.3287e-07 1.0094e-07
2.8900e+02 1.3860e-10 7.7840e-09 6.0359e-08 2.2924e-07 1.0166e-07
2.9000e+02 1.3802e-10 7.8384e-09 6.0151e-08 2.3108e-07 1.0130e-07
2.8800e+02 1.3919e-10 7.7291e-09 6.0568e-08 2.2737e-07 1.0204e-07
2.8700e+02 1.3978e-10 7.6736e-09 6.0782e-08 2.2545e-07 1.0242e-07
2.9400e+02 1.3569e-10 8.0485e-09 5.9332e-08 2.3791e-07 9.9911e-08
2.9200e+02 1.3685e-10 7.9449e-09 5.9741e-08 2.3461e-07 1.0059e-07
2.8600e+02 1.4036e-10 7.6175e-09 6.1001e-08 2.2349e-07 1.0281e-07
2.9600e+02 1.3453e-10 8.1490e-09 5.8928e-08 2.4096e-07 9.9264e-08
3.0300e+02 1.3052e-10 8.4653e-09 5.7550e-08 2.4924e-07 9.7217e-08
2.9900e+02 1.3280e-10 8.2922e-09 5.8330e-08 2.4499e-07 9.8347e-08
3.0000e+02 1.3223e-10 8.3376e-09 5.8134e-08 2.4618e-07 9.8055e-08
2.9700e+02 1.3395e-10 8.1979e-09 5.8727e-08 2.4238e-07 9.8953e-08
3.0100e+02 1.3166e-10 8.3815e-09 5.7938e-08 2.4728e-07 9.7771e-08
3.1100e+02 1.2601e-10 8.7333e-09 5.6035e-08 2.5334e-07 9.5237e-08
2.9800e+02 1.3337e-10 8.2456e-09 5.8529e-08 2.4372e-07 9.8648e-08
3.0400e+02 1.2995e-10 8.5049e-09 5.7358e-08 2.5008e-07 9.6950e-08
2.9500e+02 1.3511e-10 8.0992e-09 5.9131e-08 2.3947e-07 9.9583e-08
2.9300e+02 1.3627e-10 7.9970e-09 5.9537e-08 2.3629e-07 1.0025e-07
3.0800e+02 1.2769e-10 8.6464e-09 5.6600e-08 2.5253e-07 9.5937e-08
3.0200e+02 1.3109e-10 8.4242e-09 5.7743e-08 2.4831e-07 9.7490e-08
3.1000e+02 1.2657e-10 8.7062e-09 5.6225e-08 2.5316e-07 9.5467e-08
3.0900e+02 1.2713e-10 8.6773e-09 5.6411e-08 2.5290e-07 9.5698e-08
3.0700e+02 1.2825e-10 8.6137e-09 5.6788e-08 2.5206e-07 9.6182e-08
3.0500e+02 1.2938e-10 8.5429e-09 5.7165e-08 2.5084e-07 9.6686e-08
3.1500e+02 1.2378e-10 8.8224e-09 5.5274e-08 2.5302e-07 9.4381e-08
3.1900e+02 1.2157e-10 8.8774e-09 5.4509e-08 2.5113e-07 9.3605e-08
3.1800e+02 1.2212e-10 8.8671e-09 5.4700e-08 2.5175e-07 9.3789e-08
3.0600e+02 1.2882e-10 8.5791e-09 5.6976e-08 2.5150e-07 9.6431e-08
3.1300e+02 1.2489e-10 8.7818e-09 5.5657e-08 2.5338e-07 9.4797e-08
3.1400e+02 1.2433e-10 8.8031e-09 5.5465e-08 2.5325e-07 9.4588e-08
3.2400e+02 1.1885e-10 8.8950e-09 5.3554e-08 2.4672e-07 9.2735e-08
3.1200e+02 1.2545e-10 8.7586e-09 5.5846e-08 2.5340e-07 9.5016e-08
3.2500e+02 1.1831e-10 8.8917e-09 5.3364e-08 2.4558e-07 9.2575e-08
3.2200e+02 1.1993e-10 8.8948e-09 5.3936e-08 2.4874e-07 9.3073e-08
3.2300e+02 1.1939e-10 8.8962e-09 5.3744e-08 2.4777e-07 9.2902e-08
3.2000e+02 1.2102e-10 8.8855e-09 5.4319e-08 2.5042e-07 9.3425e-08
3.1600e+02 1.2322e-10 8.8395e-09 5.5085e-08 2.5268e-07 9.4182e-08
3.2600e+02 1.1777e-10 8.8860e-09 5.3174e-08 2.4437e-07 9.2418e-08
3.2100e+02 1.2048e-10 8.8913e-09 5.4127e-08 2.4963e-07 9.3244e-08
3.2900e+02 1.1617e-10 8.8551e-09 5.2600e-08 2.4031e-07 9.1967e-08
3.2700e+02 1.1724e-10 8.8780e-09 5.2984e-08 2.4308e-07 9.2267e-08
3.3300e+02 1.1406e-10 8.7831e-09 5.1823e-08 2.3405e-07 9.1414e-08
3.2800e+02 1.1670e-10 8.8677e-09 5.2792e-08 2.4173e-07 9.2114e-08
3.3400e+02 1.1353e-10 8.7601e-09 5.1624e-08 2.3234e-07 9.1284e-08
3.3200e+02 1.1458e-10 8.8043e-09 5.2018e-08 2.3569e-07 9.1550e-08
3.1700e+02 1.2267e-10 8.8544e-09 5.4893e-08 2.5226e-07 9.3986e-08
3.3100e+02 1.1511e-10 8.8233e-09 5.2212e-08 2.3729e-07 9.1685e-08
3.3000e+02 1.1564e-10 8.8404e-09 5.2406e-08 2.3884e-07 9.1820e-08
3.3500e+02 1.1301e-10 8.7350e-09 5.1428e-08 2.3061e-07 9.1155e-08
3.3600e+02 1.1249e-10 8.7079e-09 5.1232e-08 2.2881e-07 9.1036e-08
3.3700e+02 1.1197e-10 8.6791e-09 5.1033e-08 2.2699e-07 9.0911e-08
3.3900e+02 1.1094e-10 8.6158e-09 5.0636e-08 2.2325e-07 9.0674e-08
3.4100e+02 1.0991e-10 8.5455e-09 5.0239e-08 2.1938e-07 9.0449e-08
3.4000e+02 1.1042e-10 8.5815e-09 5.0438e-08 2.2132e-07 9.0560e-08
3.3800e+02 1.1145e-10 8.6483e-09 5.0835e-08 2.2513e-07 9.0793e-08
3.4200e+02 1.0941e-10 8.5078e-09 5.0040e-08 2.1742e-07 9.0336e-08
3.4300e+02 1.0890e-10 8.4688e-09 4.9843e-08 2.1543e-07 9.0231e-08
3.4600e+02 1.0739e-10 8.3426e-09 4.9251e-08 2.0938e-07 8.9918e-08
3.4500e+02 1.0789e-10 8.3861e-09 4.9449e-08 2.1141e-07 9.0020e-08
3.5000e+02 1.0542e-10 8.1568e-09 4.8459e-08 2.0123e-07 8.9521e-08
3.4400e+02 1.0839e-10 8.4280e-09 4.9646e-08 2.1342e-07 9.0126e-08
3.4800e+02 1.0640e-10 8.2522e-09 4.8854e-08 2.0532e-07 8.9714e-08
3.4700e+02 1.0690e-10 8.2981e-09 4.9052e-08 2.0735e-07 8.9816e-08
3.5100e+02 1.0493e-10 8.1076e-09 4.8261e-08 1.9920e-07 8.9422e-08
3.5200e+02 1.0445e-10 8.0574e-09 4.8062e-08 1.9717e-07 8.9323e-08
3.6500e+02 9.8343e-11 7.3495e-09 4.5500e-08 1.7191e-07 8.8121e-08
3.5800e+02 1.0158e-10 7.7403e-09 4.6871e-08 1.8518e-07 8.8761e-08
3.5700e+02 1.0205e-10 7.7947e-09 4.7069e-08 1.8714e-07 8.8856e-08
3.5600e+02 1.0253e-10 7.8487e-09 4.7267e-08 1.8913e-07 8.8946e-08
3.6700e+02 9.7439e-11 7.2360e-09 4.5116e-08 1.6831e-07 8.7936e-08
3.5500e+02 1.0300e-10 7.9020e-09 4.7466e-08 1.9112e-07 8.9040e-08
3.4900e+02 1.0591e-10 8.2051e-09 4.8657e-08 2.0328e-07 8.9615e-08
3.5900e+02 1.0111e-10 7.6854e-09 4.6674e-08 1.8322e-07 8.8671e-08
3.5400e+02 1.0348e-10 7.9545e-09 4.7664e-08 1.9312e-07 8.9137e-08
3.7300e+02 9.4787e-11 6.8967e-09 4.3991e-08 1.5808e-07 8.7365e-08
3.6300e+02 9.9257e-11 7.4623e-09 4.5889e-08 1.7559e-07 8.8308e-08
3.6400e+02 9.8799e-11 7.4060e-09 4.5694e-08 1.7374e-07 8.8215e-08
3.6200e+02 9.9717e-11 7.5186e-09 4.6084e-08 1.7748e-07 8.8395e-08
3.6000e+02 1.0065e-10 7.6301e-09 4.6476e-08 1.8129e-07 8.8579e-08
3.6100e+02 1.0018e-10 7.5745e-09 4.6279e-08 1.7937e-07 8.8488e-08
3.7400e+02 9.4355e-11 6.8408e-09 4.3806e-08 1.5646e-07 8.7266e-08
3.7000e+02 9.6101e-11 7.0658e-09 4.4547e-08 1.6309e-07 8.7651e-08
3.6900e+02 9.6545e-11 7.1226e-09 4.4736e-08 1.6480e-07 8.7746e-08
3.6600e+02 9.7890e-11 7.2928e-09 4.5307e-08 1.7010e-07 8.8029e-08
3.7100e+02 9.5661e-11 7.0092e-09 4.4360e-08 1.6139e-07 8.7557e-08
3.7600e+02 9.3497e-11 6.7298e-09 4.3444e-08 1.5331e-07 8.7064e-08
3.7500e+02 9.3925e-11 6.7850e-09 4.3625e-08 1.5487e-07 8.7167e-08
3.6800e+02 9.6991e-11 7.1793e-09 4.4925e-08 1.6655e-07 8.7841e-08
3.7800e+02 9.2651e-11 6.6204e-09 4.3086e-08 1.5025e-07 8.6860e-08
3.7700e+02 9.3073e-11 6.6749e-09 4.3265e-08 1.5176e-07 8.6963e-08
3.7200e+02 9.5223e-11 6.9528e-09 4.4174e-08 1.5973e-07 8.7461e-08
3.7900e+02 9.2231e-11 6.5663e-09 4.2909e-08 1.4876e-07 8.6755e-08
3.8100e+02 9.1400e-11 6.4592e-09 4.2559e-08 1.4586e-07 8.6540e-08
3.8600e+02 8.9368e-11 6.1991e-09 4.1710e-08 1.3905e-07 8.5978e-08
3.8000e+02 9.1814e-11 6.5125e-09 4.2734e-08 1.4729e-07 8.6649e-08
3.5300e+02 1.0396e-10 8.0064e-09 4.7863e-08 1.9514e-07 8.9231e-08
3.8700e+02 8.8969e-11 6.1485e-09 4.1545e-08 1.3776e-07 8.5863e-08
3.8400e+02 9.0173e-11 6.3017e-09 4.2046e-08 1.4169e-07 8.6209e-08
3.8200e+02 9.0988e-11 6.4063e-09 4.2387e-08 1.4444e-07 8.6432e-08
3.8500e+02 8.9769e-11 6.2501e-09 4.1877e-08 1.4036e-07 8.6095e-08
3.8300e+02 9.0579e-11 6.3538e-09 4.2215e-08 1.4306e-07 8.6319e-08
3.8900e+02 8.8179e-11 6.0492e-09 4.1220e-08 1.3526e-07 8.5626e-08
3.8800e+02 8.8573e-11 6.0986e-09 4.1382e-08 1.3650e-07 8.5743e-08
3.9000e+02 8.7789e-11 6.0005e-09 4.1060e-08 1.3404e-07 8.5504e-08
3.9100e+02 8.7401e-11 5.9523e-09 4.0902e-08 1.3285e-07 8.5380e-08
3.9200e+02 8.7015e-11 5.9048e-09 4.0746e-08 1.3169e-07 8.5256e-08
3.9300e+02 8.6632e-11 5.8578e-09 4.0592e-08 1.3055e-07 8.5128e-08
3.9400e+02 8.6251e-11 5.8116e-09 4.0439e-08 1.2943e-07 8.4998e-08
3.9500e+02 8.5873e-11 5.7658e-09 4.0290e-08 1.2833e-07 8.4868e-08
3.9800e+02 8.4754e-11 5.6326e-09 3.9849e-08 1.2518e-07 8.4460e-08
3.9600e+02 8.5497e-11 5.7209e-09 4.0140e-08 1.2726e-07 8.4731e-08
3.9900e+02 8.4386e-11 5.5893e-09 3.9707e-08 1.2417e-07 8.4323e-08
4.0200e+02 8.3298e-11 5.4635e-09 3.9289e-08 1.2127e-07 8.3896e-08
4.0000e+02 8.4021e-11 5.5467e-09 3.9565e-08 1.2318e-07 8.4183e-08
4.0100e+02 8.3658e-11 5.5048e-09 3.9426e-08 1.2221e-07 8.4041e-08
4.0400e+02 8.2586e-11 5.3827e-09 3.9020e-08 1.1944e-07 8.3601e-08
3.9700e+02 8.5124e-11 5.6764e-09 3.9993e-08 1.2621e-07 8.4596e-08
4.0800e+02 8.1194e-11 5.2292e-09 3.8501e-08 1.1602e-07 8.2988e-08
4.0900e+02 8.0852e-11 5.1926e-09 3.8375e-08 1.1521e-07 8.2829e-08
4.0600e+02 8.1884e-11 5.3048e-09 3.8757e-08 1.1769e-07 8.3295e-08
4.0500e+02 8.2234e-11 5.3435e-09 3.8887e-08 1.1856e-07 8.3448e-08
4.1000e+02 8.0513e-11 5.1565e-09 3.8251e-08 1.1442e-07 8.2669e-08
4.1200e+02 7.9843e-11 5.0863e-09 3.8007e-08 1.1289e-07 8.2344e-08
4.0700e+02 8.1538e-11 5.2667e-09 3.8628e-08 1.1685e-07 8.3143e-08
4.1300e+02 7.9512e-11 5.0521e-09 3.7887e-08 1.1215e-07 8.2180e-08
4.1400e+02 7.9183e-11 5.0185e-09 3.7769e-08 1.1143e-07 8.2015e-08
4.1100e+02 8.0177e-11 5.1211e-09 3.8128e-08 1.1364e-07 8.2507e-08
4.1800e+02 7.7893e-11 4.8904e-09 3.7307e-08 1.0871e-07 8.1334e-08
4.0300e+02 8.2940e-11 5.4227e-09 3.9154e-08 1.2035e-07 8.3749e-08
4.2900e+02 7.4544e-11 4.5875e-09 3.6136e-08 1.0248e-07 7.9359e-08
4.2400e+02 7.6031e-11 4.7164e-09 3.6651e-08 1.0509e-07 8.0274e-08
4.1700e+02 7.8212e-11 4.9215e-09 3.7420e-08 1.0936e-07 8.1505e-08
4.1600e+02 7.8533e-11 4.9532e-09 3.7535e-08 1.1003e-07 8.1677e-08
4.1500e+02 7.8857e-11 4.9856e-09 3.7651e-08 1.1072e-07 8.1845e-08
4.1900e+02 7.7576e-11 4.8599e-09 3.7195e-08 1.0806e-07 8.1163e-08
4.2600e+02 7.5429e-11 4.6630e-09 3.6443e-08 1.0401e-07 7.9910e-08
4.2700e+02 7.5132e-11 4.6373e-09 3.6339e-08 1.0348e-07 7.9726e-08
4.2200e+02 7.6642e-11 4.7721e-09 3.6866e-08 1.0624e-07 8.0632e-08
4.2500e+02 7.5729e-11 4.6894e-09 3.6546e-08 1.0454e-07 8.0091e-08
4.2000e+02 7.7263e-11 4.8300e-09 3.7084e-08 1.0744e-07 8.0985e-08
4.3100e+02 7.3965e-11 4.5400e-09 3.5935e-08 1.0152e-07 7.8984e-08
4.3000e+02 7.4253e-11 4.5635e-09 3.6035e-08 1.0199e-07 7.9171e-08
4.2800e+02 7.4837e-11 4.6121e-09 3.6236e-08 1.0297e-07 7.9541e-08
4.2100e+02 7.6951e-11 4.8007e-09 3.6974e-08 1.0683e-07 8.0809e-08
4.2300e+02 7.6335e-11 4.7439e-09 3.6758e-08 1.0566e-07 8.0453e-08
4.3300e+02 7.3396e-11 4.4946e-09 3.5739e-08 1.0062e-07 7.8607e-08
4.3400e+02 7.3115e-11 4.4727e-09 3.5642e-08 1.0019e-07 7.8420e-08
4.3200e+02 7.3680e-11 4.5170e-09 3.5836e-08 1.0106e-07 7.8798e-08
4.3600e+02 7.2559e-11 4.4304e-09 3.5449e-08 9.9358e-08 7.8040e-08
4.4000e+02 7.1476e-11 4.3521e-09 3.5072e-08 9.7837e-08 7.7275e-08
4.3900e+02 7.1743e-11 4.3709e-09 3.5165e-08 9.8199e-08 7.7467e-08
4.3500e+02 7.2836e-11 4.4513e-09 3.5545e-08 9.9767e-08 7.8230e-08
4.3800e+02 7.2013e-11 4.3902e-09 3.5260e-08 9.8576e-08 7.7657e-08
4.4100e+02 7.1211e-11 4.3338e-09 3.4978e-08 9.7483e-08 7.7083e-08
4.4300e+02 7.0687e-11 4.2988e-09 3.4793e-08 9.6809e-08 7.6699e-08
4.4200e+02 7.0948e-11 4.3160e-09 3.4886e-08 9.7140e-08 7.6891e-08
4.3700e+02 7.2285e-11 4.4101e-09 3.5354e-08 9.8961e-08 7.7849e-08
4.4400e+02 7.0428e-11 4.2819e-09 3.4701e-08 9.6487e-08 7.6507e-08
4.4500e+02 7.0172e-11 4.2656e-09 3.4609e-08 9.6177e-08 7.6313e-08
4.4600e+02 6.9918e-11 4.2498e-09 3.4517e-08 9.5876e-08 7.6120e-08
4.4700e+02 6.9666e-11 4.2345e-09 3.4425e-08 9.5585e-08 7.5928e-08
4.4800e+02 6.9416e-11 4.2196e-09 3.4335e-08 9.5302e-08 7.5737e-08
4.4900e+02 6.9168e-11 4.2051e-09 3.4243e-08 9.5029e-08 7.5545e-08
4.5000e+02 6.8923e-11 4.1911e-09 3.4153e-08 9.4765e-08 7.5355e-08
4.5100e+02 6.8679e-11 4.1776e-09 3.4061e-08 9.4515e-08 7.5160e-08
4.5400e+02 6.7961e-11 4.1396e-09 3.3790e-08 9.3806e-08 7.4591e-08
4.5500e+02 6.7726e-11 4.1278e-09 3.3700e-08 9.3588e-08 7.4401e-08
4.5300e+02 6.8198e-11 4.1517e-09 3.3881e-08 9.4034e-08 7.4781e-08
4.5200e+02 6.8438e-11 4.1645e-09 3.3971e-08 9.4268e-08 7.4970e-08
4.5800e+02 6.7031e-11 4.0951e-09 3.3429e-08 9.2985e-08 7.3836e-08
4.5900e+02 6.6804e-11 4.0850e-09 3.3339e-08 9.2802e-08 7.3650e-08
4.5600e+02 6.7492e-11 4.1164e-09 3.3610e-08 9.3379e-08 7.4213e-08
4.6000e+02 6.6579e-11 4.0754e-09 3.3249e-08 9.2625e-08 7.3462e-08
4.6200e+02 6.6133e-11 4.0573e-09 3.3069e-08 9.2296e-08 7.3093e-08
4.6100e+02 6.6355e-11 4.0662e-09 3.3158e-08 9.2456e-08 7.3276e-08
4.5700e+02 6.7261e-11 4.1055e-09 3.3519e-08 9.3179e-08 7.4023e-08
4.6400e+02 6.5695e-11 4.0410e-09 3.2889e-08 9.1999e-08 7.2724e-08
4.7100e+02 6.4219e-11 3.9962e-09 3.2261e-08 9.1184e-08 7.1472e-08
4.6500e+02 6.5479e-11 4.0334e-09 3.2799e-08 9.1861e-08 7.2542e-08
4.6900e+02 6.4632e-11 4.0070e-09 3.2440e-08 9.1381e-08 7.1825e-08
4.7000e+02 6.4425e-11 4.0014e-09 3.2350e-08 9.1280e-08 7.1648e-08
4.6800e+02 6.4841e-11 4.0130e-09 3.2530e-08 9.1491e-08 7.2003e-08
4.6700e+02 6.5052e-11 4.0195e-09 3.2620e-08 9.1606e-08 7.2182e-08
4.6600e+02 6.5265e-11 4.0262e-09 3.2709e-08 9.1730e-08 7.2362e-08
4.7300e+02 6.3814e-11 3.9870e-09 3.2082e-08 9.1013e-08 7.1123e-08
4.6300e+02 6.5913e-11 4.0490e-09 3.2979e-08 9.2142e-08 7.2909e-08
4.8500e+02 6.1518e-11 3.9621e-09 3.1015e-08 9.0513e-08 6.9142e-08
4.8100e+02 6.2257e-11 3.9646e-09 3.1369e-08 9.0586e-08 6.9780e-08
4.7200e+02 6.4016e-11 3.9914e-09 3.2172e-08 9.1094e-08 7.1298e-08
4.7500e+02 6.3415e-11 3.9791e-09 3.1904e-08 9.0868e-08 7.0781e-08
4.7400e+02 6.3613e-11 3.9828e-09 3.1993e-08 9.0938e-08 7.0951e-08
4.7800e+02 6.2829e-11 3.9703e-09 3.1636e-08 9.0700e-08 7.0276e-08
4.8300e+02 6.1885e-11 3.9626e-09 3.1192e-08 9.0539e-08 6.9459e-08
4.7900e+02 6.2637e-11 3.9680e-09 3.1547e-08 9.0657e-08 7.0108e-08
4.7700e+02 6.3022e-11 3.9728e-09 3.1725e-08 9.0752e-08 7.0441e-08
4.8800e+02 6.0980e-11 3.9641e-09 3.0751e-08 9.0514e-08 6.8680e-08
4.8600e+02 6.1337e-11 3.9625e-09 3.0927e-08 9.0508e-08 6.8987e-08
4.7600e+02 6.3218e-11 3.9758e-09 3.1815e-08 9.0807e-08 7.0611e-08
4.8200e+02 6.2070e-11 3.9635e-09 3.1280e-08 9.0557e-08 6.9619e-08
4.8400e+02 6.1701e-11 3.9622e-09 3.1104e-08 9.0523e-08 6.9300e-08
4.9200e+02 6.0283e-11 3.9715e-09 3.0400e-08 9.0588e-08 6.8084e-08
4.8700e+02 6.1158e-11 3.9631e-09 3.0839e-08 9.0508e-08 6.8833e-08
4.8900e+02 6.0803e-11 3.9654e-09 3.0663e-08 9.0524e-08 6.8530e-08
4.9000e+02 6.0628e-11 3.9671e-09 3.0575e-08 9.0541e-08 6.8379e-08
4.8000e+02 6.2446e-11 3.9661e-09 3.1458e-08 9.0619e-08 6.9944e-08
4.9500e+02 5.9775e-11 3.9806e-09 3.0140e-08 9.0689e-08 6.7656e-08
4.9400e+02 5.9943e-11 3.9772e-09 3.0227e-08 9.0650e-08 6.7797e-08
4.9300e+02 6.0112e-11 3.9742e-09 3.0313e-08 9.0617e-08 6.7940e-08
4.9600e+02 5.9609e-11 3.9843e-09 3.0054e-08 9.0732e-08 6.7517e-08
4.9700e+02 5.9444e-11 3.9883e-09 2.9967e-08 9.0784e-08 6.7377e-08
4.9100e+02 6.0455e-11 3.9691e-09 3.0488e-08 9.0561e-08 6.8232e-08
4.9800e+02 5.9280e-11 3.9926e-09 2.9882e-08 9.0836e-08 6.7240e-08
5.0100e+02 5.8797e-11 4.0076e-09 2.9626e-08 9.1017e-08 6.6841e-08
4.9900e+02 5.9118e-11 3.9973e-09 2.9796e-08 9.0892e-08 6.7106e-08
5.0000e+02 5.8957e-11 4.0022e-09 2.9711e-08 9.0953e-08 6.6974e-08
5.0200e+02 5.8639e-11 4.0133e-09 2.9541e-08 9.1085e-08 6.6712e-08
5.0300e+02 5.8481e-11 4.0192e-09 2.9458e-08 9.1157e-08 6.6585e-08
5.0400e+02 5.8325e-11 4.0255e-09 2.9374e-08 9.1232e-08 6.6459e-08
5.0500e+02 5.8171e-11 4.0322e-09 2.9291e-08 9.1311e-08 6.6334e-08
5.0600e+02 5.8017e-11 4.0392e-09 2.9207e-08 9.1395e-08 6.6211e-08
5.0700e+02 5.7865e-11 4.0465e-09 2.9125e-08 9.1481e-08 6.6090e-08
5.0800e+02 5.7714e-11 4.0541e-09 2.9043e-08 9.1569e-08 6.5971e-08
5.0900e+02 5.7564e-11 4.0620e-09 2.8961e-08 9.1661e-08 6.5854e-08
5.1000e+02 5.7416e-11 4.0704e-09 2.8880e-08 9.1757e-08 6.5737e-08
5.1100e+02 5.7268e-11 4.0789e-09 2.8800e-08 9.1853e-08 6.5625e-08
5.1300e+02 5.6976e-11 4.0971e-09 2.8639e-08 9.2060e-08 6.5402e-08
5.1200e+02 5.7122e-11 4.0878e-09 2.8719e-08 9.1957e-08 6.5511e-08
5.1700e+02 5.6406e-11 4.1370e-09 2.8327e-08 9.2498e-08 6.4979e-08
5.1800e+02 5.6266e-11 4.1478e-09 2.8250e-08 9.2613e-08 6.4877e-08
5.1600e+02 5.6547e-11 4.1266e-09 2.8404e-08 9.2385e-08 6.5081e-08
5.1900e+02 5.6127e-11 4.1589e-09 2.8173e-08 9.2731e-08 6.4777e-08
5.2100e+02 5.5852e-11 4.1820e-09 2.8022e-08 9.2970e-08 6.4584e-08
5.2200e+02 5.5717e-11 4.1940e-09 2.7948e-08 9.3092e-08 6.4490e-08
5.1500e+02 5.6689e-11 4.1164e-09 2.8482e-08 9.2274e-08 6.5187e-08
5.2400e+02 5.5448e-11 4.2188e-09 2.7800e-08 9.3344e-08 6.4306e-08
5.2300e+02 5.5582e-11 4.2063e-09 2.7874e-08 9.3218e-08 6.4397e-08
5.3100e+02 5.4537e-11 4.3150e-09 2.7306e-08 9.4241e-08 6.3726e-08
5.2900e+02 5.4792e-11 4.2861e-09 2.7444e-08 9.3982e-08 6.3882e-08
5.2000e+02 5.5989e-11 4.1703e-09 2.8097e-08 9.2848e-08 6.4679e-08
5.2600e+02 5.5183e-11 4.2449e-09 2.7656e-08 9.3594e-08 6.4131e-08
5.2800e+02 5.4922e-11 4.2721e-09 2.7514e-08 9.3853e-08 6.3964e-08
5.2500e+02 5.5315e-11 4.2317e-09 2.7728e-08 9.3469e-08 6.4218e-08
5.3000e+02 5.4664e-11 4.3004e-09 2.7374e-08 9.4114e-08 6.3802e-08
5.2700e+02 5.5052e-11 4.2583e-09 2.7585e-08 9.3722e-08 6.4046e-08
5.4100e+02 5.3308e-11 4.4756e-09 2.6653e-08 9.5532e-08 6.3052e-08
5.1400e+02 5.6832e-11 4.1066e-09 2.8561e-08 9.2166e-08 6.5293e-08
5.3500e+02 5.4035e-11 4.3761e-09 2.7036e-08 9.4765e-08 6.3433e-08
5.3400e+02 5.4159e-11 4.3604e-09 2.7103e-08 9.4632e-08 6.3503e-08
5.3600e+02 5.3912e-11 4.3920e-09 2.6971e-08 9.4895e-08 6.3364e-08
5.3300e+02 5.4284e-11 4.3450e-09 2.7170e-08 9.4502e-08 6.3576e-08
5.3800e+02 5.3668e-11 4.4247e-09 2.6842e-08 9.5152e-08 6.3234e-08
5.3700e+02 5.3790e-11 4.4082e-09 2.6906e-08 9.5022e-08 6.3299e-08
5.3200e+02 5.4410e-11 4.3299e-09 2.7237e-08 9.4374e-08 6.3649e-08
5.3900e+02 5.3547e-11 4.4414e-09 2.6779e-08 9.5279e-08 6.3172e-08
5.4000e+02 5.3427e-11 4.4584e-09 2.6715e-08 9.5408e-08 6.3111e-08
5.4300e+02 5.3072e-11 4.5108e-09 2.6531e-08 9.5778e-08 6.2939e-08
5.4200e+02 5.3189e-11 4.4930e-09 2.6592e-08 9.5655e-08 6.2995e-08
5.4500e+02 5.2838e-11 4.5468e-09 2.6411e-08 9.6016e-08 6.2836e-08
5.4400e+02 5.2955e-11 4.5287e-09 2.6471e-08 9.5895e-08 6.2888e-08
5.4700e+02 5.2608e-11 4.5838e-09 2.6294e-08 9.6247e-08 6.2739e-08
5.4800e+02 5.2494e-11 4.6026e-09 2.6236e-08 9.6359e-08 6.2694e-08
5.4900e+02 5.2381e-11 4.6216e-09 2.6179e-08 9.6468e-08 6.2650e-08
5.4600e+02 5.2723e-11 4.5653e-09 2.6352e-08 9.6130e-08 6.2787e-08
5.5000e+02 5.2268e-11 4.6408e-09 2.6122e-08 9.6574e-08 6.2609e-08
5.5100e+02 5.2156e-11 4.6602e-09 2.6066e-08 9.6677e-08 6.2569e-08
5.5200e+02 5.2044e-11 4.6797e-09 2.6011e-08 9.6780e-08 6.2531e-08
5.5300e+02 5.1933e-11 4.6994e-09 2.5957e-08 9.6879e-08 6.2496e-08
5.5400e+02 5.1823e-11 4.7192e-09 2.5903e-08 9.6972e-08 6.2462e-08
5.5500e+02 5.1714e-11 4.7391e-09 2.5850e-08 9.7062e-08 6.2429e-08
5.5700e+02 5.1497e-11 4.7795e-09 2.5746e-08 9.7232e-08 6.2372e-08
5.5600e+02 5.1605e-11 4.7593e-09 2.5797e-08 9.7150e-08 6.2399e-08
5.5800e+02 5.1389e-11 4.7999e-09 2.5694e-08 9.7313e-08 6.2346e-08
5.6000e+02 5.1176e-11 4.8408e-09 2.5594e-08 9.7457e-08 6.2300e-08
5.5900e+02 5.1282e-11 4.8204e-09 2.5644e-08 9.7386e-08 6.2322e-08
5.6100e+02 5.1070e-11 4.8616e-09 2.5545e-08 9.7523e-08 6.2279e-08
5.6200e+02 5.0965e-11 4.8823e-09 2.5496e-08 9.7584e-08 6.2262e-08
5.6500e+02 5.0652e-11 4.9449e-09 2.5354e-08 9.7739e-08 6.2219e-08
5.6300e+02 5.0860e-11 4.9031e-09 2.5448e-08 9.7642e-08 6.2245e-08
5.6400e+02 5.0756e-11 4.9240e-09 2.5401e-08 9.7692e-08 6.2231e-08
5.6600e+02 5.0549e-11 4.9659e-09 2.5308e-08 9.7783e-08 6.2209e-08
5.6800e+02 5.0345e-11 5.0078e-09 2.5217e-08 9.7848e-08 6.2193e-08
5.6700e+02 5.0447e-11 4.9868e-09 2.5262e-08 9.7820e-08 6.2199e-08
5.6900e+02 5.0243e-11 5.0288e-09 2.5173e-08 9.7874e-08 6.2189e-08
5.7300e+02 4.9843e-11 5.1122e-09 2.5002e-08 9.7918e-08 6.2190e-08
5.7000e+02 5.0142e-11 5.0496e-09 2.5129e-08 9.7893e-08 6.2186e-08
5.7100e+02 5.0042e-11 5.0706e-09 2.5086e-08 9.7907e-08 6.2186e-08
5.7200e+02 4.9942e-11 5.0915e-09 2.5044e-08 9.7917e-08 6.2188e-08
5.8200e+02 4.8967e-11 5.2928e-09 2.4651e-08 9.7654e-08 6.2308e-08
5.7400e+02 4.9744e-11 5.1329e-09 2.4961e-08 9.7913e-08 6.2196e-08
5.7500e+02 4.9645e-11 5.1534e-09 2.4920e-08 9.7903e-08 6.2203e-08
5.8300e+02 4.8872e-11 5.3118e-09 2.4615e-08 9.7592e-08 6.2332e-08
5.7900e+02 4.9255e-11 5.2343e-09 2.4763e-08 9.7800e-08 6.2251e-08
5.8500e+02 4.8683e-11 5.3490e-09 2.4545e-08 9.7446e-08 6.2383e-08
5.8000e+02 4.9159e-11 5.2540e-09 2.4725e-08 9.7759e-08 6.2270e-08
5.7600e+02 4.9547e-11 5.1739e-09 2.4879e-08 9.7889e-08 6.2212e-08
5.8400e+02 4.8777e-11 5.3306e-09 2.4580e-08 9.7523e-08 6.2357e-08
5.7800e+02 4.9352e-11 5.2143e-09 2.4801e-08 9.7835e-08 6.2237e-08
5.7700e+02 4.9449e-11 5.1942e-09 2.4840e-08 9.7866e-08 6.2224e-08
5.8800e+02 4.8403e-11 5.4024e-09 2.4443e-08 9.7179e-08 6.2475e-08
5.9100e+02 4.8126e-11 5.4523e-09 2.4347e-08 9.6853e-08 6.2584e-08
5.8600e+02 4.8589e-11 5.3672e-09 2.4510e-08 9.7366e-08 6.2412e-08
5.8700e+02 4.8496e-11 5.3849e-09 2.4477e-08 9.7278e-08 6.2443e-08
5.9400e+02 4.7852e-11 5.4984e-09 2.4255e-08 9.6462e-08 6.2709e-08
5.8100e+02 4.9063e-11 5.2736e-09 2.4688e-08 9.7709e-08 6.2289e-08
5.8900e+02 4.8310e-11 5.4195e-09 2.4410e-08 9.7076e-08 6.2508e-08
5.9000e+02 4.8218e-11 5.4360e-09 2.4378e-08 9.6967e-08 6.2546e-08
5.9200e+02 4.8034e-11 5.4681e-09 2.4316e-08 9.6730e-08 6.2623e-08
5.9300e+02 4.7943e-11 5.4836e-09 2.4285e-08 9.6598e-08 6.2665e-08
5.9500e+02 4.7761e-11 5.5128e-09 2.4226e-08 9.6321e-08 6.2754e-08
5.9800e+02 4.7492e-11 5.5529e-09 2.4141e-08 9.5851e-08 6.2901e-08
5.9700e+02 4.7581e-11 5.5400e-09 2.4169e-08 9.6012e-08 6.2851e-08
5.9600e+02 4.7671e-11 5.5268e-09 2.4197e-08 9.6169e-08 6.2801e-08
6.0000e+02 4.7313e-11 5.5767e-09 2.4087e-08 9.5505e-08 6.3007e-08
6.0100e+02 4.7225e-11 5.5879e-09 2.4061e-08 9.5323e-08 6.3064e-08
5.9900e+02 4.7402e-11 5.5652e-09 2.4114e-08 9.5680e-08 6.2954e-08
6.0200e+02 4.7136e-11 5.5983e-09 2.4035e-08 9.5136e-08 6.3122e-08
6.0400e+02 4.6960e-11 5.6173e-09 2.3986e-08 9.4739e-08 6.3244e-08
6.0500e+02 4.6873e-11 5.6258e-09 2.3962e-08 9.4533e-08 6.3306e-08
6.0600e+02 4.6785e-11 5.6337e-09 2.3938e-08 9.4322e-08 6.3371e-08
6.0900e+02 4.6526e-11 5.6528e-09 2.3871e-08 9.3650e-08 6.3573e-08
6.0700e+02 4.6698e-11 5.6408e-09 2.3915e-08 9.4103e-08 6.3438e-08
6.0300e+02 4.7048e-11 5.6082e-09 2.4010e-08 9.4942e-08 6.3181e-08
6.0800e+02 4.6612e-11 5.6471e-09 2.3893e-08 9.3880e-08 6.3505e-08
6.1100e+02 4.6354e-11 5.6621e-09 2.3829e-08 9.3179e-08 6.3717e-08
6.1000e+02 4.6440e-11 5.6579e-09 2.3850e-08 9.3417e-08 6.3645e-08
6.1200e+02 4.6268e-11 5.6656e-09 2.3809e-08 9.2935e-08 6.3790e-08
6.1300e+02 4.6183e-11 5.6682e-09 2.3790e-08 9.2682e-08 6.3868e-08
6.1400e+02 4.6097e-11 5.6702e-09 2.3771e-08 9.2429e-08 6.3944e-08
6.1500e+02 4.6013e-11 5.6713e-09 2.3752e-08 9.2171e-08 6.4023e-08
6.1600e+02 4.5928e-11 5.6717e-09 2.3735e-08 9.1905e-08 6.4103e-08
6.1700e+02 4.5844e-11 5.6713e-09 2.3717e-08 9.1638e-08 6.4184e-08
6.1800e+02 4.5760e-11 5.6700e-09 2.3701e-08 9.1364e-08 6.4267e-08
6.1900e+02 4.5676e-11 5.6680e-09 2.3685e-08 9.1089e-08 6.4350e-08
6.2000e+02 4.5593e-11 5.6651e-09 2.3670e-08 9.0808e-08 6.4437e-08
6.2200e+02 4.5427e-11 5.6571e-09 2.3641e-08 9.0238e-08 6.4610e-08
6.2100e+02 4.5510e-11 5.6614e-09 2.3655e-08 9.0524e-08 6.4523e-08
6.2400e+02 4.5261e-11 5.6457e-09 2.3615e-08 8.9652e-08 6.4789e-08
6.2300e+02 4.5344e-11 5.6519e-09 2.3627e-08 8.9946e-08 6.4699e-08
6.2500e+02 4.5179e-11 5.6389e-09 2.3603e-08 8.9353e-08 6.4881e-08
6.2900e+02 4.4852e-11 5.6037e-09 2.3562e-08 8.8134e-08 6.5258e-08
6.2600e+02 4.5097e-11 5.6313e-09 2.3591e-08 8.9053e-08 6.4974e-08
6.2700e+02 4.5015e-11 5.6229e-09 2.3580e-08 8.8749e-08 6.5067e-08
6.2800e+02 4.4933e-11 5.6137e-09 2.3571e-08 8.8445e-08 6.5161e-08
6.3200e+02 4.4608e-11 5.5690e-09 2.3538e-08 8.7195e-08 6.5550e-08
6.3100e+02 4.4689e-11 5.5813e-09 2.3545e-08 8.7513e-08 6.5450e-08
6.3400e+02 4.4448e-11 5.5422e-09 2.3526e-08 8.6559e-08 6.5748e-08
6.3000e+02 4.4770e-11 5.5930e-09 2.3553e-08 8.7826e-08 6.5352e-08
6.3500e+02 4.4367e-11 5.5277e-09 2.3521e-08 8.6239e-08 6.5849e-08
6.3700e+02 4.4208e-11 5.4968e-09 2.3514e-08 8.5596e-08 6.6052e-08
6.4100e+02 4.3890e-11 5.4266e-09 2.3508e-08 8.4294e-08 6.6465e-08
6.3300e+02 4.4528e-11 5.5561e-09 2.3531e-08 8.6879e-08 6.5647e-08
6.3800e+02 4.4128e-11 5.4801e-09 2.3511e-08 8.5272e-08 6.6154e-08
6.4000e+02 4.3969e-11 5.4451e-09 2.3509e-08 8.4622e-08 6.6360e-08
6.3900e+02 4.4048e-11 5.4629e-09 2.3509e-08 8.4947e-08 6.6256e-08
6.4200e+02 4.3812e-11 5.4076e-09 2.3509e-08 8.3967e-08 6.6569e-08
6.4300e+02 4.3733e-11 5.3878e-09 2.3510e-08 8.3640e-08 6.6674e-08
6.3600e+02 4.4287e-11 5.5126e-09 2.3517e-08 8.5920e-08 6.5949e-08
6.4400e+02 4.3655e-11 5.3677e-09 2.3513e-08 8.3313e-08 6.6779e-08
6.4900e+02 4.3265e-11 5.2589e-09 2.3537e-08 8.1676e-08 6.7308e-08
6.4700e+02 4.3420e-11 5.3038e-09 2.3525e-08 8.2331e-08 6.7095e-08
6.4500e+02 4.3576e-11 5.3469e-09 2.3516e-08 8.2986e-08 6.6884e-08
6.4800e+02 4.3343e-11 5.2816e-09 2.3531e-08 8.2003e-08 6.7202e-08
6.4600e+02 4.3498e-11 5.3257e-09 2.3520e-08 8.2658e-08 6.6989e-08
6.5300e+02 4.2957e-11 5.1638e-09 2.3574e-08 8.0376e-08 6.7732e-08
6.5800e+02 4.2575e-11 5.0371e-09 2.3638e-08 7.8772e-08 6.8256e-08
6.5100e+02 4.3110e-11 5.2122e-09 2.3553e-08 8.1026e-08 6.7519e-08
6.5000e+02 4.3187e-11 5.2358e-09 2.3545e-08 8.1351e-08 6.7413e-08
6.5200e+02 4.3033e-11 5.1882e-09 2.3563e-08 8.0701e-08 6.7625e-08
6.5400e+02 4.2880e-11 5.1390e-09 2.3584e-08 8.0054e-08 6.7836e-08
6.5600e+02 4.2727e-11 5.0887e-09 2.3609e-08 7.9411e-08 6.8047e-08
6.5500e+02 4.2804e-11 5.1140e-09 2.3596e-08 7.9732e-08 6.7941e-08
6.5700e+02 4.2651e-11 5.0632e-09 2.3623e-08 7.9092e-08 6.8151e-08
6.6000e+02 4.2425e-11 4.9846e-09 2.3671e-08 7.8141e-08 6.8463e-08
6.5900e+02 4.2500e-11 5.0110e-09 2.3654e-08 7.8457e-08 6.8360e-08
6.6200e+02 4.2274e-11 4.9311e-09 2.3707e-08 7.7517e-08 6.8668e-08
6.6100e+02 4.2349e-11 4.9581e-09 2.3689e-08 7.7827e-08 6.8566e-08
6.6300e+02 4.2199e-11 4.9042e-09 2.3727e-08 7.7207e-08 6.8770e-08
6.6500e+02 4.2050e-11 4.8500e-09 2.3769e-08 7.6593e-08 6.8971e-08
6.6400e+02 4.2124e-11 4.8772e-09 2.3748e-08 7.6899e-08 6.8871e-08
6.6600e+02 4.1975e-11 4.8226e-09 2.3791e-08 7.6288e-08 6.9071e-08
6.6800e+02 4.1827e-11 4.7678e-09 2.3840e-08 7.5686e-08 6.9267e-08
6.6700e+02 4.1901e-11 4.7952e-09 2.3815e-08 7.5985e-08 6.9171e-08
6.6900e+02 4.1753e-11 4.7403e-09 2.3865e-08 7.5388e-08 6.9364e-08
6.7000e+02 4.1680e-11 4.7127e-09 2.3891e-08 7.5093e-08 6.9460e-08
6.7100e+02 4.1606e-11 4.6851e-09 2.3918e-08 7.4799e-08 6.9556e-08
6.7200e+02 4.1533e-11 4.6576e-09 2.3947e-08 7.4508e-08 6.9651e-08
6.7300e+02 4.1460e-11 4.6300e-09 2.3976e-08 7.4221e-08 6.9742e-08
6.7400e+02 4.1387e-11 4.6026e-09 2.4005e-08 7.3934e-08 6.9834e-08
6.7500e+02 4.1314e-11 4.5750e-09 2.4037e-08 7.3651e-08 6.9925e-08
6.7600e+02 4.1241e-11 4.5476e-09 2.4068e-08 7.3370e-08 7.0014e-08
6.7800e+02 4.1097e-11 4.4931e-09 2.4134e-08 7.2816e-08 7.0188e-08
6.7700e+02 4.1169e-11 4.5203e-09 2.4101e-08 7.3092e-08 7.0102e-08
6.7900e+02 4.1025e-11 4.4659e-09 2.4169e-08 7.2544e-08 7.0274e-08
6.8100e+02 4.0882e-11 4.4118e-09 2.4241e-08 7.2005e-08 7.0442e-08
6.8000e+02 4.0953e-11 4.4388e-09 2.4204e-08 7.2273e-08 7.0358e-08
6.8200e+02 4.0810e-11 4.3851e-09 2.4277e-08 7.1741e-08 7.0522e-08
6.8400e+02 4.0668e-11 4.3321e-09 2.4353e-08 7.1222e-08 7.0679e-08
6.8700e+02 4.0456e-11 4.2536e-09 2.4474e-08 7.0460e-08 7.0906e-08
6.8300e+02 4.0739e-11 4.3585e-09 2.4315e-08 7.1480e-08 7.0601e-08
6.9200e+02 4.0107e-11 4.1269e-09 2.4690e-08 6.9252e-08 7.1249e-08
6.8600e+02 4.0526e-11 4.2797e-09 2.4434e-08 7.0710e-08 7.0832e-08
6.8800e+02 4.0386e-11 4.2278e-09 2.4516e-08 7.0211e-08 7.0978e-08
6.8900e+02 4.0316e-11 4.2022e-09 2.4558e-08 6.9967e-08 7.1048e-08
6.8500e+02 4.0597e-11 4.3058e-09 2.4393e-08 7.0963e-08 7.0757e-08
6.9100e+02 4.0176e-11 4.1518e-09 2.4645e-08 6.9487e-08 7.1185e-08
6.9000e+02 4.0246e-11 4.1770e-09 2.4601e-08 6.9725e-08 7.1117e-08
6.9700e+02 3.9762e-11 4.0061e-09 2.4920e-08 6.8117e-08 7.1549e-08
6.9500e+02 3.9899e-11 4.0537e-09 2.4826e-08 6.8562e-08 7.1434e-08
6.9400e+02 3.9968e-11 4.0778e-09 2.4780e-08 6.8790e-08 7.1373e-08
7.0100e+02 3.9490e-11 3.9144e-09 2.5114e-08 6.7263e-08 7.1755e-08
6.9300e+02 4.0037e-11 4.1022e-09 2.4735e-08 6.9019e-08 7.1313e-08
6.9900e+02 3.9626e-11 3.9596e-09 2.5017e-08 6.7684e-08 7.1659e-08
7.0200e+02 3.9423e-11 3.8921e-09 2.5163e-08 6.7057e-08 7.1803e-08
7.0300e+02 3.9356e-11 3.8701e-09 2.5212e-08 6.6854e-08 7.1845e-08
7.0000e+02 3.9558e-11 3.9368e-09 2.5066e-08 6.7472e-08 7.1711e-08
7.0700e+02 3.9089e-11 3.7848e-09 2.5413e-08 6.6073e-08 7.2008e-08
7.1000e+02 3.8891e-11 3.7239e-09 2.5567e-08 6.5517e-08 7.2114e-08
7.0500e+02 3.9222e-11 3.8268e-09 2.5313e-08 6.6457e-08 7.1932e-08
7.0400e+02 3.9289e-11 3.8483e-09 2.5262e-08 6.6654e-08 7.1889e-08
7.0800e+02 3.9023e-11 3.7642e-09 2.5465e-08 6.5884e-08 7.2046e-08
7.0600e+02 3.9155e-11 3.8057e-09 2.5363e-08 6.6263e-08 7.1971e-08
7.1100e+02 3.8826e-11 3.7041e-09 2.5619e-08 6.5337e-08 7.2145e-08
6.9800e+02 3.9694e-11 3.9827e-09 2.4968e-08 6.7898e-08 7.1605e-08
7.0900e+02 3.8957e-11 3.7439e-09 2.5516e-08 6.5698e-08 7.2081e-08
6.9600e+02 3.9831e-11 4.0297e-09 2.4873e-08 6.8338e-08 7.1492e-08
7.1300e+02 3.8695e-11 3.6656e-09 2.5722e-08 6.4987e-08 7.2203e-08
7.1200e+02 3.8761e-11 3.6848e-09 2.5671e-08 6.5160e-08 7.2175e-08
7.1400e+02 3.8631e-11 3.6467e-09 2.5774e-08 6.4816e-08 7.2230e-08
7.1500e+02 3.8566e-11 3.6283e-09 2.5826e-08 6.4648e-08 7.2255e-08
7.1600e+02 3.8502e-11 3.6100e-09 2.5876e-08 6.4484e-08 7.2277e-08
7.1700e+02 3.8437e-11 3.5921e-09 2.5928e-08 6.4320e-08 7.2298e-08
7.1900e+02 3.8310e-11 3.5570e-09 2.6031e-08 6.4004e-08 7.2335e-08
7.1800e+02 3.8373e-11 3.5744e-09 2.5979e-08 6.4161e-08 7.2319e-08
7.2100e+02 3.8183e-11 3.5232e-09 2.6132e-08 6.3700e-08 7.2367e-08
7.2000e+02 3.8246e-11 3.5400e-09 2.6081e-08 6.3850e-08 7.2352e-08
7.2200e+02 3.8120e-11 3.5067e-09 2.6182e-08 6.3552e-08 7.2380e-08
7.2400e+02 3.7995e-11 3.4746e-09 2.6280e-08 6.3264e-08 7.2400e-08
7.2500e+02 3.7932e-11 3.4590e-09 2.6329e-08 6.3124e-08 7.2408e-08
7.2300e+02 3.8057e-11 3.4906e-09 2.6231e-08 6.3408e-08 7.2391e-08
7.2600e+02 3.7870e-11 3.4437e-09 2.6378e-08 6.2986e-08 7.2417e-08
7.2700e+02 3.7808e-11 3.4286e-09 2.6426e-08 6.2852e-08 7.2422e-08
7.2800e+02 3.7747e-11 3.4139e-09 2.6473e-08 6.2719e-08 7.2425e-08
7.2900e+02 3.7685e-11 3.3994e-09 2.6520e-08 6.2590e-08 7.2427e-08
7.3000e+02 3.7624e-11 3.3852e-09 2.6567e-08 6.2465e-08 7.2429e-08
7.3100e+02 3.7564e-11 3.3713e-09 2.6613e-08 6.2339e-08 7.2429e-08
7.3400e+02 3.7382e-11 3.3312e-09 2.6745e-08 6.1982e-08 7.2421e-08
7.3200e+02 3.7503e-11 3.3577e-09 2.6658e-08 6.2218e-08 7.2428e-08
7.3500e+02 3.7322e-11 3.3184e-09 2.6788e-08 6.1868e-08 7.2416e-08
7.3700e+02 3.7203e-11 3.2935e-09 2.6871e-08 6.1647e-08 7.2401e-08
7.3300e+02 3.7442e-11 3.3444e-09 2.6702e-08 6.2098e-08 7.2425e-08
7.3800e+02 3.7144e-11 3.2815e-09 2.6912e-08 6.1540e-08 7.2394e-08
7.3600e+02 3.7263e-11 3.3059e-09 2.6830e-08 6.1756e-08 7.2410e-08
7.3900e+02 3.7085e-11 3.2697e-09 2.6951e-08 6.1437e-08 7.2384e-08
7.4100e+02 3.6968e-11 3.2469e-09 2.7027e-08 6.1234e-08 7.2362e-08
7.4200e+02 3.6910e-11 3.2359e-09 2.7064e-08 6.1138e-08 7.2349e-08
7.4000e+02 3.7027e-11 3.2582e-09 2.6990e-08 6.1334e-08 7.2373e-08
7.4300e+02 3.6852e-11 3.2252e-09 2.7099e-08 6.1042e-08 7.2335e-08
7.4600e+02 3.6680e-11 3.1943e-09 2.7201e-08 6.0772e-08 7.2291e-08
7.4700e+02 3.6623e-11 3.1847e-09 2.7233e-08 6.0687e-08 7.2274e-08
7.4400e+02 3.6794e-11 3.2147e-09 2.7134e-08 6.0951e-08 7.2321e-08
7.4500e+02 3.6737e-11 3.2044e-09 2.7168e-08 6.0859e-08 7.2307e-08
7.5300e+02 3.6287e-11 3.1310e-09 2.7398e-08 6.0219e-08 7.2158e-08
7.4800e+02 3.6566e-11 3.1751e-09 2.7263e-08 6.0603e-08 7.2256e-08
7.5000e+02 3.6454e-11 3.1567e-09 2.7321e-08 6.0442e-08 7.2220e-08
7.5100e+02 3.6398e-11 3.1480e-09 2.7347e-08 6.0367e-08 7.2199e-08
7.4900e+02 3.6510e-11 3.1658e-09 2.7292e-08 6.0522e-08 7.2238e-08
7.5400e+02 3.6232e-11 3.1229e-09 2.7422e-08 6.0149e-08 7.2138e-08
7.5200e+02 3.6342e-11 3.1393e-09 2.7373e-08 6.0292e-08 7.2179e-08
7.5600e+02 3.6123e-11 3.1073e-09 2.7467e-08 6.0013e-08 7.2095e-08
7.5700e+02 3.6068e-11 3.0998e-09 2.7487e-08 5.9949e-08 7.2073e-08
7.5900e+02 3.5961e-11 3.0854e-09 2.7524e-08 5.9826e-08 7.2026e-08
7.5500e+02 3.6177e-11 3.1150e-09 2.7445e-08 6.0080e-08 7.2117e-08
7.6300e+02 3.5748e-11 3.0593e-09 2.7582e-08 5.9604e-08 7.1930e-08
7.6200e+02 3.5801e-11 3.0655e-09 2.7569e-08 5.9657e-08 7.1954e-08
7.6100e+02 3.5854e-11 3.0720e-09 2.7555e-08 5.9712e-08 7.1979e-08
7.6500e+02 3.5644e-11 3.0474e-09 2.7605e-08 5.9505e-08 7.1882e-08
7.5800e+02 3.6014e-11 3.0926e-09 2.7506e-08 5.9886e-08 7.2049e-08
7.6800e+02 3.5489e-11 3.0311e-09 2.7631e-08 5.9368e-08 7.1810e-08
7.6400e+02 3.5696e-11 3.0532e-09 2.7594e-08 5.9554e-08 7.1907e-08
7.6700e+02 3.5540e-11 3.0363e-09 2.7624e-08 5.9414e-08 7.1834e-08
7.6600e+02 3.5592e-11 3.0418e-09 2.7615e-08 5.9458e-08 7.1857e-08
7.6900e+02 3.5438e-11 3.0260e-09 2.7637e-08 5.9328e-08 7.1784e-08
7.7000e+02 3.5387e-11 3.0211e-09 2.7642e-08 5.9289e-08 7.1759e-08
7.7100e+02 3.5336e-11 3.0164e-09 2.7645e-08 5.9250e-08 7.1735e-08
7.7200e+02 3.5286e-11 3.0119e-09 2.7648e-08 5.9214e-08 7.1711e-08
7.6000e+02 3.5907e-11 3.0785e-09 2.7541e-08 5.9768e-08 7.2003e-08
7.7300e+02 3.5236e-11 3.0076e-09 2.7651e-08 5.9178e-08 7.1687e-08
7.7500e+02 3.5137e-11 2.9994e-09 2.7652e-08 5.9113e-08 7.1639e-08
7.7700e+02 3.5038e-11 2.9918e-09 2.7647e-08 5.9056e-08 7.1592e-08
7.7400e+02 3.5186e-11 3.0033e-09 2.7651e-08 5.9146e-08 7.1662e-08
7.7800e+02 3.4990e-11 2.9883e-09 2.7644e-08 5.9031e-08 7.1568e-08
7.8000e+02 3.4893e-11 2.9817e-09 2.7634e-08 5.8981e-08 7.1523e-08
7.7900e+02 3.4941e-11 2.9849e-09 2.7639e-08 5.9004e-08 7.1545e-08
7.8100e+02 3.4845e-11 2.9787e-09 2.7628e-08 5.8960e-08 7.1501e-08
7.7600e+02 3.5087e-11 2.9955e-09 2.7650e-08 5.9083e-08 7.1616e-08
7.8200e+02 3.4797e-11 2.9757e-09 2.7621e-08 5.8938e-08 7.1478e-08
7.8300e+02 3.4750e-11 2.9730e-09 2.7614e-08 5.8919e-08 7.1458e-08
7.8400e+02 3.4703e-11 2.9705e-09 2.7605e-08 5.8901e-08 7.1436e-08
7.8500e+02 3.4656e-11 2.9679e-09 2.7595e-08 5.8886e-08 7.1415e-08
7.8600e+02 3.4609e-11 2.9657e-09 2.7585e-08 5.8871e-08 7.1395e-08
7.8700e+02 3.4563e-11 2.9636e-09 2.7574e-08 5.8857e-08 7.1376e-08
7.8900e+02 3.4471e-11 2.9598e-09 2.7549e-08 5.8835e-08 7.1337e-08
7.9000e+02 3.4426e-11 2.9580e-09 2.7536e-08 5.8826e-08 7.1319e-08
7.9100e+02 3.4380e-11 2.9565e-09 2.7521e-08 5.8818e-08 7.1301e-08
7.8800e+02 3.4517e-11 2.9616e-09 2.7562e-08 5.8846e-08 7.1357e-08
7.9300e+02 3.4291e-11 2.9537e-09 2.7492e-08 5.8805e-08 7.1267e-08
7.9400e+02 3.4246e-11 2.9525e-09 2.7476e-08 5.8800e-08 7.1252e-08
7.9200e+02 3.4335e-11 2.9549e-09 2.7507e-08 5.8811e-08 7.1285e-08
7.9500e+02 3.4202e-11 2.9515e-09 2.7461e-08 5.8796e-08 7.1238e-08
7.9800e+02 3.4071e-11 2.9490e-09 2.7409e-08 5.8794e-08 7.1195e-08
7.9900e+02 3.4028e-11 2.9485e-09 2.7391e-08 5.8796e-08 7.1183e-08
7.9600e+02 3.4158e-11 2.9505e-09 2.7444e-08 5.8794e-08 7.1223e-08
7.9700e+02 3.4114e-11 2.9497e-09 2.7426e-08 5.8794e-08 7.1209e-08
8.0200e+02 3.3900e-11 2.9475e-09 2.7334e-08 5.8805e-08 7.1150e-08
8.0100e+02 3.3942e-11 2.9477e-09 2.7354e-08 5.8801e-08 7.1160e-08
8.0000e+02 3.3985e-11 2.9480e-09 2.7373e-08 5.8797e-08 7.1172e-08
8.0700e+02 3.3691e-11 2.9481e-09 2.7234e-08 5.8843e-08 7.1110e-08
8.0600e+02 3.3733e-11 2.9478e-09 2.7255e-08 5.8833e-08 7.1117e-08
8.0300e+02 3.3858e-11 2.9474e-09 2.7315e-08 5.8811e-08 7.1140e-08
8.0800e+02 3.3650e-11 2.9485e-09 2.7214e-08 5.8853e-08 7.1105e-08
8.0900e+02 3.3610e-11 2.9491e-09 2.7194e-08 5.8864e-08 7.1100e-08
8.1000e+02 3.3569e-11 2.9497e-09 2.7173e-08 5.8874e-08 7.1097e-08
8.1300e+02 3.3450e-11 2.9522e-09 2.7110e-08 5.8914e-08 7.1090e-08
8.1100e+02 3.3529e-11 2.9506e-09 2.7152e-08 5.8887e-08 7.1093e-08
8.1400e+02 3.3410e-11 2.9533e-09 2.7090e-08 5.8929e-08 7.1090e-08
8.0500e+02 3.3774e-11 2.9476e-09 2.7275e-08 5.8825e-08 7.1124e-08
8.1600e+02 3.3332e-11 2.9556e-09 2.7047e-08 5.8959e-08 7.1092e-08
8.1200e+02 3.3489e-11 2.9513e-09 2.7130e-08 5.8900e-08 7.1091e-08
8.0400e+02 3.3816e-11 2.9474e-09 2.7295e-08 5.8818e-08 7.1132e-08
8.1700e+02 3.3294e-11 2.9569e-09 2.7027e-08 5.8976e-08 7.1095e-08
8.1500e+02 3.3371e-11 2.9545e-09 2.7069e-08 5.8944e-08 7.1091e-08
8.2100e+02 3.3141e-11 2.9630e-09 2.6945e-08 5.9050e-08 7.1115e-08
8.1800e+02 3.3255e-11 2.9583e-09 2.7006e-08 5.8994e-08 7.1099e-08
8.2200e+02 3.3104e-11 2.9647e-09 2.6925e-08 5.9068e-08 7.1122e-08
8.1900e+02 3.3217e-11 2.9598e-09 2.6986e-08 5.9012e-08 7.1103e-08
8.2000e+02 3.3179e-11 2.9613e-09 2.6965e-08 5.9030e-08 7.1108e-08
8.2300e+02 3.3066e-11 2.9664e-09 2.6905e-08 5.9088e-08 7.1131e-08
8.2800e+02 3.2884e-11 2.9766e-09 2.6810e-08 5.9192e-08 7.1188e-08
8.2400e+02 3.3029e-11 2.9684e-09 2.6886e-08 5.9107e-08 7.1140e-08
8.2500e+02 3.2993e-11 2.9702e-09 2.6866e-08 5.9127e-08 7.1151e-08
8.2700e+02 3.2920e-11 2.9744e-09 2.6829e-08 5.9171e-08 7.1175e-08
8.2600e+02 3.2956e-11 2.9723e-09 2.6847e-08 5.9148e-08 7.1162e-08
8.3000e+02 3.2812e-11 2.9812e-09 2.6774e-08 5.9237e-08 7.1217e-08
8.2900e+02 3.2848e-11 2.9789e-09 2.6792e-08 5.9214e-08 7.1203e-08
8.3100e+02 3.2777e-11 2.9836e-09 2.6756e-08 5.9259e-08 7.1234e-08
8.3200e+02 3.2741e-11 2.9860e-09 2.6740e-08 5.9280e-08 7.1254e-08
8.3300e+02 3.2706e-11 2.9886e-09 2.6722e-08 5.9303e-08 7.1270e-08
8.3400e+02 3.2672e-11 2.9911e-09 2.6706e-08 5.9326e-08 7.1291e-08
8.3700e+02 3.2569e-11 2.9992e-09 2.6661e-08 5.9393e-08 7.1358e-08
8.3600e+02 3.2603e-11 2.9964e-09 2.6676e-08 5.9371e-08 7.1334e-08
8.3500e+02 3.2637e-11 2.9938e-09 2.6691e-08 5.9347e-08 7.1313e-08
8.3800e+02 3.2535e-11 3.0021e-09 2.6646e-08 5.9417e-08 7.1383e-08
8.3900e+02 3.2501e-11 3.0049e-09 2.6631e-08 5.9439e-08 7.1407e-08
8.4000e+02 3.2467e-11 3.0079e-09 2.6618e-08 5.9462e-08 7.1433e-08
8.4100e+02 3.2434e-11 3.0108e-09 2.6605e-08 5.9484e-08 7.1462e-08
8.4200e+02 3.2401e-11 3.0139e-09 2.6592e-08 5.9506e-08 7.1491e-08
8.4300e+02 3.2368e-11 3.0169e-09 2.6580e-08 5.9529e-08 7.1521e-08
8.4500e+02 3.2303e-11 3.0233e-09 2.6557e-08 5.9573e-08 7.1584e-08
8.4400e+02 3.2336e-11 3.0201e-09 2.6568e-08 5.9550e-08 7.1553e-08
8.4700e+02 3.2239e-11 3.0297e-09 2.6536e-08 5.9616e-08 7.1653e-08
8.4800e+02 3.2207e-11 3.0331e-09 2.6526e-08 5.9636e-08 7.1689e-08
8.4900e+02 3.2175e-11 3.0364e-09 2.6518e-08 5.9657e-08 7.1726e-08
8.5000e+02 3.2144e-11 3.0397e-09 2.6509e-08 5.9678e-08 7.1765e-08
8.4600e+02 3.2271e-11 3.0264e-09 2.6546e-08 5.9594e-08 7.1618e-08
8.5100e+02 3.2113e-11 3.0431e-09 2.6500e-08 5.9697e-08 7.1803e-08
8.5400e+02 3.2020e-11 3.0536e-09 2.6479e-08 5.9754e-08 7.1929e-08
8.5300e+02 3.2050e-11 3.0500e-09 2.6486e-08 5.9735e-08 7.1887e-08
8.5600e+02 3.1959e-11 3.0608e-09 2.6468e-08 5.9788e-08 7.2020e-08
8.5800e+02 3.1899e-11 3.0680e-09 2.6459e-08 5.9821e-08 7.2115e-08
8.5700e+02 3.1929e-11 3.0644e-09 2.6463e-08 5.9806e-08 7.2066e-08
8.5500e+02 3.1989e-11 3.0572e-09 2.6474e-08 5.9771e-08 7.1975e-08
8.5200e+02 3.2081e-11 3.0466e-09 2.6493e-08 5.9717e-08 7.1845e-08
8.5900e+02 3.1869e-11 3.0718e-09 2.6455e-08 5.9836e-08 7.2164e-08
8.6100e+02 3.1809e-11 3.0790e-09 2.6448e-08 5.9866e-08 7.2267e-08
8.6000e+02 3.1839e-11 3.0754e-09 2.6451e-08 5.9851e-08 7.2215e-08
8.6200e+02 3.1780e-11 3.0828e-09 2.6446e-08 5.9878e-08 7.2320e-08
8.6300e+02 3.1751e-11 3.0866e-09 2.6444e-08 5.9890e-08 7.2374e-08
8.6800e+02 3.1608e-11 3.1055e-09 2.6443e-08 5.9941e-08 7.2665e-08
8.6700e+02 3.1636e-11 3.1018e-09 2.6442e-08 5.9933e-08 7.2604e-08
8.6400e+02 3.1722e-11 3.0904e-09 2.6443e-08 5.9904e-08 7.2429e-08
8.6500e+02 3.1693e-11 3.0941e-09 2.6442e-08 5.9914e-08 7.2487e-08
8.7400e+02 3.1441e-11 3.1286e-09 2.6455e-08 5.9971e-08 7.3056e-08
8.6900e+02 3.1580e-11 3.1094e-09 2.6443e-08 5.9948e-08 7.2726e-08
8.7100e+02 3.1524e-11 3.1170e-09 2.6447e-08 5.9960e-08 7.2855e-08
8.6600e+02 3.1665e-11 3.0979e-09 2.6442e-08 5.9924e-08 7.2544e-08
8.7700e+02 3.1359e-11 3.1402e-09 2.6468e-08 5.9971e-08 7.3269e-08
8.7200e+02 3.1496e-11 3.1209e-09 2.6449e-08 5.9965e-08 7.2921e-08
8.7000e+02 3.1551e-11 3.1132e-09 2.6445e-08 5.9955e-08 7.2790e-08
8.7300e+02 3.1468e-11 3.1248e-09 2.6452e-08 5.9969e-08 7.2988e-08
8.7500e+02 3.1413e-11 3.1324e-09 2.6459e-08 5.9972e-08 7.3126e-08
8.7600e+02 3.1386e-11 3.1362e-09 2.6464e-08 5.9972e-08 7.3197e-08
8.7800e+02 3.1333e-11 3.1439e-09 2.6473e-08 5.9969e-08 7.3343e-08
8.8000e+02 3.1279e-11 3.1516e-09 2.6484e-08 5.9963e-08 7.3494e-08
8.8100e+02 3.1253e-11 3.1554e-09 2.6490e-08 5.9957e-08 7.3571e-08
8.7900e+02 3.1306e-11 3.1478e-09 2.6478e-08 5.9968e-08 7.3417e-08
8.8200e+02 3.1226e-11 3.1591e-09 2.6497e-08 5.9952e-08 7.3649e-08
8.8500e+02 3.1148e-11 3.1703e-09 2.6518e-08 5.9925e-08 7.3894e-08
8.8600e+02 3.1122e-11 3.1740e-09 2.6526e-08 5.9914e-08 7.3978e-08
8.8300e+02 3.1200e-11 3.1628e-09 2.6503e-08 5.9943e-08 7.3730e-08
8.8400e+02 3.1174e-11 3.1666e-09 2.6510e-08 5.9934e-08 7.3811e-08
8.8700e+02 3.1097e-11 3.1776e-09 2.6533e-08 5.9901e-08 7.4062e-08
8.8800e+02 3.1071e-11 3.1812e-09 2.6541e-08 5.9889e-08 7.4148e-08
8.8900e+02 3.1046e-11 3.1849e-09 2.6551e-08 5.9873e-08 7.4237e-08
8.9000e+02 3.1020e-11 3.1885e-09 2.6559e-08 5.9857e-08 7.4326e-08
8.9100e+02 3.0995e-11 3.1920e-09 2.6568e-08 5.9839e-08 7.4416e-08
8.9300e+02 3.0945e-11 3.1989e-09 2.6587e-08 5.9801e-08 7.4600e-08
8.9200e+02 3.0970e-11 3.1955e-09 2.6577e-08 5.9822e-08 7.4507e-08
8.9400e+02 3.0920e-11 3.2022e-09 2.6597e-08 5.9780e-08 7.4694e-08
8.9600e+02 3.0870e-11 3.2089e-09 2.6617e-08 5.9734e-08 7.4885e-08
8.9500e+02 3.0895e-11 3.2057e-09 2.6606e-08 5.9758e-08 7.4789e-08
8.9700e+02 3.0846e-11 3.2123e-09 2.6627e-08 5.9708e-08 7.4983e-08
8.9800e+02 3.0821e-11 3.2154e-09 2.6637e-08 5.9683e-08 7.5081e-08
8.9900e+02 3.0796e-11 3.2187e-09 2.6648e-08 5.9656e-08 7.5181e-08
9.0000e+02 3.0772e-11 3.2218e-09 2.6659e-08 5.9627e-08 7.5283e-08
9.0100e+02 3.0748e-11 3.2248e-09 2.6670e-08 5.9597e-08 7.5386e-08
9.0300e+02 3.0700e-11 3.2307e-09 2.6692e-08 5.9532e-08 7.5594e-08
9.0600e+02 3.0628e-11 3.2391e-09 2.6725e-08 5.9428e-08 7.5913e-08
9.0400e+02 3.0675e-11 3.2336e-09 2.6703e-08 5.9500e-08 7.5699e-08
9.0200e+02 3.0724e-11 3.2278e-09 2.6680e-08 5.9566e-08 7.5488e-08
9.0500e+02 3.0652e-11 3.2364e-09 2.6714e-08 5.9464e-08 7.5806e-08
9.0700e+02 3.0604e-11 3.2417e-09 2.6737e-08 5.9391e-08 7.6023e-08
9.0800e+02 3.0580e-11 3.2444e-09 2.6748e-08 5.9353e-08 7.6133e-08
9.1000e+02 3.0533e-11 3.2494e-09 2.6771e-08 5.9271e-08 7.6356e-08
9.0900e+02 3.0556e-11 3.2468e-09 2.6760e-08 5.9311e-08 7.6245e-08
9.1300e+02 3.0462e-11 3.2563e-09 2.6806e-08 5.9141e-08 7.6700e-08
9.1100e+02 3.0509e-11 3.2517e-09 2.6783e-08 5.9228e-08 7.6470e-08
9.1200e+02 3.0486e-11 3.2541e-09 2.6795e-08 5.9186e-08 7.6585e-08
9.1500e+02 3.0416e-11 3.2604e-09 2.6829e-08 5.9048e-08 7.6934e-08
9.1700e+02 3.0369e-11 3.2642e-09 2.6853e-08 5.8952e-08 7.7172e-08
9.1400e+02 3.0439e-11 3.2583e-09 2.6818e-08 5.9095e-08 7.6818e-08
9.1600e+02 3.0393e-11 3.2623e-09 2.6841e-08 5.9000e-08 7.7053e-08
9.2000e+02 3.0300e-11 3.2693e-09 2.6888e-08 5.8798e-08 7.7534e-08
9.1900e+02 3.0323e-11 3.2677e-09 2.6876e-08 5.8849e-08 7.7414e-08
9.1800e+02 3.0346e-11 3.2660e-09 2.6864e-08 5.8901e-08 7.7292e-08
9.2100e+02 3.0277e-11 3.2709e-09 2.6899e-08 5.8743e-08 7.7658e-08
9.2200e+02 3.0255e-11 3.2722e-09 2.6911e-08 5.8690e-08 7.7782e-08
9.2300e+02 3.0232e-11 3.2736e-09 2.6923e-08 5.8635e-08 7.7907e-08
9.2500e+02 3.0186e-11 3.2760e-09 2.6946e-08 5.8521e-08 7.8158e-08
9.2800e+02 3.0118e-11 3.2788e-09 2.6981e-08 5.8345e-08 7.8540e-08
9.2700e+02 3.0140e-11 3.2779e-09 2.6969e-08 5.8404e-08 7.8412e-08
9.2600e+02 3.0163e-11 3.2770e-09 2.6957e-08 5.8463e-08 7.8285e-08
9.2400e+02 3.0209e-11 3.2748e-09 2.6934e-08 5.8579e-08 7.8032e-08
9.2900e+02 3.0095e-11 3.2795e-09 2.6992e-08 5.8284e-08 7.8670e-08
9.3100e+02 3.0050e-11 3.2806e-09 2.7015e-08 5.8159e-08 7.8930e-08
9.3000e+02 3.0072e-11 3.2802e-09 2.7003e-08 5.8222e-08 7.8800e-08
9.3300e+02 3.0005e-11 3.2813e-09 2.7038e-08 5.8033e-08 7.9192e-08
9.3600e+02 2.9937e-11 3.2818e-09 2.7073e-08 5.7837e-08 7.9590e-08
9.3500e+02 2.9960e-11 3.2818e-09 2.7061e-08 5.7903e-08 7.9457e-08
9.3900e+02 2.9869e-11 3.2812e-09 2.7108e-08 5.7635e-08 7.9990e-08
9.3800e+02 2.9892e-11 3.2815e-09 2.7096e-08 5.7703e-08 7.9857e-08
9.3400e+02 2.9982e-11 3.2816e-09 2.7049e-08 5.7968e-08 7.9323e-08
9.3200e+02 3.0027e-11 3.2810e-09 2.7026e-08 5.8098e-08 7.9060e-08
9.3700e+02 2.9914e-11 3.2817e-09 2.7084e-08 5.7771e-08 7.9723e-08
9.4000e+02 2.9847e-11 3.2809e-09 2.7118e-08 5.7568e-08 8.0122e-08
9.4100e+02 2.9824e-11 3.2804e-09 2.7131e-08 5.7499e-08 8.0257e-08
9.4200e+02 2.9802e-11 3.2797e-09 2.7143e-08 5.7428e-08 8.0393e-08
9.4500e+02 2.9734e-11 3.2775e-09 2.7179e-08 5.7218e-08 8.0799e-08
9.4300e+02 2.9779e-11 3.2791e-09 2.7154e-08 5.7360e-08 8.0528e-08
9.4400e+02 2.9757e-11 3.2785e-09 2.7166e-08 5.7289e-08 8.0662e-08
9.4600e+02 2.9712e-11 3.2766e-09 2.7191e-08 5.7148e-08 8.0933e-08
9.4900e+02 2.9644e-11 3.2730e-09 2.7229e-08 5.6932e-08 8.1342e-08
9.4800e+02 2.9667e-11 3.2742e-09 2.7216e-08 5.7004e-08 8.1206e-08
9.4700e+02 2.9689e-11 3.2755e-09 2.7204e-08 5.7076e-08 8.1070e-08
9.5000e+02 2.9622e-11 3.2716e-09 2.7243e-08 5.6860e-08 8.1478e-08
9.5200e+02 2.9577e-11 3.2683e-09 2.7269e-08 5.6714e-08 8.1751e-08
9.5100e+02 2.9599e-11 3.2700e-09 2.7256e-08 5.6787e-08 8.1615e-08
9.5400e+02 2.9531e-11 3.2650e-09 2.7297e-08 5.6568e-08 8.2024e-08
9.5500e+02 2.9509e-11 3.2632e-09 2.7311e-08 5.6495e-08 8.2160e-08
9.5300e+02 2.9554e-11 3.2666e-09 2.7283e-08 5.6641e-08 8.1887e-08
9.5600e+02 2.9486e-11 3.2611e-09 2.7326e-08 5.6421e-08 8.2297e-08
9.5700e+02 2.9463e-11 3.2591e-09 2.7341e-08 5.6346e-08 8.2433e-08
9.6000e+02 2.9395e-11 3.2523e-09 2.7387e-08 5.6127e-08 8.2838e-08
9.5800e+02 2.9441e-11 3.2569e-09 2.7355e-08 5.6275e-08 8.2568e-08
9.5900e+02 2.9418e-11 3.2546e-09 2.7371e-08 5.6201e-08 8.2704e-08
9.6200e+02 2.9349e-11 3.2474e-09 2.7420e-08 5.5980e-08 8.3108e-08
9.6100e+02 2.9372e-11 3.2500e-09 2.7403e-08 5.6052e-08 8.2974e-08
9.6400e+02 2.9304e-11 3.2423e-09 2.7454e-08 5.5833e-08 8.3376e-08
9.6500e+02 2.9281e-11 3.2395e-09 2.7472e-08 5.5759e-08 8.3509e-08
9.6600e+02 2.9258e-11 3.2367e-09 2.7491e-08 5.5686e-08 8.3642e-08
9.6800e+02 2.9211e-11 3.2310e-09 2.7528e-08 5.5541e-08 8.3905e-08
9.6300e+02 2.9327e-11 3.2449e-09 2.7437e-08 5.5907e-08 8.3242e-08
9.6700e+02 2.9235e-11 3.2340e-09 2.7509e-08 5.5614e-08 8.3773e-08
9.6900e+02 2.9188e-11 3.2280e-09 2.7549e-08 5.5467e-08 8.4038e-08
9.7600e+02 2.9025e-11 3.2054e-09 2.7703e-08 5.4969e-08 8.4937e-08
9.7200e+02 2.9119e-11 3.2187e-09 2.7611e-08 5.5252e-08 8.4427e-08
9.7400e+02 2.9072e-11 3.2122e-09 2.7656e-08 5.5110e-08 8.4683e-08
9.7000e+02 2.9165e-11 3.2250e-09 2.7569e-08 5.5396e-08 8.4168e-08
9.8000e+02 2.8931e-11 3.1914e-09 2.7805e-08 5.4693e-08 8.5435e-08
9.7100e+02 2.9142e-11 3.2218e-09 2.7590e-08 5.5324e-08 8.4298e-08
9.7700e+02 2.9002e-11 3.2019e-09 2.7727e-08 5.4900e-08 8.5061e-08
9.7300e+02 2.9095e-11 3.2154e-09 2.7633e-08 5.5181e-08 8.4555e-08
9.7500e+02 2.9049e-11 3.2088e-09 2.7679e-08 5.5039e-08 8.4810e-08
9.7900e+02 2.8955e-11 3.1949e-09 2.7778e-08 5.4761e-08 8.5312e-08
9.8200e+02 2.8884e-11 3.1841e-09 2.7859e-08 5.4558e-08 8.5677e-08
9.8500e+02 2.8812e-11 3.1727e-09 2.7947e-08 5.4358e-08 8.6035e-08
9.8100e+02 2.8907e-11 3.1877e-09 2.7832e-08 5.4625e-08 8.5556e-08
9.8400e+02 2.8836e-11 3.1766e-09 2.7917e-08 5.4424e-08 8.5917e-08
9.8300e+02 2.8860e-11 3.1804e-09 2.7887e-08 5.4492e-08 8.5796e-08
9.8700e+02 2.8764e-11 3.1651e-09 2.8009e-08 5.4231e-08 8.6268e-08
9.8600e+02 2.8788e-11 3.1691e-09 2.7978e-08 5.4294e-08 8.6152e-08
9.7800e+02 2.8978e-11 3.1984e-09 2.7752e-08 5.4831e-08 8.5188e-08
9.8900e+02 2.8716e-11 3.1574e-09 2.8074e-08 5.4103e-08 8.6498e-08
9.8800e+02 2.8740e-11 3.1612e-09 2.8041e-08 5.4165e-08 8.6384e-08
9.9000e+02 2.8691e-11 3.1536e-09 2.8108e-08 5.4041e-08 8.6612e-08
9.9600e+02 2.8545e-11 3.1297e-09 2.8326e-08 5.3681e-08 8.7264e-08
9.9100e+02 2.8667e-11 3.1495e-09 2.8143e-08 5.3979e-08 8.6724e-08
9.9200e+02 2.8643e-11 3.1456e-09 2.8178e-08 5.3917e-08 8.6834e-08
9.9300e+02 2.8618e-11 3.1417e-09 2.8213e-08 5.3857e-08 8.6943e-08
9.9400e+02 2.8594e-11 3.1377e-09 2.8250e-08 5.3799e-08 8.7051e-08
9.9500e+02 2.8569e-11 3.1336e-09 2.8288e-08 5.3738e-08 8.7159e-08
9.9700e+02 2.8520e-11 3.1256e-09 2.8365e-08 5.3624e-08 8.7369e-08
1.0000e+03 2.8445e-11 3.1136e-09 2.8488e-08 5.3456e-08 8.7678e-08
9.9800e+02 2.8495e-11 3.1215e-09 2.8405e-08 5.3567e-08 8.7474e-08
9.9900e+02 2.8470e-11 3.1176e-09 2.8446e-08 5.3511e-08 8.7576e-08
