2.3000e+01 4.0551e-09 6.4121e-09 3.5522e-07 1.6820e-08 9.4434e-08 2.1554e-09
2.4000e+01 3.7263e-09 5.8986e-09 3.2616e-07 1.5483e-08 8.6714e-08 1.9819e-09
1.0000e+01 2.1837e-08 3.4210e-08 1.8826e-06 8.9490e-08 5.0029e-07 1.1539e-08
1.4000e+01 1.1025e-08 1.7324e-08 9.6016e-07 4.5349e-08 2.5517e-07 5.8369e-09
9.0000e+00 2.7130e-08 4.2436e-08 2.3244e-06 1.1090e-07 6.1766e-07 1.4321e-08
2.0000e+00 6.6941e-07 1.0374e-06 4.7043e-05 2.6948e-06 1.2496e-05 3.4889e-07
7.0000e+00 4.5469e-08 7.1005e-08 3.8425e-06 1.8550e-07 1.0210e-06 2.3970e-08
2.6000e+01 3.1747e-09 5.0332e-09 2.7778e-07 1.3216e-08 7.3863e-08 1.6901e-09
5.5000e+01 7.2039e-10 1.1891e-09 6.1548e-08 3.1603e-09 1.6433e-08 3.9249e-10
4.3000e+01 1.1667e-09 1.8881e-09 1.0105e-07 4.9914e-09 2.6927e-08 6.2863e-10
1.9000e+01 5.9523e-09 9.3865e-09 5.2093e-07 2.4612e-08 1.3846e-07 3.1586e-09
3.8000e+01 1.4909e-09 2.3955e-09 1.2960e-07 6.3188e-09 3.4507e-08 7.9999e-10
4.4000e+01 1.1163e-09 1.8083e-09 9.6478e-08 4.7797e-09 2.5714e-08 6.0178e-10
5.1000e+01 8.3476e-10 1.3684e-09 7.1659e-08 3.6290e-09 1.9121e-08 4.5302e-10
1.2000e+01 1.5073e-08 2.3650e-08 1.3072e-06 6.1896e-08 3.4738e-07 7.9730e-09
3.0000e+01 2.3866e-09 3.7985e-09 2.0843e-07 9.9856e-09 5.5441e-08 1.2735e-09
5.4000e+01 7.4609e-10 1.2296e-09 6.3866e-08 3.2671e-09 1.7049e-08 4.0614e-10
4.6000e+01 1.0215e-09 1.6608e-09 8.8215e-08 4.3968e-09 2.3519e-08 5.5184e-10
4.9000e+01 9.0286e-10 1.4749e-09 7.7672e-08 3.9089e-09 2.0719e-08 4.8905e-10
5.2000e+01 8.0327e-10 1.3191e-09 6.8909e-08 3.5008e-09 1.8390e-08 4.3638e-10
1.3000e+01 1.2829e-08 2.0131e-08 1.1137e-06 5.2672e-08 2.9597e-07 6.7866e-09
3.9000e+01 1.4154e-09 2.2775e-09 1.2300e-07 6.0106e-09 3.2755e-08 7.6012e-10
4.0000e+00 1.4674e-07 2.2793e-07 1.1765e-05 5.9469e-07 3.1256e-06 7.7016e-08
2.2000e+01 4.4347e-09 7.0088e-09 3.8832e-07 1.8390e-08 1.0323e-07 2.3565e-09
2.0000e+01 5.3751e-09 8.4772e-09 4.7006e-07 2.2213e-08 1.2495e-07 2.8524e-09
5.0000e+01 8.6786e-10 1.4201e-09 7.4575e-08 3.7653e-09 1.9896e-08 4.7053e-10
3.1000e+01 2.2339e-09 3.5597e-09 1.9514e-07 9.3621e-09 5.1913e-08 1.1928e-09
5.3000e+01 7.7377e-10 1.2728e-09 6.6315e-08 3.3802e-09 1.7701e-08 4.2078e-10
3.7000e+01 1.5732e-09 2.5236e-09 1.3674e-07 6.6509e-09 3.6404e-08 8.4333e-10
4.7000e+01 9.7964e-10 1.5949e-09 8.4475e-08 4.2229e-09 2.2526e-08 5.2963e-10
8.0000e+00 3.4442e-08 5.3888e-08 2.9419e-06 1.4095e-07 7.8174e-07 1.8181e-08
4.5000e+01 1.0677e-09 1.7326e-09 9.2208e-08 4.5823e-09 2.4580e-08 5.7617e-10
5.6000e+01 6.9578e-10 1.1505e-09 5.9356e-08 3.0596e-09 1.5850e-08 3.7946e-10
2.7000e+01 2.9426e-09 4.6697e-09 2.5752e-07 1.2268e-08 6.8481e-08 1.5675e-09
3.5000e+01 1.7533e-09 2.8084e-09 1.5291e-07 7.3990e-09 4.0697e-08 9.3902e-10
4.2000e+01 1.2230e-09 1.9757e-09 1.0595e-07 5.2187e-09 2.8229e-08 6.5827e-10
1.6000e+01 8.4253e-09 1.3249e-08 7.3493e-07 3.4689e-08 1.9533e-07 4.4631e-09
4.0000e+01 1.3467e-09 2.1699e-09 1.1689e-07 5.7278e-09 3.1133e-08 7.2379e-10
2.9000e+01 2.5510e-09 4.0565e-09 2.2311e-07 1.0663e-08 5.9341e-08 1.3605e-09
3.4000e+01 1.8610e-09 2.9751e-09 1.6208e-07 7.8326e-09 4.3134e-08 9.9559e-10
5.0000e+00 9.1486e-08 1.4244e-07 7.5303e-06 3.7188e-07 2.0008e-06 4.8115e-08
4.1000e+01 1.2828e-09 2.0697e-09 1.1122e-07 5.4650e-09 2.9628e-08 6.8996e-10
1.1000e+01 1.7988e-08 2.8186e-08 1.5558e-06 7.3725e-08 4.1344e-07 9.5070e-09
4.8000e+01 9.4031e-10 1.5332e-09 8.0967e-08 4.0609e-09 2.1594e-08 5.0880e-10
2.5000e+01 3.4347e-09 5.4409e-09 3.0052e-07 1.4283e-08 7.9903e-08 1.8276e-09
2.8000e+01 2.7380e-09 4.3506e-09 2.3940e-07 1.1432e-08 6.3666e-08 1.4595e-09
1.8000e+01 6.6437e-09 1.0463e-08 5.8051e-07 2.7410e-08 1.5430e-07 3.5227e-09
1.5000e+01 9.5897e-09 1.5081e-08 8.3630e-07 3.9504e-08 2.2226e-07 5.0799e-09
6.0000e+00 6.2430e-08 9.7393e-08 5.2298e-06 2.5455e-07 1.3896e-06 3.2888e-08
2.1000e+01 4.8700e-09 7.6896e-09 4.2627e-07 2.0166e-08 1.1331e-07 2.5863e-09
3.6000e+01 1.6586e-09 2.6580e-09 1.4449e-07 7.0045e-09 3.8461e-08 8.8865e-10
3.2000e+01 2.0974e-09 3.3453e-09 1.8309e-07 8.8027e-09 4.8711e-08 1.1206e-09
1.7000e+01 7.4512e-09 1.1732e-08 6.5092e-07 3.0739e-08 1.7300e-07 3.9501e-09
3.3000e+01 1.9711e-09 3.1491e-09 1.7211e-07 8.2931e-09 4.5795e-08 1.0542e-09
5.7000e+01 6.7196e-10 1.1137e-09 5.7278e-08 2.9634e-09 1.5297e-08 3.6693e-10
3.0000e+00 2.7321e-07 4.2335e-07 2.0912e-05 1.1030e-06 5.5553e-06 1.4297e-07
5.9000e+01 6.2812e-10 1.0455e-09 5.3438e-08 2.7852e-09 1.4275e-08 3.4379e-10
5.8000e+01 6.4933e-10 1.0786e-09 5.5308e-08 2.8720e-09 1.4773e-08 3.5500e-10
6.1000e+01 5.8898e-10 9.8404e-10 4.9973e-08 2.6236e-09 1.3352e-08 3.2303e-10
6.5000e+01 5.2090e-10 8.7818e-10 4.3987e-08 2.3468e-09 1.1755e-08 2.8708e-10
6.0000e+01 6.0806e-10 1.0142e-09 5.1662e-08 2.7023e-09 1.3802e-08 3.3316e-10
6.6000e+01 5.0618e-10 8.5483e-10 4.2659e-08 2.2853e-09 1.1401e-08 2.7923e-10
6.4000e+01 5.3664e-10 9.0257e-10 4.5378e-08 2.4110e-09 1.2127e-08 2.9539e-10
6.7000e+01 4.9175e-10 8.3226e-10 4.1392e-08 2.2266e-09 1.1063e-08 2.7160e-10
6.9000e+01 4.6462e-10 7.9021e-10 3.9022e-08 2.1169e-09 1.0429e-08 2.5729e-10
6.2000e+01 5.7049e-10 9.5539e-10 4.8366e-08 2.5492e-09 1.2923e-08 3.1329e-10
7.2000e+01 4.2823e-10 7.3399e-10 3.5836e-08 1.9697e-09 9.5766e-09 2.3810e-10
6.3000e+01 5.5314e-10 9.2834e-10 4.6835e-08 2.4783e-09 1.2515e-08 3.0412e-10
7.1000e+01 4.3963e-10 7.5175e-10 3.6853e-08 2.0167e-09 9.8488e-09 2.4414e-10
7.0000e+01 4.5183e-10 7.7048e-10 3.7914e-08 2.0656e-09 1.0133e-08 2.5056e-10
8.1000e+01 3.4283e-10 6.0163e-10 2.8339e-08 1.6234e-09 7.5636e-09 1.9296e-10
6.8000e+01 4.7782e-10 8.1074e-10 4.0180e-08 2.1706e-09 1.0739e-08 2.6426e-10
7.9000e+01 3.5915e-10 6.2700e-10 2.9783e-08 1.6902e-09 7.9521e-09 2.0162e-10
8.4000e+01 3.2026e-10 5.6696e-10 2.6367e-08 1.5327e-09 7.0322e-09 1.8106e-10
7.3000e+01 4.1731e-10 7.1686e-10 3.4862e-08 1.9244e-09 9.3156e-09 2.3229e-10
9.0000e+01 2.8189e-10 5.0809e-10 2.3006e-08 1.3795e-09 6.1244e-09 1.6081e-10
7.4000e+01 4.0661e-10 7.0020e-10 3.3928e-08 1.8816e-09 9.0650e-09 2.2665e-10
7.8000e+01 3.6801e-10 6.4049e-10 3.0547e-08 1.7254e-09 8.1576e-09 2.0627e-10
9.4000e+01 2.6034e-10 4.7530e-10 2.1119e-08 1.2940e-09 5.6133e-09 1.4946e-10
8.2000e+01 3.3501e-10 5.8958e-10 2.7657e-08 1.5921e-09 7.3800e-09 1.8884e-10
8.3000e+01 3.2744e-10 5.7799e-10 2.7000e-08 1.5620e-09 7.2030e-09 1.8486e-10
7.5000e+01 3.9648e-10 6.8454e-10 3.3031e-08 1.8400e-09 8.8245e-09 2.2129e-10
7.6000e+01 3.8668e-10 6.6931e-10 3.2169e-08 1.8003e-09 8.5934e-09 2.1611e-10
1.0300e+02 2.2073e-10 4.1578e-10 1.7658e-08 1.1393e-09 4.6730e-09 1.2863e-10
7.7000e+01 3.7723e-10 6.5466e-10 3.1342e-08 1.7620e-09 8.3713e-09 2.1111e-10
1.0200e+02 2.2465e-10 4.2154e-10 1.7997e-08 1.1542e-09 4.7653e-09 1.3069e-10
8.0000e+01 3.5076e-10 6.1410e-10 2.9047e-08 1.6561e-09 7.7542e-09 1.9718e-10
8.5000e+01 3.1340e-10 5.5627e-10 2.5756e-08 1.5047e-09 6.8674e-09 1.7741e-10
9.3000e+01 2.6546e-10 4.8311e-10 2.1568e-08 1.3142e-09 5.7349e-09 1.5216e-10
8.7000e+01 3.0010e-10 5.3582e-10 2.4598e-08 1.4518e-09 6.5548e-09 1.7041e-10
1.0700e+02 2.0643e-10 3.9450e-10 1.6394e-08 1.0839e-09 4.3290e-09 1.2111e-10
1.0600e+02 2.0985e-10 3.9958e-10 1.6696e-08 1.0971e-09 4.4113e-09 1.2291e-10
1.0500e+02 2.1339e-10 4.0482e-10 1.7008e-08 1.1106e-09 4.4961e-09 1.2477e-10
9.8000e+01 2.4153e-10 4.4676e-10 1.9462e-08 1.2193e-09 5.1634e-09 1.3954e-10
1.1300e+02 1.8777e-10 3.6722e-10 1.4744e-08 1.0135e-09 3.8796e-09 1.1134e-10
9.1000e+01 2.7628e-10 4.9949e-10 2.2511e-08 1.3570e-09 5.9903e-09 1.5785e-10
8.6000e+01 3.0673e-10 5.4588e-10 2.5167e-08 1.4778e-09 6.7084e-09 1.7388e-10
9.2000e+01 2.7084e-10 4.9120e-10 2.2031e-08 1.3351e-09 5.8605e-09 1.5498e-10
1.0800e+02 2.0307e-10 3.8955e-10 1.6100e-08 1.0712e-09 4.2489e-09 1.1935e-10
8.8000e+01 2.9370e-10 5.2617e-10 2.4049e-08 1.4269e-09 6.4064e-09 1.6706e-10
9.5000e+01 2.5542e-10 4.6782e-10 2.0685e-08 1.2744e-09 5.4955e-09 1.4686e-10
1.0000e+02 2.3282e-10 4.3371e-10 1.8707e-08 1.1856e-09 4.9584e-09 1.3497e-10
9.6000e+01 2.5062e-10 4.6061e-10 2.0264e-08 1.2554e-09 5.3814e-09 1.4434e-10
9.7000e+01 2.4601e-10 4.5357e-10 1.9857e-08 1.2371e-09 5.2707e-09 1.4190e-10
9.9000e+01 2.3714e-10 4.4012e-10 1.9079e-08 1.2021e-09 5.0594e-09 1.3723e-10
8.9000e+01 2.8768e-10 5.1697e-10 2.3519e-08 1.4027e-09 6.2630e-09 1.6388e-10
1.0100e+02 2.2866e-10 4.2751e-10 1.8347e-08 1.1697e-09 4.8605e-09 1.3279e-10
1.1000e+02 1.9665e-10 3.8016e-10 1.5536e-08 1.0471e-09 4.0951e-09 1.1599e-10
1.0400e+02 2.1701e-10 4.1021e-10 1.7328e-08 1.1247e-09 4.5832e-09 1.2667e-10
1.0900e+02 1.9977e-10 3.8478e-10 1.5814e-08 1.0589e-09 4.1709e-09 1.1763e-10
1.1100e+02 1.9358e-10 3.7570e-10 1.5265e-08 1.0356e-09 4.0213e-09 1.1439e-10
1.1200e+02 1.9065e-10 3.7140e-10 1.5001e-08 1.0244e-09 3.9495e-09 1.1285e-10
1.1500e+02 1.8227e-10 3.5920e-10 1.4251e-08 9.9289e-10 3.7451e-09 1.0845e-10
1.1600e+02 1.7957e-10 3.5538e-10 1.4013e-08 9.8301e-10 3.6805e-09 1.0704e-10
1.1400e+02 1.8497e-10 3.6316e-10 1.4494e-08 1.0030e-09 3.8115e-09 1.0987e-10
1.1700e+02 1.7695e-10 3.5161e-10 1.3782e-08 9.7359e-10 3.6175e-09 1.0568e-10
1.1900e+02 1.7187e-10 3.4452e-10 1.3337e-08 9.5548e-10 3.4962e-09 1.0304e-10
1.2500e+02 1.5834e-10 3.2579e-10 1.2125e-08 9.0776e-10 3.1664e-09 9.6009e-11
1.2100e+02 1.6711e-10 3.3788e-10 1.2913e-08 9.3854e-10 3.3808e-09 1.0057e-10
1.2200e+02 1.6482e-10 3.3471e-10 1.2709e-08 9.3048e-10 3.3252e-09 9.9378e-11
1.1800e+02 1.7437e-10 3.4804e-10 1.3557e-08 9.6431e-10 3.5560e-09 1.0434e-10
1.2000e+02 1.6946e-10 3.4113e-10 1.3122e-08 9.4688e-10 3.4378e-09 1.0179e-10
1.2900e+02 1.5034e-10 3.1504e-10 1.1407e-08 8.8079e-10 2.9716e-09 9.1874e-11
1.2700e+02 1.5426e-10 3.2026e-10 1.1758e-08 8.9377e-10 3.0667e-09 9.3897e-11
1.2600e+02 1.5627e-10 3.2297e-10 1.1939e-08 9.0067e-10 3.1160e-09 9.4938e-11
1.2800e+02 1.5228e-10 3.1760e-10 1.1580e-08 8.8716e-10 3.0186e-09 9.2873e-11
1.2300e+02 1.6262e-10 3.3166e-10 1.2509e-08 9.2260e-10 3.2710e-09 9.8233e-11
1.2400e+02 1.6045e-10 3.2866e-10 1.2315e-08 9.1510e-10 3.2181e-09 9.7105e-11
1.3300e+02 1.4309e-10 3.0564e-10 1.0752e-08 8.5740e-10 2.7941e-09 8.8143e-11
1.4100e+02 1.3059e-10 2.9018e-10 9.6007e-09 8.1972e-10 2.4832e-09 8.1738e-11
1.3700e+02 1.3655e-10 2.9740e-10 1.0152e-08 8.3716e-10 2.6318e-09 8.4786e-11
1.3000e+02 1.4845e-10 3.1258e-10 1.1238e-08 8.7460e-10 2.9257e-09 9.0899e-11
1.3200e+02 1.4484e-10 3.0785e-10 1.0910e-08 8.6297e-10 2.8370e-09 8.9039e-11
1.3100e+02 1.4661e-10 3.1020e-10 1.1072e-08 8.6863e-10 2.8808e-09 8.9956e-11
1.3800e+02 1.3501e-10 2.9551e-10 1.0010e-08 8.3255e-10 2.5935e-09 8.3998e-11
1.5100e+02 1.1769e-10 2.7623e-10 8.4045e-09 7.8762e-10 2.1623e-09 7.5243e-11
1.5200e+02 1.1656e-10 2.7514e-10 8.2973e-09 7.8521e-10 2.1336e-09 7.4676e-11
1.3600e+02 1.3813e-10 2.9937e-10 1.0297e-08 8.4193e-10 2.6711e-09 8.5597e-11
1.3900e+02 1.3351e-10 2.9368e-10 9.8705e-09 8.2809e-10 2.5559e-09 8.3231e-11
1.5000e+02 1.1885e-10 2.7736e-10 8.5137e-09 7.9019e-10 2.1915e-09 7.5820e-11
1.3400e+02 1.4139e-10 3.0347e-10 1.0597e-08 8.5208e-10 2.7522e-09 8.7269e-11
1.3500e+02 1.3975e-10 3.0138e-10 1.0445e-08 8.4693e-10 2.7112e-09 8.6422e-11
1.4000e+02 1.3204e-10 2.9191e-10 9.7343e-09 8.2381e-10 2.5192e-09 8.2479e-11
1.4300e+02 1.2778e-10 2.8694e-10 9.3419e-09 8.1203e-10 2.4136e-09 8.0314e-11
1.4700e+02 1.2249e-10 2.8115e-10 8.8546e-09 7.9861e-10 2.2828e-09 7.7649e-11
1.4800e+02 1.2124e-10 2.7984e-10 8.7387e-09 7.9563e-10 2.2517e-09 7.7023e-11
1.4600e+02 1.2376e-10 2.8250e-10 8.9728e-09 8.0175e-10 2.3144e-09 7.8287e-11
1.4400e+02 1.2641e-10 2.8541e-10 9.2164e-09 8.0841e-10 2.3798e-09 7.9621e-11
1.4200e+02 1.2916e-10 2.8854e-10 9.4700e-09 8.1578e-10 2.4480e-09 8.1016e-11
1.4500e+02 1.2507e-10 2.8393e-10 9.0933e-09 8.0499e-10 2.3468e-09 7.8948e-11
1.5900e+02 1.0924e-10 2.6870e-10 7.6019e-09 7.7222e-10 1.9484e-09 7.1055e-11
1.5700e+02 1.1122e-10 2.7030e-10 7.7912e-09 7.7528e-10 1.9987e-09 7.2029e-11
1.5300e+02 1.1544e-10 2.7406e-10 8.1922e-09 7.8298e-10 2.1056e-09 7.4120e-11
1.5600e+02 1.1225e-10 2.7119e-10 7.8886e-09 7.7699e-10 2.0247e-09 7.2537e-11
1.5800e+02 1.1022e-10 2.6949e-10 7.6957e-09 7.7368e-10 1.9733e-09 7.1535e-11
1.5400e+02 1.1436e-10 2.7305e-10 8.0891e-09 7.8086e-10 2.0781e-09 7.3584e-11
1.5500e+02 1.1330e-10 2.7211e-10 7.9879e-09 7.7884e-10 2.0511e-09 7.3055e-11
1.6000e+02 1.0826e-10 2.6797e-10 7.5097e-09 7.7088e-10 1.9239e-09 7.0577e-11
1.6200e+02 1.0637e-10 2.6663e-10 7.3306e-09 7.6860e-10 1.8763e-09 6.9656e-11
1.6100e+02 1.0730e-10 2.6727e-10 7.4193e-09 7.6968e-10 1.8999e-09 7.0110e-11
1.4900e+02 1.2003e-10 2.7858e-10 8.6251e-09 7.9284e-10 2.2213e-09 7.6412e-11
1.6300e+02 1.0546e-10 2.6602e-10 7.2435e-09 7.6766e-10 1.8532e-09 6.9212e-11
1.6500e+02 1.0369e-10 2.6494e-10 7.0740e-09 7.6612e-10 1.8083e-09 6.8356e-11
1.6400e+02 1.0456e-10 2.6547e-10 7.1580e-09 7.6683e-10 1.8306e-09 6.8779e-11
1.6900e+02 1.0035e-10 2.6328e-10 6.7528e-09 7.6456e-10 1.7234e-09 6.6757e-11
1.6700e+02 1.0198e-10 2.6402e-10 6.9105e-09 7.6512e-10 1.7651e-09 6.7536e-11
1.6600e+02 1.0283e-10 2.6446e-10 6.9915e-09 7.6555e-10 1.7865e-09 6.7943e-11
1.6800e+02 1.0115e-10 2.6363e-10 6.8310e-09 7.6479e-10 1.7440e-09 6.7141e-11
1.7000e+02 9.9552e-11 2.6296e-10 6.6761e-09 7.6447e-10 1.7031e-09 6.6379e-11
1.7100e+02 9.8779e-11 2.6268e-10 6.6007e-09 7.6451e-10 1.6832e-09 6.6012e-11
1.7400e+02 9.6536e-11 2.6208e-10 6.3825e-09 7.6535e-10 1.6256e-09 6.4956e-11
1.7300e+02 9.7267e-11 2.6223e-10 6.4540e-09 7.6496e-10 1.6444e-09 6.5299e-11
1.7500e+02 9.5815e-11 2.6194e-10 6.3123e-09 7.6587e-10 1.6071e-09 6.4619e-11
1.7200e+02 9.8017e-11 2.6243e-10 6.5267e-09 7.6468e-10 1.6636e-09 6.5651e-11
1.7600e+02 9.5103e-11 2.6186e-10 6.2434e-09 7.6649e-10 1.5889e-09 6.4287e-11
1.7700e+02 9.4402e-11 2.6180e-10 6.1756e-09 7.6724e-10 1.5710e-09 6.3961e-11
1.7900e+02 9.3043e-11 2.6180e-10 6.0437e-09 7.6910e-10 1.5362e-09 6.3334e-11
1.8200e+02 9.1079e-11 2.6209e-10 5.8543e-09 7.7273e-10 1.4863e-09 6.2436e-11
1.8100e+02 9.1725e-11 2.6196e-10 5.9163e-09 7.7140e-10 1.5027e-09 6.2730e-11
1.8300e+02 9.0445e-11 2.6226e-10 5.7933e-09 7.7419e-10 1.4702e-09 6.2148e-11
1.7800e+02 9.3714e-11 2.6177e-10 6.1091e-09 7.6812e-10 1.5535e-09 6.3643e-11
1.8000e+02 9.2381e-11 2.6187e-10 5.9795e-09 7.7019e-10 1.5193e-09 6.3030e-11
1.8700e+02 8.8015e-11 2.6333e-10 5.5598e-09 7.8120e-10 1.4087e-09 6.1057e-11
1.8400e+02 8.9819e-11 2.6248e-10 5.7334e-09 7.7576e-10 1.4544e-09 6.1866e-11
1.8600e+02 8.8611e-11 2.6300e-10 5.6167e-09 7.7928e-10 1.4237e-09 6.1323e-11
1.8800e+02 8.7432e-11 2.6370e-10 5.5040e-09 7.8324e-10 1.3939e-09 6.0798e-11
1.8500e+02 8.9210e-11 2.6272e-10 5.6746e-09 7.7746e-10 1.4389e-09 6.1591e-11
1.8900e+02 8.6859e-11 2.6410e-10 5.4491e-09 7.8541e-10 1.3795e-09 6.0545e-11
1.9000e+02 8.6292e-11 2.6453e-10 5.3951e-09 7.8772e-10 1.3652e-09 6.0295e-11
1.9200e+02 8.5196e-11 2.6550e-10 5.2900e-09 7.9274e-10 1.3374e-09 5.9815e-11
2.0100e+02 8.0661e-11 2.7179e-10 4.8595e-09 8.2152e-10 1.2234e-09 5.7876e-11
1.9300e+02 8.4662e-11 2.6606e-10 5.2388e-09 7.9540e-10 1.3239e-09 5.9583e-11
1.9500e+02 8.3613e-11 2.6728e-10 5.1390e-09 8.0112e-10 1.2975e-09 5.9130e-11
1.9900e+02 8.1615e-11 2.7011e-10 4.9495e-09 8.1422e-10 1.2473e-09 5.8277e-11
1.9400e+02 8.4132e-11 2.6666e-10 5.1884e-09 7.9819e-10 1.3106e-09 5.9354e-11
1.9100e+02 8.5737e-11 2.6499e-10 5.3421e-09 7.9017e-10 1.3512e-09 6.0051e-11
1.9600e+02 8.3101e-11 2.6792e-10 5.0903e-09 8.0420e-10 1.2846e-09 5.8909e-11
1.9800e+02 8.2101e-11 2.6935e-10 4.9956e-09 8.1075e-10 1.2595e-09 5.8483e-11
2.0200e+02 8.0194e-11 2.7269e-10 4.8157e-09 8.2537e-10 1.2117e-09 5.7681e-11
1.9700e+02 8.2597e-11 2.6861e-10 5.0426e-09 8.0741e-10 1.2720e-09 5.8694e-11
2.0400e+02 7.9280e-11 2.7455e-10 4.7303e-09 8.3354e-10 1.1890e-09 5.7302e-11
2.0300e+02 7.9734e-11 2.7361e-10 4.7727e-09 8.2938e-10 1.2003e-09 5.7490e-11
2.0700e+02 7.7955e-11 2.7765e-10 4.6077e-09 8.4686e-10 1.1562e-09 5.6757e-11
2.0000e+02 8.1135e-11 2.7093e-10 4.9041e-09 8.1781e-10 1.2352e-09 5.8075e-11
2.0500e+02 7.8831e-11 2.7554e-10 4.6888e-09 8.3783e-10 1.1779e-09 5.7116e-11
2.0600e+02 7.8390e-11 2.7658e-10 4.6479e-09 8.4228e-10 1.1670e-09 5.6935e-11
2.0900e+02 7.7099e-11 2.7995e-10 4.5294e-09 8.5642e-10 1.1353e-09 5.6409e-11
2.0800e+02 7.7526e-11 2.7878e-10 4.5683e-09 8.5157e-10 1.1457e-09 5.6582e-11
2.1000e+02 7.6678e-11 2.8116e-10 4.4913e-09 8.6140e-10 1.1250e-09 5.6238e-11
2.1200e+02 7.5853e-11 2.8368e-10 4.4170e-09 8.7186e-10 1.1051e-09 5.5906e-11
2.1100e+02 7.6264e-11 2.8240e-10 4.4538e-09 8.6655e-10 1.1150e-09 5.6071e-11
2.1600e+02 7.4266e-11 2.8921e-10 4.2760e-09 8.9466e-10 1.0670e-09 5.5272e-11
2.1300e+02 7.5449e-11 2.8499e-10 4.3808e-09 8.7733e-10 1.0953e-09 5.5743e-11
2.1700e+02 7.3880e-11 2.9071e-10 4.2422e-09 9.0075e-10 1.0578e-09 5.5119e-11
2.1400e+02 7.5050e-11 2.8635e-10 4.3453e-09 8.8295e-10 1.0857e-09 5.5584e-11
2.1500e+02 7.4656e-11 2.8776e-10 4.3103e-09 8.8873e-10 1.0763e-09 5.5427e-11
2.1900e+02 7.3120e-11 2.9386e-10 4.1764e-09 9.1339e-10 1.0400e-09 5.4819e-11
2.2000e+02 7.2747e-11 2.9549e-10 4.1444e-09 9.1996e-10 1.0313e-09 5.4672e-11
2.1800e+02 7.3497e-11 2.9226e-10 4.2090e-09 9.0699e-10 1.0488e-09 5.4967e-11
2.2200e+02 7.2014e-11 2.9885e-10 4.0820e-09 9.3367e-10 1.0142e-09 5.4384e-11
2.2300e+02 7.1653e-11 3.0061e-10 4.0515e-09 9.4079e-10 1.0059e-09 5.4242e-11
2.2500e+02 7.0947e-11 3.0426e-10 3.9923e-09 9.5557e-10 9.8967e-10 5.3967e-11
2.2100e+02 7.2378e-11 2.9716e-10 4.1129e-09 9.2672e-10 1.0227e-09 5.4527e-11
2.2400e+02 7.1297e-11 3.0241e-10 4.0217e-09 9.4809e-10 9.9773e-10 5.4103e-11
2.2600e+02 7.0600e-11 3.0617e-10 3.9634e-09 9.6321e-10 9.8174e-10 5.3832e-11
2.3000e+02 6.9238e-11 3.1430e-10 3.8529e-09 9.9561e-10 9.5123e-10 5.3300e-11
2.2900e+02 6.9573e-11 3.1221e-10 3.8798e-09 9.8721e-10 9.5868e-10 5.3432e-11
2.2800e+02 6.9913e-11 3.1016e-10 3.9072e-09 9.7901e-10 9.6624e-10 5.3564e-11
2.2700e+02 7.0255e-11 3.0815e-10 3.9351e-09 9.7102e-10 9.7393e-10 5.3697e-11
2.3100e+02 6.8906e-11 3.1642e-10 3.8265e-09 1.0042e-09 9.4389e-10 5.3171e-11
2.3300e+02 6.8254e-11 3.2085e-10 3.7749e-09 1.0220e-09 9.2956e-10 5.2916e-11
2.3200e+02 6.8578e-11 3.1860e-10 3.8005e-09 1.0130e-09 9.3667e-10 5.3042e-11
2.3400e+02 6.7934e-11 3.2314e-10 3.7498e-09 1.0312e-09 9.2256e-10 5.2791e-11
2.3500e+02 6.7617e-11 3.2548e-10 3.7252e-09 1.0406e-09 9.1567e-10 5.2667e-11
2.3700e+02 6.6988e-11 3.3030e-10 3.6771e-09 1.0601e-09 9.0220e-10 5.2420e-11
2.3600e+02 6.7302e-11 3.2786e-10 3.7009e-09 1.0502e-09 9.0888e-10 5.2544e-11
2.4000e+02 6.6062e-11 3.3800e-10 3.6080e-09 1.0907e-09 8.8277e-10 5.2054e-11
2.3900e+02 6.6368e-11 3.3538e-10 3.6307e-09 1.0803e-09 8.8915e-10 5.2175e-11
2.4100e+02 6.5759e-11 3.4066e-10 3.5858e-09 1.1014e-09 8.7649e-10 5.1933e-11
2.4200e+02 6.5458e-11 3.4336e-10 3.5640e-09 1.1123e-09 8.7031e-10 5.1813e-11
2.3800e+02 6.6676e-11 3.3280e-10 3.6537e-09 1.0701e-09 8.9562e-10 5.2297e-11
2.4400e+02 6.4866e-11 3.4892e-10 3.5214e-09 1.1347e-09 8.5823e-10 5.1575e-11
2.4500e+02 6.4574e-11 3.5178e-10 3.5006e-09 1.1463e-09 8.5232e-10 5.1457e-11
2.4600e+02 6.4283e-11 3.5470e-10 3.4802e-09 1.1581e-09 8.4651e-10 5.1339e-11
2.4700e+02 6.3993e-11 3.5769e-10 3.4601e-09 1.1702e-09 8.4079e-10 5.1220e-11
2.5100e+02 6.2853e-11 3.7022e-10 3.3832e-09 1.2206e-09 8.1876e-10 5.0747e-11
2.5300e+02 6.2291e-11 3.7680e-10 3.3467e-09 1.2472e-09 8.0824e-10 5.0507e-11
2.5200e+02 6.2571e-11 3.7349e-10 3.3648e-09 1.2337e-09 8.1346e-10 5.0627e-11
2.4300e+02 6.5161e-11 3.4611e-10 3.5425e-09 1.1234e-09 8.6422e-10 5.1694e-11
2.4800e+02 6.3706e-11 3.6073e-10 3.4404e-09 1.1824e-09 8.3515e-10 5.1102e-11
2.5000e+02 6.3136e-11 3.6699e-10 3.4020e-09 1.2076e-09 8.2414e-10 5.0865e-11
2.5800e+02 6.0916e-11 3.9423e-10 3.2604e-09 1.3177e-09 7.8333e-10 4.9906e-11
2.5700e+02 6.1188e-11 3.9064e-10 3.2771e-09 1.3031e-09 7.8816e-10 5.0027e-11
2.5900e+02 6.0646e-11 3.9789e-10 3.2440e-09 1.3326e-09 7.7857e-10 4.9785e-11
2.4900e+02 6.3421e-11 3.6383e-10 3.4210e-09 1.1949e-09 8.2960e-10 5.0984e-11
2.5400e+02 6.2012e-11 3.8018e-10 3.3289e-09 1.2608e-09 8.0311e-10 5.0387e-11
2.5500e+02 6.1735e-11 3.8361e-10 3.3113e-09 1.2747e-09 7.9805e-10 5.0267e-11
2.6200e+02 5.9842e-11 4.0919e-10 3.1962e-09 1.3784e-09 7.6472e-10 4.9418e-11
2.5600e+02 6.1461e-11 3.8710e-10 3.2941e-09 1.2888e-09 7.9306e-10 5.0147e-11
2.6000e+02 6.0377e-11 4.0160e-10 3.2278e-09 1.3476e-09 7.7388e-10 4.9664e-11
2.6100e+02 6.0109e-11 4.0536e-10 3.2119e-09 1.3629e-09 7.6927e-10 4.9541e-11
2.6400e+02 5.9312e-11 4.1703e-10 3.1657e-09 1.4100e-09 7.5584e-10 4.9171e-11
2.6300e+02 5.9576e-11 4.1308e-10 3.1808e-09 1.3941e-09 7.6025e-10 4.9295e-11
2.6500e+02 5.9049e-11 4.2103e-10 3.1507e-09 1.4262e-09 7.5150e-10 4.9046e-11
2.6700e+02 5.8526e-11 4.2916e-10 3.1215e-09 1.4591e-09 7.4301e-10 4.8793e-11
2.6900e+02 5.8007e-11 4.3748e-10 3.0931e-09 1.4928e-09 7.3478e-10 4.8538e-11
2.6600e+02 5.8787e-11 4.2507e-10 3.1360e-09 1.4425e-09 7.4722e-10 4.8920e-11
2.6800e+02 5.8266e-11 4.3330e-10 3.1072e-09 1.4758e-09 7.3886e-10 4.8666e-11
2.7000e+02 5.7751e-11 4.4170e-10 3.0793e-09 1.5099e-09 7.3076e-10 4.8410e-11
2.7100e+02 5.7494e-11 4.4597e-10 3.0656e-09 1.5272e-09 7.2680e-10 4.8281e-11
2.7500e+02 5.6481e-11 4.6348e-10 3.0127e-09 1.5982e-09 7.1154e-10 4.7756e-11
2.7200e+02 5.7239e-11 4.5029e-10 3.0521e-09 1.5447e-09 7.2290e-10 4.8151e-11
2.7300e+02 5.6985e-11 4.5464e-10 3.0388e-09 1.5624e-09 7.1905e-10 4.8020e-11
2.7600e+02 5.6230e-11 4.6796e-10 3.0000e-09 1.6163e-09 7.0787e-10 4.7623e-11
2.7800e+02 5.5730e-11 4.7706e-10 2.9749e-09 1.6528e-09 7.0069e-10 4.7353e-11
2.7700e+02 5.5980e-11 4.7250e-10 2.9874e-09 1.6345e-09 7.0425e-10 4.7488e-11
2.7400e+02 5.6733e-11 4.5904e-10 3.0257e-09 1.5802e-09 7.1527e-10 4.7889e-11
2.7900e+02 5.5481e-11 4.8166e-10 2.9626e-09 1.6712e-09 6.9718e-10 4.7216e-11
2.8000e+02 5.5233e-11 4.8629e-10 2.9505e-09 1.6897e-09 6.9373e-10 4.7078e-11
2.8100e+02 5.4986e-11 4.9093e-10 2.9385e-09 1.7083e-09 6.9032e-10 4.6940e-11
2.8200e+02 5.4739e-11 4.9556e-10 2.9266e-09 1.7269e-09 6.8697e-10 4.6800e-11
2.8300e+02 5.4494e-11 5.0021e-10 2.9149e-09 1.7455e-09 6.8366e-10 4.6659e-11
2.8500e+02 5.4006e-11 5.0957e-10 2.8918e-09 1.7827e-09 6.7720e-10 4.6376e-11
2.8400e+02 5.4250e-11 5.0487e-10 2.9033e-09 1.7641e-09 6.8041e-10 4.6518e-11
2.8600e+02 5.3764e-11 5.1428e-10 2.8805e-09 1.8013e-09 6.7404e-10 4.6233e-11
2.8700e+02 5.3521e-11 5.1900e-10 2.8692e-09 1.8198e-09 6.7093e-10 4.6088e-11
2.8900e+02 5.3040e-11 5.2841e-10 2.8471e-09 1.8567e-09 6.6485e-10 4.5797e-11
2.8800e+02 5.3280e-11 5.2371e-10 2.8581e-09 1.8383e-09 6.6787e-10 4.5943e-11
2.9000e+02 5.2801e-11 5.3309e-10 2.8362e-09 1.8750e-09 6.6187e-10 4.5650e-11
2.9100e+02 5.2562e-11 5.3775e-10 2.8253e-09 1.8932e-09 6.5894e-10 4.5502e-11
2.9400e+02 5.1848e-11 5.5157e-10 2.7934e-09 1.9467e-09 6.5039e-10 4.5049e-11
2.9200e+02 5.2323e-11 5.4238e-10 2.8146e-09 1.9112e-09 6.5605e-10 4.5352e-11
2.9300e+02 5.2085e-11 5.4699e-10 2.8040e-09 1.9291e-09 6.5320e-10 4.5201e-11
2.9900e+02 5.0673e-11 5.7398e-10 2.7417e-09 2.0304e-09 6.3696e-10 4.4277e-11
2.9500e+02 5.1611e-11 5.5613e-10 2.7829e-09 1.9640e-09 6.4763e-10 4.4896e-11
2.9700e+02 5.1141e-11 5.6517e-10 2.7622e-09 1.9978e-09 6.4222e-10 4.4589e-11
2.9600e+02 5.1375e-11 5.6067e-10 2.7725e-09 1.9811e-09 6.4491e-10 4.4743e-11
3.0900e+02 4.8371e-11 6.1288e-10 2.6422e-09 2.1658e-09 6.1283e-10 4.2663e-11
3.0000e+02 5.0441e-11 5.7828e-10 2.7315e-09 2.0460e-09 6.3439e-10 4.4120e-11
2.9800e+02 5.0907e-11 5.6961e-10 2.7519e-09 2.0143e-09 6.3957e-10 4.4433e-11
3.0300e+02 4.9745e-11 5.9071e-10 2.7014e-09 2.0906e-09 6.2690e-10 4.3643e-11
3.0500e+02 4.9285e-11 5.9856e-10 2.6815e-09 2.1179e-09 6.2208e-10 4.3319e-11
3.0400e+02 4.9515e-11 5.9469e-10 2.6914e-09 2.1045e-09 6.2447e-10 4.3481e-11
3.0200e+02 4.9977e-11 5.8665e-10 2.7114e-09 2.0762e-09 6.2936e-10 4.3803e-11
3.1100e+02 4.7917e-11 6.1927e-10 2.6226e-09 2.1860e-09 6.0839e-10 4.2330e-11
3.1000e+02 4.8144e-11 6.1614e-10 2.6324e-09 2.1762e-09 6.1059e-10 4.2497e-11
3.0100e+02 5.0209e-11 5.8250e-10 2.7214e-09 2.0613e-09 6.3186e-10 4.3962e-11
3.0600e+02 4.9056e-11 6.0232e-10 2.6716e-09 2.1307e-09 6.1971e-10 4.3157e-11
3.1200e+02 4.7691e-11 6.2227e-10 2.6129e-09 2.1951e-09 6.0622e-10 4.2162e-11
3.0700e+02 4.8827e-11 6.0596e-10 2.6618e-09 2.1430e-09 6.1739e-10 4.2993e-11
3.1300e+02 4.7466e-11 6.2512e-10 2.6032e-09 2.2035e-09 6.0407e-10 4.1993e-11
3.1400e+02 4.7241e-11 6.2784e-10 2.5935e-09 2.2112e-09 6.0196e-10 4.1824e-11
3.1600e+02 4.6792e-11 6.3281e-10 2.5741e-09 2.2243e-09 5.9781e-10 4.1483e-11
3.1900e+02 4.6124e-11 6.3892e-10 2.5451e-09 2.2383e-09 5.9179e-10 4.0967e-11
3.1800e+02 4.6346e-11 6.3707e-10 2.5548e-09 2.2344e-09 5.9377e-10 4.1140e-11
3.1500e+02 4.7016e-11 6.3041e-10 2.5838e-09 2.2181e-09 5.9987e-10 4.1654e-11
3.0800e+02 4.8599e-11 6.0948e-10 2.6519e-09 2.1547e-09 6.1509e-10 4.2829e-11
3.1700e+02 4.6569e-11 6.3504e-10 2.5645e-09 2.2297e-09 5.9578e-10 4.1312e-11
3.2000e+02 4.5902e-11 6.4057e-10 2.5355e-09 2.2414e-09 5.8984e-10 4.0793e-11
3.2100e+02 4.5681e-11 6.4205e-10 2.5258e-09 2.2437e-09 5.8791e-10 4.0620e-11
3.2500e+02 4.4802e-11 6.4607e-10 2.4872e-09 2.2448e-09 5.8042e-10 3.9919e-11
3.2200e+02 4.5460e-11 6.4334e-10 2.5162e-09 2.2452e-09 5.8600e-10 4.0445e-11
3.2800e+02 4.4151e-11 6.4696e-10 2.4581e-09 2.2374e-09 5.7504e-10 3.9391e-11
3.3300e+02 4.3078e-11 6.4437e-10 2.4096e-09 2.2103e-09 5.6648e-10 3.8504e-11
3.3200e+02 4.3291e-11 6.4527e-10 2.4193e-09 2.2171e-09 5.6816e-10 3.8682e-11
3.2300e+02 4.5240e-11 6.4444e-10 2.5065e-09 2.2459e-09 5.8412e-10 4.0270e-11
3.2700e+02 4.4368e-11 6.4687e-10 2.4678e-09 2.2407e-09 5.7681e-10 3.9567e-11
3.2400e+02 4.5021e-11 6.4535e-10 2.4968e-09 2.2458e-09 5.8226e-10 4.0095e-11
3.2600e+02 4.4585e-11 6.4657e-10 2.4775e-09 2.2431e-09 5.7861e-10 3.9744e-11
3.3100e+02 4.3505e-11 6.4599e-10 2.4290e-09 2.2233e-09 5.6985e-10 3.8859e-11
3.2900e+02 4.3935e-11 6.4684e-10 2.4484e-09 2.2334e-09 5.7329e-10 3.9214e-11
3.3000e+02 4.3719e-11 6.4652e-10 2.4387e-09 2.2287e-09 5.7156e-10 3.9036e-11
3.3400e+02 4.2865e-11 6.4327e-10 2.3999e-09 2.2027e-09 5.6483e-10 3.8326e-11
3.3500e+02 4.2653e-11 6.4199e-10 2.3901e-09 2.1946e-09 5.6319e-10 3.8148e-11
3.3600e+02 4.2442e-11 6.4054e-10 2.3804e-09 2.1857e-09 5.6157e-10 3.7970e-11
3.3700e+02 4.2231e-11 6.3890e-10 2.3706e-09 2.1763e-09 5.5996e-10 3.7792e-11
3.4000e+02 4.1604e-11 6.3288e-10 2.3413e-09 2.1447e-09 5.5525e-10 3.7257e-11
3.3900e+02 4.1812e-11 6.3506e-10 2.3511e-09 2.1558e-09 5.5680e-10 3.7435e-11
3.4200e+02 4.1189e-11 6.2799e-10 2.3218e-09 2.1210e-09 5.5218e-10 3.6901e-11
3.4400e+02 4.0777e-11 6.2248e-10 2.3022e-09 2.0954e-09 5.4917e-10 3.6545e-11
3.4100e+02 4.1396e-11 6.3051e-10 2.3316e-09 2.1331e-09 5.5371e-10 3.7079e-11
3.4500e+02 4.0573e-11 6.1951e-10 2.2925e-09 2.0820e-09 5.4768e-10 3.6367e-11
3.4300e+02 4.0983e-11 6.2531e-10 2.3120e-09 2.1084e-09 5.5067e-10 3.6723e-11
3.4700e+02 4.0166e-11 6.1316e-10 2.2729e-09 2.0540e-09 5.4475e-10 3.6013e-11
3.4600e+02 4.0369e-11 6.1640e-10 2.2827e-09 2.0682e-09 5.4621e-10 3.6190e-11
3.3800e+02 4.2021e-11 6.3707e-10 2.3609e-09 2.1663e-09 5.5838e-10 3.7614e-11
3.4900e+02 3.9763e-11 6.0628e-10 2.2534e-09 2.0247e-09 5.4186e-10 3.5659e-11
3.4800e+02 3.9964e-11 6.0978e-10 2.2632e-09 2.0395e-09 5.4330e-10 3.5836e-11
3.5000e+02 3.9563e-11 6.0265e-10 2.2437e-09 2.0096e-09 5.4044e-10 3.5483e-11
3.5300e+02 3.8967e-11 5.9112e-10 2.2146e-09 1.9629e-09 5.3623e-10 3.4956e-11
3.5200e+02 3.9164e-11 5.9506e-10 2.2243e-09 1.9786e-09 5.3762e-10 3.5131e-11
3.5900e+02 3.7798e-11 5.6581e-10 2.1570e-09 1.8653e-09 5.2807e-10 3.3914e-11
3.5500e+02 3.8574e-11 5.8298e-10 2.1953e-09 1.9308e-09 5.3347e-10 3.4607e-11
3.6100e+02 3.7415e-11 5.5691e-10 2.1380e-09 1.8322e-09 5.2542e-10 3.3570e-11
3.5600e+02 3.8379e-11 5.7879e-10 2.1857e-09 1.9146e-09 5.3211e-10 3.4433e-11
3.6400e+02 3.6847e-11 5.4328e-10 2.1098e-09 1.7824e-09 5.2149e-10 3.3058e-11
3.5400e+02 3.8770e-11 5.8709e-10 2.2049e-09 1.9469e-09 5.3485e-10 3.4781e-11
3.5100e+02 3.9363e-11 5.9891e-10 2.2340e-09 1.9942e-09 5.3903e-10 3.5307e-11
3.6700e+02 3.6287e-11 5.2943e-10 2.0820e-09 1.7330e-09 5.1762e-10 3.2551e-11
3.5700e+02 3.8185e-11 5.7453e-10 2.1761e-09 1.8982e-09 5.3076e-10 3.4260e-11
3.5800e+02 3.7991e-11 5.7020e-10 2.1665e-09 1.8818e-09 5.2941e-10 3.4086e-11
3.6200e+02 3.7225e-11 5.5240e-10 2.1285e-09 1.8156e-09 5.2410e-10 3.3398e-11
3.6800e+02 3.6103e-11 5.2479e-10 2.0728e-09 1.7166e-09 5.1634e-10 3.2383e-11
3.6000e+02 3.7606e-11 5.6138e-10 2.1475e-09 1.8487e-09 5.2674e-10 3.3741e-11
3.7500e+02 3.4835e-11 4.9225e-10 2.0101e-09 1.6052e-09 5.0750e-10 3.1229e-11
3.6300e+02 3.7036e-11 5.4785e-10 2.1191e-09 1.7990e-09 5.2279e-10 3.3228e-11
3.7100e+02 3.5554e-11 5.1079e-10 2.0456e-09 1.6682e-09 5.1253e-10 3.1884e-11
3.6600e+02 3.6473e-11 5.3406e-10 2.0912e-09 1.7494e-09 5.1890e-10 3.2719e-11
3.6900e+02 3.5919e-11 5.2013e-10 2.0637e-09 1.7004e-09 5.1506e-10 3.2216e-11
3.7000e+02 3.5736e-11 5.1546e-10 2.0546e-09 1.6842e-09 5.1379e-10 3.2050e-11
3.7400e+02 3.5014e-11 4.9686e-10 2.0189e-09 1.6208e-09 5.0875e-10 3.1392e-11
3.7200e+02 3.5373e-11 5.0613e-10 2.0366e-09 1.6522e-09 5.1126e-10 3.1719e-11
3.7700e+02 3.4482e-11 4.8313e-10 1.9928e-09 1.5746e-09 5.0502e-10 3.0906e-11
3.8200e+02 3.3617e-11 4.6088e-10 1.9507e-09 1.5009e-09 4.9884e-10 3.0114e-11
3.7300e+02 3.5193e-11 5.0149e-10 2.0277e-09 1.6364e-09 5.1001e-10 3.1555e-11
3.7800e+02 3.4307e-11 4.7861e-10 1.9842e-09 1.5595e-09 5.0378e-10 3.0746e-11
3.7900e+02 3.4133e-11 4.7413e-10 1.9757e-09 1.5446e-09 5.0254e-10 3.0587e-11
3.7600e+02 3.4658e-11 4.8767e-10 2.0014e-09 1.5898e-09 5.0626e-10 3.1067e-11
3.6500e+02 3.6660e-11 5.3868e-10 2.1005e-09 1.7659e-09 5.2019e-10 3.2888e-11
3.8100e+02 3.3788e-11 4.6526e-10 1.9590e-09 1.5153e-09 5.0007e-10 3.0270e-11
3.8500e+02 3.3110e-11 4.4792e-10 1.9263e-09 1.4589e-09 4.9517e-10 2.9648e-11
3.8300e+02 3.3447e-11 4.5652e-10 1.9425e-09 1.4867e-09 4.9762e-10 2.9958e-11
3.8600e+02 3.2943e-11 4.4367e-10 1.9183e-09 1.4453e-09 4.9395e-10 2.9495e-11
3.8000e+02 3.3960e-11 4.6968e-10 1.9673e-09 1.5298e-09 5.0131e-10 3.0428e-11
3.8400e+02 3.3278e-11 4.5220e-10 1.9343e-09 1.4727e-09 4.9639e-10 2.9803e-11
3.8700e+02 3.2777e-11 4.3947e-10 1.9104e-09 1.4319e-09 4.9273e-10 2.9343e-11
3.8800e+02 3.2612e-11 4.3532e-10 1.9026e-09 1.4187e-09 4.9151e-10 2.9191e-11
3.8900e+02 3.2447e-11 4.3123e-10 1.8949e-09 1.4057e-09 4.9029e-10 2.9041e-11
3.9000e+02 3.2285e-11 4.2720e-10 1.8872e-09 1.3928e-09 4.8907e-10 2.8891e-11
3.9100e+02 3.2123e-11 4.2322e-10 1.8796e-09 1.3802e-09 4.8786e-10 2.8743e-11
3.9200e+02 3.1962e-11 4.1928e-10 1.8721e-09 1.3678e-09 4.8664e-10 2.8595e-11
3.9300e+02 3.1802e-11 4.1540e-10 1.8647e-09 1.3556e-09 4.8543e-10 2.8449e-11
3.9400e+02 3.1643e-11 4.1158e-10 1.8574e-09 1.3436e-09 4.8421e-10 2.8303e-11
3.9500e+02 3.1485e-11 4.0781e-10 1.8501e-09 1.3318e-09 4.8300e-10 2.8158e-11
3.9600e+02 3.1328e-11 4.0411e-10 1.8430e-09 1.3203e-09 4.8178e-10 2.8014e-11
3.9700e+02 3.1172e-11 4.0045e-10 1.8359e-09 1.3089e-09 4.8057e-10 2.7871e-11
3.9900e+02 3.0863e-11 3.9327e-10 1.8219e-09 1.2867e-09 4.7814e-10 2.7588e-11
4.0000e+02 3.0711e-11 3.8975e-10 1.8151e-09 1.2760e-09 4.7693e-10 2.7448e-11
3.9800e+02 3.1017e-11 3.9683e-10 1.8289e-09 1.2977e-09 4.7936e-10 2.7729e-11
4.0100e+02 3.0559e-11 3.8629e-10 1.8083e-09 1.2654e-09 4.7572e-10 2.7309e-11
4.0200e+02 3.0408e-11 3.8288e-10 1.8016e-09 1.2550e-09 4.7451e-10 2.7171e-11
4.0500e+02 2.9961e-11 3.7302e-10 1.7820e-09 1.2251e-09 4.7087e-10 2.6763e-11
4.0400e+02 3.0109e-11 3.7624e-10 1.7885e-09 1.2349e-09 4.7208e-10 2.6898e-11
4.0300e+02 3.0258e-11 3.7953e-10 1.7950e-09 1.2448e-09 4.7330e-10 2.7034e-11
4.0600e+02 2.9815e-11 3.6984e-10 1.7756e-09 1.2155e-09 4.6966e-10 2.6629e-11
4.0700e+02 2.9669e-11 3.6672e-10 1.7693e-09 1.2061e-09 4.6845e-10 2.6496e-11
4.0800e+02 2.9524e-11 3.6364e-10 1.7630e-09 1.1968e-09 4.6723e-10 2.6364e-11
4.0900e+02 2.9381e-11 3.6063e-10 1.7569e-09 1.1878e-09 4.6602e-10 2.6234e-11
4.1100e+02 2.9096e-11 3.5476e-10 1.7447e-09 1.1702e-09 4.6360e-10 2.5975e-11
4.1200e+02 2.8956e-11 3.5191e-10 1.7388e-09 1.1617e-09 4.6239e-10 2.5847e-11
4.1600e+02 2.8404e-11 3.4100e-10 1.7156e-09 1.1295e-09 4.5754e-10 2.5347e-11
4.1000e+02 2.9238e-11 3.5767e-10 1.7508e-09 1.1789e-09 4.6481e-10 2.6104e-11
4.1500e+02 2.8540e-11 3.4365e-10 1.7213e-09 1.1373e-09 4.5875e-10 2.5470e-11
4.2300e+02 2.7477e-11 3.2383e-10 1.6772e-09 1.0796e-09 4.4907e-10 2.4510e-11
4.1300e+02 2.8816e-11 3.4910e-10 1.7329e-09 1.1534e-09 4.6117e-10 2.5720e-11
4.2100e+02 2.7737e-11 3.2850e-10 1.6879e-09 1.0931e-09 4.5149e-10 2.4744e-11
4.1800e+02 2.8134e-11 3.3585e-10 1.7043e-09 1.1144e-09 4.5512e-10 2.5102e-11
4.1700e+02 2.8268e-11 3.3840e-10 1.7099e-09 1.1219e-09 4.5633e-10 2.5224e-11
4.2000e+02 2.7868e-11 3.3090e-10 1.6933e-09 1.1000e-09 4.5270e-10 2.4862e-11
4.1400e+02 2.8678e-11 3.4635e-10 1.7270e-09 1.1453e-09 4.5996e-10 2.5595e-11
4.2400e+02 2.7348e-11 3.2157e-10 1.6719e-09 1.0731e-09 4.4786e-10 2.4394e-11
4.2500e+02 2.7220e-11 3.1934e-10 1.6667e-09 1.0668e-09 4.4665e-10 2.4280e-11
4.1900e+02 2.8000e-11 3.3335e-10 1.6988e-09 1.1071e-09 4.5391e-10 2.4982e-11
4.2200e+02 2.7606e-11 3.2614e-10 1.6825e-09 1.0863e-09 4.5028e-10 2.4626e-11
4.2800e+02 2.6844e-11 3.1298e-10 1.6513e-09 1.0488e-09 4.4303e-10 2.3943e-11
4.2600e+02 2.7094e-11 3.1717e-10 1.6615e-09 1.0607e-09 4.4544e-10 2.4166e-11
4.2700e+02 2.6968e-11 3.1505e-10 1.6564e-09 1.0546e-09 4.4424e-10 2.4054e-11
4.3100e+02 2.6476e-11 3.0705e-10 1.6362e-09 1.0320e-09 4.3943e-10 2.3614e-11
4.3000e+02 2.6597e-11 3.0898e-10 1.6412e-09 1.0375e-09 4.4063e-10 2.3723e-11
4.2900e+02 2.6720e-11 3.1096e-10 1.6462e-09 1.0431e-09 4.4183e-10 2.3832e-11
4.3600e+02 2.5881e-11 2.9798e-10 1.6118e-09 1.0070e-09 4.3345e-10 2.3086e-11
4.3200e+02 2.6355e-11 3.0515e-10 1.6313e-09 1.0267e-09 4.3823e-10 2.3506e-11
4.3400e+02 2.6116e-11 3.0149e-10 1.6215e-09 1.0166e-09 4.3584e-10 2.3294e-11
4.3300e+02 2.6235e-11 3.0330e-10 1.6263e-09 1.0216e-09 4.3703e-10 2.3400e-11
4.3700e+02 2.5765e-11 2.9628e-10 1.6070e-09 1.0024e-09 4.3226e-10 2.2983e-11
4.3500e+02 2.5998e-11 2.9971e-10 1.6166e-09 1.0117e-09 4.3464e-10 2.3190e-11
4.3900e+02 2.5535e-11 2.9300e-10 1.5975e-09 9.9355e-10 4.2989e-10 2.2781e-11
4.3800e+02 2.5649e-11 2.9462e-10 1.6022e-09 9.9789e-10 4.3107e-10 2.2882e-11
4.4000e+02 2.5422e-11 2.9143e-10 1.5928e-09 9.8933e-10 4.2871e-10 2.2681e-11
4.4100e+02 2.5309e-11 2.8989e-10 1.5881e-09 9.8524e-10 4.2753e-10 2.2582e-11
4.4200e+02 2.5198e-11 2.8839e-10 1.5834e-09 9.8126e-10 4.2635e-10 2.2484e-11
4.4400e+02 2.4978e-11 2.8551e-10 1.5741e-09 9.7369e-10 4.2400e-10 2.2291e-11
4.4300e+02 2.5087e-11 2.8694e-10 1.5787e-09 9.7742e-10 4.2517e-10 2.2387e-11
4.4700e+02 2.4654e-11 2.8147e-10 1.5603e-09 9.6322e-10 4.2051e-10 2.2009e-11
4.4500e+02 2.4869e-11 2.8413e-10 1.5695e-09 9.7008e-10 4.2283e-10 2.2196e-11
4.4600e+02 2.4761e-11 2.8278e-10 1.5649e-09 9.6659e-10 4.2167e-10 2.2102e-11
4.4800e+02 2.4548e-11 2.8020e-10 1.5557e-09 9.5995e-10 4.1935e-10 2.1916e-11
4.4900e+02 2.4443e-11 2.7895e-10 1.5511e-09 9.5681e-10 4.1819e-10 2.1825e-11
4.5000e+02 2.4339e-11 2.7774e-10 1.5466e-09 9.5377e-10 4.1704e-10 2.1734e-11
4.5100e+02 2.4236e-11 2.7656e-10 1.5421e-09 9.5085e-10 4.1590e-10 2.1645e-11
4.5200e+02 2.4133e-11 2.7541e-10 1.5375e-09 9.4804e-10 4.1475e-10 2.1556e-11
4.5400e+02 2.3931e-11 2.7321e-10 1.5285e-09 9.4274e-10 4.1248e-10 2.1381e-11
4.5300e+02 2.4031e-11 2.7429e-10 1.5330e-09 9.4534e-10 4.1362e-10 2.1468e-11
4.5600e+02 2.3732e-11 2.7114e-10 1.5195e-09 9.3787e-10 4.1023e-10 2.1209e-11
4.5700e+02 2.3634e-11 2.7015e-10 1.5150e-09 9.3559e-10 4.0911e-10 2.1125e-11
4.5900e+02 2.3440e-11 2.6827e-10 1.5061e-09 9.3133e-10 4.0688e-10 2.0959e-11
4.5800e+02 2.3536e-11 2.6920e-10 1.5106e-09 9.3341e-10 4.0799e-10 2.1041e-11
4.5500e+02 2.3831e-11 2.7216e-10 1.5240e-09 9.4025e-10 4.1135e-10 2.1295e-11
4.6100e+02 2.3249e-11 2.6651e-10 1.4972e-09 9.2746e-10 4.0468e-10 2.0796e-11
4.6000e+02 2.3344e-11 2.6738e-10 1.5016e-09 9.2934e-10 4.0578e-10 2.0877e-11
4.6200e+02 2.3155e-11 2.6568e-10 1.4927e-09 9.2568e-10 4.0359e-10 2.0715e-11
4.6400e+02 2.2969e-11 2.6409e-10 1.4839e-09 9.2240e-10 4.0141e-10 2.0557e-11
4.6300e+02 2.3062e-11 2.6487e-10 1.4883e-09 9.2400e-10 4.0250e-10 2.0636e-11
4.6500e+02 2.2878e-11 2.6334e-10 1.4794e-09 9.2091e-10 4.0034e-10 2.0479e-11
4.6900e+02 2.2519e-11 2.6060e-10 1.4618e-09 9.1586e-10 3.9609e-10 2.0176e-11
4.6800e+02 2.2607e-11 2.6124e-10 1.4662e-09 9.1698e-10 3.9714e-10 2.0250e-11
4.7100e+02 2.2344e-11 2.5940e-10 1.4530e-09 9.1387e-10 3.9401e-10 2.0028e-11
4.6600e+02 2.2787e-11 2.6261e-10 1.4750e-09 9.1951e-10 3.9927e-10 2.0402e-11
4.6700e+02 2.2697e-11 2.6191e-10 1.4706e-09 9.1820e-10 3.9820e-10 2.0326e-11
4.7400e+02 2.2087e-11 2.5780e-10 1.4398e-09 9.1152e-10 3.9093e-10 1.9813e-11
4.7900e+02 2.1673e-11 2.5563e-10 1.4180e-09 9.0932e-10 3.8595e-10 1.9468e-11
4.7500e+02 2.2003e-11 2.5732e-10 1.4354e-09 9.1092e-10 3.8992e-10 1.9742e-11
4.7200e+02 2.2257e-11 2.5884e-10 1.4486e-09 9.1300e-10 3.9298e-10 1.9956e-11
4.7000e+02 2.2431e-11 2.5998e-10 1.4574e-09 9.1481e-10 3.9505e-10 2.0102e-11
4.7800e+02 2.1755e-11 2.5602e-10 1.4223e-09 9.0960e-10 3.8693e-10 1.9535e-11
4.7700e+02 2.1837e-11 2.5643e-10 1.4267e-09 9.0996e-10 3.8792e-10 1.9604e-11
4.7300e+02 2.2172e-11 2.5831e-10 1.4442e-09 9.1222e-10 3.9195e-10 1.9884e-11
4.7600e+02 2.1919e-11 2.5686e-10 1.4311e-09 9.1040e-10 3.8892e-10 1.9673e-11
4.8200e+02 2.1434e-11 2.5462e-10 1.4050e-09 9.0897e-10 3.8305e-10 1.9269e-11
4.8000e+02 2.1593e-11 2.5527e-10 1.4137e-09 9.0913e-10 3.8498e-10 1.9401e-11
4.8300e+02 2.1355e-11 2.5433e-10 1.4007e-09 9.0902e-10 3.8210e-10 1.9204e-11
4.8100e+02 2.1513e-11 2.5494e-10 1.4093e-09 9.0901e-10 3.8401e-10 1.9335e-11
4.8400e+02 2.1278e-11 2.5407e-10 1.3964e-09 9.0914e-10 3.8116e-10 1.9140e-11
4.8500e+02 2.1200e-11 2.5382e-10 1.3921e-09 9.0933e-10 3.8022e-10 1.9076e-11
4.8700e+02 2.1048e-11 2.5342e-10 1.3836e-09 9.0994e-10 3.7837e-10 1.8951e-11
4.9100e+02 2.0751e-11 2.5289e-10 1.3666e-09 9.1203e-10 3.7478e-10 1.8708e-11
4.8600e+02 2.1124e-11 2.5361e-10 1.3878e-09 9.0959e-10 3.7929e-10 1.9013e-11
4.9000e+02 2.0825e-11 2.5299e-10 1.3708e-09 9.1139e-10 3.7567e-10 1.8768e-11
4.8800e+02 2.0973e-11 2.5325e-10 1.3793e-09 9.1035e-10 3.7746e-10 1.8889e-11
4.8900e+02 2.0898e-11 2.5311e-10 1.3750e-09 9.1084e-10 3.7656e-10 1.8828e-11
4.9200e+02 2.0679e-11 2.5281e-10 1.3624e-09 9.1273e-10 3.7391e-10 1.8649e-11
4.9300e+02 2.0607e-11 2.5275e-10 1.3582e-09 9.1350e-10 3.7304e-10 1.8590e-11
4.9400e+02 2.0535e-11 2.5272e-10 1.3540e-09 9.1434e-10 3.7218e-10 1.8532e-11
4.9700e+02 2.0325e-11 2.5274e-10 1.3416e-09 9.1726e-10 3.6965e-10 1.8361e-11
4.9500e+02 2.0465e-11 2.5270e-10 1.3498e-09 9.1523e-10 3.7133e-10 1.8474e-11
5.0100e+02 2.0053e-11 2.5305e-10 1.3252e-09 9.2207e-10 3.6641e-10 1.8141e-11
4.9600e+02 2.0394e-11 2.5271e-10 1.3457e-09 9.1621e-10 3.7048e-10 1.8417e-11
5.0000e+02 2.0120e-11 2.5294e-10 1.3293e-09 9.2078e-10 3.6721e-10 1.8195e-11
4.9800e+02 2.0256e-11 2.5279e-10 1.3374e-09 9.1837e-10 3.6883e-10 1.8305e-11
4.9900e+02 2.0188e-11 2.5286e-10 1.3333e-09 9.1954e-10 3.6801e-10 1.8250e-11
5.0200e+02 1.9986e-11 2.5319e-10 1.3212e-09 9.2343e-10 3.6562e-10 1.8087e-11
5.0300e+02 1.9920e-11 2.5334e-10 1.3171e-09 9.2485e-10 3.6484e-10 1.8034e-11
5.0400e+02 1.9854e-11 2.5352e-10 1.3131e-09 9.2632e-10 3.6407e-10 1.7981e-11
5.0500e+02 1.9790e-11 2.5372e-10 1.3091e-09 9.2785e-10 3.6331e-10 1.7929e-11
5.0600e+02 1.9725e-11 2.5394e-10 1.3052e-09 9.2945e-10 3.6256e-10 1.7878e-11
5.0800e+02 1.9598e-11 2.5444e-10 1.2973e-09 9.3280e-10 3.6108e-10 1.7776e-11
5.0700e+02 1.9661e-11 2.5418e-10 1.3012e-09 9.3109e-10 3.6182e-10 1.7826e-11
5.0900e+02 1.9535e-11 2.5472e-10 1.2934e-09 9.3456e-10 3.6036e-10 1.7725e-11
5.1000e+02 1.9473e-11 2.5503e-10 1.2895e-09 9.3636e-10 3.5965e-10 1.7676e-11
5.1300e+02 1.9289e-11 2.5606e-10 1.2780e-09 9.4212e-10 3.5756e-10 1.7529e-11
5.1100e+02 1.9411e-11 2.5535e-10 1.2857e-09 9.3823e-10 3.5894e-10 1.7627e-11
5.1500e+02 1.9169e-11 2.5684e-10 1.2705e-09 9.4620e-10 3.5622e-10 1.7434e-11
5.1200e+02 1.9350e-11 2.5570e-10 1.2818e-09 9.4015e-10 3.5824e-10 1.7578e-11
5.1600e+02 1.9110e-11 2.5726e-10 1.2668e-09 9.4830e-10 3.5556e-10 1.7387e-11
5.1400e+02 1.9229e-11 2.5644e-10 1.2743e-09 9.4414e-10 3.5688e-10 1.7481e-11
5.1900e+02 1.8935e-11 2.5866e-10 1.2557e-09 9.5489e-10 3.5364e-10 1.7248e-11
5.1700e+02 1.9051e-11 2.5771e-10 1.2631e-09 9.5046e-10 3.5491e-10 1.7340e-11
5.1800e+02 1.8992e-11 2.5817e-10 1.2594e-09 9.5265e-10 3.5427e-10 1.7294e-11
5.2000e+02 1.8877e-11 2.5916e-10 1.2521e-09 9.5717e-10 3.5303e-10 1.7203e-11
5.2200e+02 1.8764e-11 2.6023e-10 1.2449e-09 9.6186e-10 3.5182e-10 1.7113e-11
5.2100e+02 1.8820e-11 2.5969e-10 1.2485e-09 9.5950e-10 3.5242e-10 1.7158e-11
5.2400e+02 1.8652e-11 2.6138e-10 1.2378e-09 9.6669e-10 3.5065e-10 1.7025e-11
5.2300e+02 1.8708e-11 2.6080e-10 1.2413e-09 9.6426e-10 3.5123e-10 1.7069e-11
5.2900e+02 1.8381e-11 2.6460e-10 1.2206e-09 9.7933e-10 3.4789e-10 1.6811e-11
5.2700e+02 1.8488e-11 2.6325e-10 1.2274e-09 9.7418e-10 3.4896e-10 1.6896e-11
5.2500e+02 1.8597e-11 2.6198e-10 1.2343e-09 9.6916e-10 3.5008e-10 1.6982e-11
5.2600e+02 1.8542e-11 2.6261e-10 1.2309e-09 9.7165e-10 3.4952e-10 1.6938e-11
5.2800e+02 1.8434e-11 2.6392e-10 1.2240e-09 9.7674e-10 3.4842e-10 1.6853e-11
5.3200e+02 1.8223e-11 2.6677e-10 1.2106e-09 9.8724e-10 3.4635e-10 1.6687e-11
5.3100e+02 1.8275e-11 2.6602e-10 1.2139e-09 9.8459e-10 3.4686e-10 1.6728e-11
5.3400e+02 1.8119e-11 2.6830e-10 1.2041e-09 9.9262e-10 3.4538e-10 1.6606e-11
5.3000e+02 1.8328e-11 2.6530e-10 1.2173e-09 9.8195e-10 3.4737e-10 1.6770e-11
5.3700e+02 1.7967e-11 2.7075e-10 1.1946e-09 1.0008e-09 3.4399e-10 1.6487e-11
5.3300e+02 1.8171e-11 2.6752e-10 1.2074e-09 9.8992e-10 3.4586e-10 1.6646e-11
5.3500e+02 1.8068e-11 2.6910e-10 1.2009e-09 9.9534e-10 3.4491e-10 1.6566e-11
5.3600e+02 1.8018e-11 2.6991e-10 1.1977e-09 9.9808e-10 3.4444e-10 1.6526e-11
5.3900e+02 1.7868e-11 2.7247e-10 1.1883e-09 1.0064e-09 3.4311e-10 1.6409e-11
5.3800e+02 1.7918e-11 2.7160e-10 1.1914e-09 1.0036e-09 3.4354e-10 1.6448e-11
5.4100e+02 1.7770e-11 2.7427e-10 1.1822e-09 1.0119e-09 3.4227e-10 1.6332e-11
5.4000e+02 1.7819e-11 2.7336e-10 1.1853e-09 1.0091e-09 3.4269e-10 1.6370e-11
5.4600e+02 1.7531e-11 2.7913e-10 1.1675e-09 1.0258e-09 3.4035e-10 1.6144e-11
5.4200e+02 1.7721e-11 2.7521e-10 1.1792e-09 1.0147e-09 3.4187e-10 1.6294e-11
5.4400e+02 1.7626e-11 2.7713e-10 1.1733e-09 1.0202e-09 3.4109e-10 1.6218e-11
5.4500e+02 1.7578e-11 2.7812e-10 1.1704e-09 1.0230e-09 3.4071e-10 1.6181e-11
5.4300e+02 1.7673e-11 2.7616e-10 1.1762e-09 1.0175e-09 3.4147e-10 1.6256e-11
5.4800e+02 1.7438e-11 2.8121e-10 1.1618e-09 1.0313e-09 3.3964e-10 1.6071e-11
5.4700e+02 1.7484e-11 2.8016e-10 1.1646e-09 1.0285e-09 3.3999e-10 1.6108e-11
5.5300e+02 1.7210e-11 2.8670e-10 1.1480e-09 1.0448e-09 3.3806e-10 1.5892e-11
5.4900e+02 1.7392e-11 2.8228e-10 1.1590e-09 1.0340e-09 3.3931e-10 1.6035e-11
5.5000e+02 1.7346e-11 2.8336e-10 1.1562e-09 1.0367e-09 3.3898e-10 1.5999e-11
5.5100e+02 1.7300e-11 2.8446e-10 1.1534e-09 1.0394e-09 3.3866e-10 1.5963e-11
5.5500e+02 1.7122e-11 2.8901e-10 1.1427e-09 1.0500e-09 3.3749e-10 1.5822e-11
5.5200e+02 1.7255e-11 2.8557e-10 1.1507e-09 1.0421e-09 3.3836e-10 1.5928e-11
5.5400e+02 1.7166e-11 2.8785e-10 1.1454e-09 1.0474e-09 3.3777e-10 1.5857e-11
5.5600e+02 1.7078e-11 2.9019e-10 1.1401e-09 1.0526e-09 3.3723e-10 1.5788e-11
5.5700e+02 1.7034e-11 2.9138e-10 1.1375e-09 1.0551e-09 3.3697e-10 1.5753e-11
5.5800e+02 1.6991e-11 2.9259e-10 1.1350e-09 1.0577e-09 3.3672e-10 1.5719e-11
5.5900e+02 1.6948e-11 2.9381e-10 1.1324e-09 1.0601e-09 3.3648e-10 1.5685e-11
5.6000e+02 1.6905e-11 2.9505e-10 1.1299e-09 1.0625e-09 3.3625e-10 1.5651e-11
5.6100e+02 1.6862e-11 2.9630e-10 1.1275e-09 1.0649e-09 3.3603e-10 1.5617e-11
5.6200e+02 1.6820e-11 2.9757e-10 1.1250e-09 1.0673e-09 3.3582e-10 1.5584e-11
5.6400e+02 1.6736e-11 3.0015e-10 1.1202e-09 1.0718e-09 3.3543e-10 1.5517e-11
5.6300e+02 1.6778e-11 2.9885e-10 1.1226e-09 1.0696e-09 3.3562e-10 1.5550e-11
5.6500e+02 1.6695e-11 3.0146e-10 1.1179e-09 1.0740e-09 3.3525e-10 1.5484e-11
5.6800e+02 1.6572e-11 3.0546e-10 1.1109e-09 1.0802e-09 3.3476e-10 1.5386e-11
5.6700e+02 1.6613e-11 3.0411e-10 1.1132e-09 1.0782e-09 3.3491e-10 1.5419e-11
5.6900e+02 1.6532e-11 3.0682e-10 1.1087e-09 1.0822e-09 3.3461e-10 1.5354e-11
5.6600e+02 1.6654e-11 3.0278e-10 1.1155e-09 1.0761e-09 3.3507e-10 1.5451e-11
5.7000e+02 1.6491e-11 3.0819e-10 1.1064e-09 1.0841e-09 3.3448e-10 1.5322e-11
5.7100e+02 1.6451e-11 3.0957e-10 1.1042e-09 1.0859e-09 3.3435e-10 1.5290e-11
5.7200e+02 1.6412e-11 3.1097e-10 1.1020e-09 1.0877e-09 3.3424e-10 1.5258e-11
5.7300e+02 1.6372e-11 3.1237e-10 1.0999e-09 1.0893e-09 3.3413e-10 1.5226e-11
5.7600e+02 1.6255e-11 3.1663e-10 1.0935e-09 1.0940e-09 3.3387e-10 1.5132e-11
5.7400e+02 1.6333e-11 3.1378e-10 1.0977e-09 1.0910e-09 3.3403e-10 1.5195e-11
5.7500e+02 1.6294e-11 3.1520e-10 1.0956e-09 1.0925e-09 3.3395e-10 1.5163e-11
5.7900e+02 1.6140e-11 3.2093e-10 1.0874e-09 1.0979e-09 3.3368e-10 1.5038e-11
5.7800e+02 1.6178e-11 3.1949e-10 1.0894e-09 1.0966e-09 3.3374e-10 1.5069e-11
5.8000e+02 1.6102e-11 3.2237e-10 1.0854e-09 1.0990e-09 3.3364e-10 1.5008e-11
5.8100e+02 1.6064e-11 3.2382e-10 1.0834e-09 1.1001e-09 3.3361e-10 1.4977e-11
5.7700e+02 1.6216e-11 3.1806e-10 1.0915e-09 1.0953e-09 3.3380e-10 1.5101e-11
5.8300e+02 1.5989e-11 3.2671e-10 1.0796e-09 1.1019e-09 3.3357e-10 1.4916e-11
5.8200e+02 1.6026e-11 3.2526e-10 1.0815e-09 1.1010e-09 3.3358e-10 1.4946e-11
5.9000e+02 1.5733e-11 3.3675e-10 1.0668e-09 1.1055e-09 3.3369e-10 1.4705e-11
5.8400e+02 1.5952e-11 3.2815e-10 1.0777e-09 1.1027e-09 3.3356e-10 1.4885e-11
5.8600e+02 1.5878e-11 3.3104e-10 1.0740e-09 1.1040e-09 3.3357e-10 1.4825e-11
5.8500e+02 1.5915e-11 3.2960e-10 1.0758e-09 1.1034e-09 3.3356e-10 1.4855e-11
5.8900e+02 1.5769e-11 3.3533e-10 1.0685e-09 1.1052e-09 3.3365e-10 1.4735e-11
5.8800e+02 1.5805e-11 3.3391e-10 1.0703e-09 1.1049e-09 3.3362e-10 1.4765e-11
5.9100e+02 1.5697e-11 3.3815e-10 1.0651e-09 1.1056e-09 3.3375e-10 1.4675e-11
5.8700e+02 1.5842e-11 3.3248e-10 1.0721e-09 1.1045e-09 3.3359e-10 1.4795e-11
5.9600e+02 1.5520e-11 3.4502e-10 1.0567e-09 1.1048e-09 3.3413e-10 1.4528e-11
5.9300e+02 1.5626e-11 3.4094e-10 1.0616e-09 1.1056e-09 3.3387e-10 1.4616e-11
5.9400e+02 1.5591e-11 3.4231e-10 1.0600e-09 1.1054e-09 3.3395e-10 1.4586e-11
5.9800e+02 1.5451e-11 3.4766e-10 1.0535e-09 1.1038e-09 3.3433e-10 1.4469e-11
5.9200e+02 1.5661e-11 3.3955e-10 1.0633e-09 1.1057e-09 3.3381e-10 1.4645e-11
5.9500e+02 1.5555e-11 3.4367e-10 1.0583e-09 1.1052e-09 3.3403e-10 1.4557e-11
5.9700e+02 1.5486e-11 3.4635e-10 1.0551e-09 1.1044e-09 3.3423e-10 1.4498e-11
6.0100e+02 1.5348e-11 3.5148e-10 1.0489e-09 1.1016e-09 3.3470e-10 1.4382e-11
6.0200e+02 1.5314e-11 3.5271e-10 1.0474e-09 1.1006e-09 3.3484e-10 1.4353e-11
6.0000e+02 1.5382e-11 3.5023e-10 1.0504e-09 1.1024e-09 3.3457e-10 1.4411e-11
6.0300e+02 1.5280e-11 3.5392e-10 1.0460e-09 1.0996e-09 3.3499e-10 1.4325e-11
5.9900e+02 1.5416e-11 3.4895e-10 1.0520e-09 1.1032e-09 3.3445e-10 1.4440e-11
6.0500e+02 1.5212e-11 3.5624e-10 1.0431e-09 1.0972e-09 3.3530e-10 1.4267e-11
6.0400e+02 1.5246e-11 3.5509e-10 1.0445e-09 1.0985e-09 3.3514e-10 1.4296e-11
6.0600e+02 1.5179e-11 3.5737e-10 1.0417e-09 1.0959e-09 3.3546e-10 1.4239e-11
6.0800e+02 1.5112e-11 3.5951e-10 1.0390e-09 1.0930e-09 3.3582e-10 1.4182e-11
6.0700e+02 1.5145e-11 3.5846e-10 1.0403e-09 1.0945e-09 3.3564e-10 1.4210e-11
6.0900e+02 1.5079e-11 3.6054e-10 1.0376e-09 1.0914e-09 3.3600e-10 1.4153e-11
6.1000e+02 1.5046e-11 3.6154e-10 1.0363e-09 1.0897e-09 3.3620e-10 1.4125e-11
6.1200e+02 1.4980e-11 3.6340e-10 1.0338e-09 1.0861e-09 3.3660e-10 1.4068e-11
6.1100e+02 1.5013e-11 3.6249e-10 1.0350e-09 1.0879e-09 3.3640e-10 1.4097e-11
6.1300e+02 1.4948e-11 3.6427e-10 1.0325e-09 1.0841e-09 3.3681e-10 1.4040e-11
6.1400e+02 1.4915e-11 3.6510e-10 1.0313e-09 1.0821e-09 3.3703e-10 1.4012e-11
6.1500e+02 1.4883e-11 3.6588e-10 1.0301e-09 1.0800e-09 3.3725e-10 1.3984e-11
6.1600e+02 1.4851e-11 3.6662e-10 1.0290e-09 1.0778e-09 3.3748e-10 1.3956e-11
6.1700e+02 1.4818e-11 3.6732e-10 1.0278e-09 1.0755e-09 3.3772e-10 1.3928e-11
6.1900e+02 1.4755e-11 3.6857e-10 1.0256e-09 1.0708e-09 3.3820e-10 1.3872e-11
6.1800e+02 1.4787e-11 3.6797e-10 1.0267e-09 1.0732e-09 3.3796e-10 1.3900e-11
6.2200e+02 1.4660e-11 3.7007e-10 1.0225e-09 1.0630e-09 3.3897e-10 1.3789e-11
6.2000e+02 1.4723e-11 3.6912e-10 1.0245e-09 1.0683e-09 3.3845e-10 1.3845e-11
6.2100e+02 1.4691e-11 3.6962e-10 1.0235e-09 1.0657e-09 3.3871e-10 1.3817e-11
6.2300e+02 1.4628e-11 3.7048e-10 1.0215e-09 1.0603e-09 3.3924e-10 1.3762e-11
6.2400e+02 1.4597e-11 3.7082e-10 1.0205e-09 1.0576e-09 3.3951e-10 1.3734e-11
6.2500e+02 1.4566e-11 3.7111e-10 1.0196e-09 1.0547e-09 3.3978e-10 1.3707e-11
6.2700e+02 1.4504e-11 3.7153e-10 1.0178e-09 1.0489e-09 3.4034e-10 1.3652e-11
6.2600e+02 1.4535e-11 3.7135e-10 1.0186e-09 1.0518e-09 3.4006e-10 1.3679e-11
6.2800e+02 1.4473e-11 3.7166e-10 1.0169e-09 1.0458e-09 3.4063e-10 1.3625e-11
6.2900e+02 1.4442e-11 3.7172e-10 1.0161e-09 1.0428e-09 3.4092e-10 1.3597e-11
6.3000e+02 1.4411e-11 3.7174e-10 1.0152e-09 1.0396e-09 3.4122e-10 1.3570e-11
6.3200e+02 1.4350e-11 3.7157e-10 1.0137e-09 1.0332e-09 3.4182e-10 1.3516e-11
6.3100e+02 1.4381e-11 3.7168e-10 1.0145e-09 1.0365e-09 3.4151e-10 1.3543e-11
6.3700e+02 1.4199e-11 3.7013e-10 1.0103e-09 1.0164e-09 3.4337e-10 1.3381e-11
6.3500e+02 1.4259e-11 3.7088e-10 1.0116e-09 1.0233e-09 3.4274e-10 1.3435e-11
6.3400e+02 1.4289e-11 3.7117e-10 1.0123e-09 1.0266e-09 3.4243e-10 1.3462e-11
6.3600e+02 1.4229e-11 3.7054e-10 1.0110e-09 1.0199e-09 3.4305e-10 1.3408e-11
6.3300e+02 1.4320e-11 3.7140e-10 1.0130e-09 1.0299e-09 3.4212e-10 1.3489e-11
6.4300e+02 1.4021e-11 3.6644e-10 1.0073e-09 9.9505e-10 3.4531e-10 1.3221e-11
6.3800e+02 1.4169e-11 3.6966e-10 1.0098e-09 1.0129e-09 3.4369e-10 1.3354e-11
6.4500e+02 1.3962e-11 3.6477e-10 1.0065e-09 9.8774e-10 3.4597e-10 1.3168e-11
6.4100e+02 1.4080e-11 3.6790e-10 1.0082e-09 1.0023e-09 3.4466e-10 1.3274e-11
6.3900e+02 1.4139e-11 3.6913e-10 1.0092e-09 1.0094e-09 3.4401e-10 1.3328e-11
6.4200e+02 1.4050e-11 3.6721e-10 1.0077e-09 9.9869e-10 3.4498e-10 1.3248e-11
6.4600e+02 1.3933e-11 3.6385e-10 1.0062e-09 9.8403e-10 3.4630e-10 1.3142e-11
6.5100e+02 1.3787e-11 3.5853e-10 1.0049e-09 9.6535e-10 3.4797e-10 1.3010e-11
6.4400e+02 1.3991e-11 3.6563e-10 1.0069e-09 9.9140e-10 3.4564e-10 1.3195e-11
6.4700e+02 1.3903e-11 3.6288e-10 1.0058e-09 9.8032e-10 3.4664e-10 1.3115e-11
6.4000e+02 1.4110e-11 3.6855e-10 1.0087e-09 1.0059e-09 3.4433e-10 1.3301e-11
6.4900e+02 1.3845e-11 3.6081e-10 1.0053e-09 9.7285e-10 3.4730e-10 1.3063e-11
6.4800e+02 1.3874e-11 3.6187e-10 1.0056e-09 9.7659e-10 3.4697e-10 1.3089e-11
6.5200e+02 1.3759e-11 3.5733e-10 1.0048e-09 9.6156e-10 3.4830e-10 1.2984e-11
6.5000e+02 1.3816e-11 3.5969e-10 1.0051e-09 9.6910e-10 3.4764e-10 1.3037e-11
6.5300e+02 1.3730e-11 3.5608e-10 1.0046e-09 9.5779e-10 3.4864e-10 1.2958e-11
6.5400e+02 1.3701e-11 3.5478e-10 1.0045e-09 9.5400e-10 3.4897e-10 1.2932e-11
6.5600e+02 1.3644e-11 3.5208e-10 1.0045e-09 9.4641e-10 3.4964e-10 1.2880e-11
6.5500e+02 1.3673e-11 3.5346e-10 1.0045e-09 9.5020e-10 3.4930e-10 1.2906e-11
6.5700e+02 1.3616e-11 3.5067e-10 1.0045e-09 9.4261e-10 3.4997e-10 1.2855e-11
6.5900e+02 1.3559e-11 3.4773e-10 1.0046e-09 9.3503e-10 3.5062e-10 1.2803e-11
6.6000e+02 1.3531e-11 3.4622e-10 1.0047e-09 9.3125e-10 3.5095e-10 1.2777e-11
6.5800e+02 1.3587e-11 3.4922e-10 1.0045e-09 9.3882e-10 3.5030e-10 1.2829e-11
6.6100e+02 1.3503e-11 3.4468e-10 1.0048e-09 9.2747e-10 3.5128e-10 1.2752e-11
6.6300e+02 1.3447e-11 3.4150e-10 1.0052e-09 9.1996e-10 3.5192e-10 1.2700e-11
6.6200e+02 1.3475e-11 3.4310e-10 1.0050e-09 9.2371e-10 3.5160e-10 1.2726e-11
6.6400e+02 1.3419e-11 3.3988e-10 1.0054e-09 9.1620e-10 3.5224e-10 1.2675e-11
6.6500e+02 1.3391e-11 3.3823e-10 1.0057e-09 9.1245e-10 3.5256e-10 1.2649e-11
6.6800e+02 1.3308e-11 3.3316e-10 1.0067e-09 9.0130e-10 3.5349e-10 1.2573e-11
6.6600e+02 1.3363e-11 3.3655e-10 1.0060e-09 9.0872e-10 3.5287e-10 1.2624e-11
6.6700e+02 1.3336e-11 3.3486e-10 1.0063e-09 9.0500e-10 3.5318e-10 1.2599e-11
6.6900e+02 1.3280e-11 3.3143e-10 1.0071e-09 8.9759e-10 3.5380e-10 1.2548e-11
6.7000e+02 1.3253e-11 3.2969e-10 1.0075e-09 8.9392e-10 3.5410e-10 1.2523e-11
6.7100e+02 1.3225e-11 3.2794e-10 1.0080e-09 8.9028e-10 3.5440e-10 1.2498e-11
6.7200e+02 1.3198e-11 3.2618e-10 1.0084e-09 8.8664e-10 3.5469e-10 1.2472e-11
6.7300e+02 1.3171e-11 3.2440e-10 1.0090e-09 8.8301e-10 3.5498e-10 1.2447e-11
6.7500e+02 1.3117e-11 3.2084e-10 1.0101e-09 8.7585e-10 3.5556e-10 1.2397e-11
6.7400e+02 1.3144e-11 3.2263e-10 1.0095e-09 8.7942e-10 3.5527e-10 1.2422e-11
6.7900e+02 1.3009e-11 3.1367e-10 1.0126e-09 8.6176e-10 3.5665e-10 1.2298e-11
6.7600e+02 1.3089e-11 3.1905e-10 1.0107e-09 8.7229e-10 3.5584e-10 1.2372e-11
6.8000e+02 1.2982e-11 3.1188e-10 1.0134e-09 8.5829e-10 3.5691e-10 1.2273e-11
6.7700e+02 1.3063e-11 3.1726e-10 1.0113e-09 8.6875e-10 3.5611e-10 1.2347e-11
6.7800e+02 1.3036e-11 3.1547e-10 1.0120e-09 8.6524e-10 3.5638e-10 1.2323e-11
6.8200e+02 1.2929e-11 3.0830e-10 1.0149e-09 8.5145e-10 3.5742e-10 1.2224e-11
6.8100e+02 1.2955e-11 3.1009e-10 1.0141e-09 8.5485e-10 3.5717e-10 1.2248e-11
6.8300e+02 1.2902e-11 3.0652e-10 1.0157e-09 8.4806e-10 3.5767e-10 1.2199e-11
6.8500e+02 1.2849e-11 3.0297e-10 1.0173e-09 8.4137e-10 3.5815e-10 1.2150e-11
6.8400e+02 1.2876e-11 3.0474e-10 1.0165e-09 8.4471e-10 3.5791e-10 1.2175e-11
6.8700e+02 1.2797e-11 2.9943e-10 1.0191e-09 8.3480e-10 3.5861e-10 1.2102e-11
6.8600e+02 1.2823e-11 3.0120e-10 1.0182e-09 8.3806e-10 3.5838e-10 1.2126e-11
6.8800e+02 1.2771e-11 2.9768e-10 1.0200e-09 8.3155e-10 3.5883e-10 1.2077e-11
6.9000e+02 1.2718e-11 2.9422e-10 1.0218e-09 8.2516e-10 3.5925e-10 1.2029e-11
6.9100e+02 1.2692e-11 2.9250e-10 1.0228e-09 8.2200e-10 3.5946e-10 1.2005e-11
6.9200e+02 1.2666e-11 2.9080e-10 1.0238e-09 8.1888e-10 3.5965e-10 1.1981e-11
6.8900e+02 1.2744e-11 2.9594e-10 1.0209e-09 8.2833e-10 3.5904e-10 1.2053e-11
6.9300e+02 1.2641e-11 2.8911e-10 1.0248e-09 8.1580e-10 3.5984e-10 1.1957e-11
6.9400e+02 1.2615e-11 2.8745e-10 1.0258e-09 8.1273e-10 3.6003e-10 1.1933e-11
6.9600e+02 1.2564e-11 2.8416e-10 1.0279e-09 8.0672e-10 3.6038e-10 1.1885e-11
6.9500e+02 1.2589e-11 2.8579e-10 1.0269e-09 8.0970e-10 3.6021e-10 1.1909e-11
6.9800e+02 1.2513e-11 2.8095e-10 1.0300e-09 8.0081e-10 3.6071e-10 1.1837e-11
6.9700e+02 1.2538e-11 2.8254e-10 1.0290e-09 8.0375e-10 3.6055e-10 1.1861e-11
7.0300e+02 1.2386e-11 2.7328e-10 1.0356e-09 7.8666e-10 3.6141e-10 1.1720e-11
6.9900e+02 1.2487e-11 2.7937e-10 1.0311e-09 7.9793e-10 3.6086e-10 1.1814e-11
7.0500e+02 1.2336e-11 2.7034e-10 1.0378e-09 7.8123e-10 3.6165e-10 1.1673e-11
7.0100e+02 1.2437e-11 2.7629e-10 1.0333e-09 7.9223e-10 3.6115e-10 1.1767e-11
7.0400e+02 1.2361e-11 2.7180e-10 1.0367e-09 7.8393e-10 3.6153e-10 1.1697e-11
7.0200e+02 1.2411e-11 2.7477e-10 1.0345e-09 7.8943e-10 3.6128e-10 1.1743e-11
7.0000e+02 1.2462e-11 2.7782e-10 1.0322e-09 7.9505e-10 3.6101e-10 1.1790e-11
7.0900e+02 1.2237e-11 2.6473e-10 1.0424e-09 7.7077e-10 3.6204e-10 1.1581e-11
7.0600e+02 1.2312e-11 2.6890e-10 1.0390e-09 7.7856e-10 3.6176e-10 1.1650e-11
7.0700e+02 1.2287e-11 2.6749e-10 1.0401e-09 7.7594e-10 3.6186e-10 1.1627e-11
7.0800e+02 1.2262e-11 2.6609e-10 1.0413e-09 7.7333e-10 3.6195e-10 1.1604e-11
7.1100e+02 1.2188e-11 2.6204e-10 1.0447e-09 7.6574e-10 3.6220e-10 1.1535e-11
7.1000e+02 1.2213e-11 2.6337e-10 1.0436e-09 7.6824e-10 3.6212e-10 1.1558e-11
7.1500e+02 1.2091e-11 2.5697e-10 1.0492e-09 7.5609e-10 3.6243e-10 1.1445e-11
7.1300e+02 1.2140e-11 2.5946e-10 1.0470e-09 7.6086e-10 3.6233e-10 1.1490e-11
7.1200e+02 1.2164e-11 2.6074e-10 1.0458e-09 7.6328e-10 3.6227e-10 1.1513e-11
7.1400e+02 1.2116e-11 2.5820e-10 1.0481e-09 7.5847e-10 3.6238e-10 1.1467e-11
7.1600e+02 1.2067e-11 2.5576e-10 1.0503e-09 7.5377e-10 3.6248e-10 1.1422e-11
7.1800e+02 1.2019e-11 2.5341e-10 1.0526e-09 7.4921e-10 3.6254e-10 1.1378e-11
7.1700e+02 1.2043e-11 2.5457e-10 1.0515e-09 7.5147e-10 3.6251e-10 1.1400e-11
7.1900e+02 1.1996e-11 2.5226e-10 1.0536e-09 7.4698e-10 3.6257e-10 1.1355e-11
7.2000e+02 1.1972e-11 2.5114e-10 1.0547e-09 7.4477e-10 3.6258e-10 1.1333e-11
7.2100e+02 1.1948e-11 2.5005e-10 1.0558e-09 7.4262e-10 3.6260e-10 1.1311e-11
7.2200e+02 1.1925e-11 2.4897e-10 1.0568e-09 7.4049e-10 3.6260e-10 1.1289e-11
7.2300e+02 1.1901e-11 2.4792e-10 1.0578e-09 7.3839e-10 3.6260e-10 1.1267e-11
7.2400e+02 1.1878e-11 2.4689e-10 1.0588e-09 7.3632e-10 3.6259e-10 1.1246e-11
7.2500e+02 1.1854e-11 2.4588e-10 1.0598e-09 7.3429e-10 3.6258e-10 1.1224e-11
7.2600e+02 1.1831e-11 2.4489e-10 1.0608e-09 7.3229e-10 3.6256e-10 1.1202e-11
7.2700e+02 1.1808e-11 2.4392e-10 1.0618e-09 7.3032e-10 3.6254e-10 1.1181e-11
7.2800e+02 1.1785e-11 2.4298e-10 1.0627e-09 7.2838e-10 3.6251e-10 1.1159e-11
7.2900e+02 1.1762e-11 2.4206e-10 1.0636e-09 7.2647e-10 3.6247e-10 1.1138e-11
7.3100e+02 1.1716e-11 2.4029e-10 1.0654e-09 7.2276e-10 3.6239e-10 1.1095e-11
7.3000e+02 1.1739e-11 2.4116e-10 1.0645e-09 7.2461e-10 3.6243e-10 1.1117e-11
7.3400e+02 1.1648e-11 2.3780e-10 1.0678e-09 7.1741e-10 3.6222e-10 1.1032e-11
7.3200e+02 1.1693e-11 2.3944e-10 1.0662e-09 7.2095e-10 3.6234e-10 1.1074e-11
7.3300e+02 1.1671e-11 2.3861e-10 1.0670e-09 7.1917e-10 3.6228e-10 1.1053e-11
7.3600e+02 1.1603e-11 2.3624e-10 1.0693e-09 7.1400e-10 3.6208e-10 1.0991e-11
7.3500e+02 1.1626e-11 2.3701e-10 1.0685e-09 7.1569e-10 3.6215e-10 1.1012e-11
7.3700e+02 1.1581e-11 2.3548e-10 1.0700e-09 7.1233e-10 3.6201e-10 1.0970e-11
7.3800e+02 1.1559e-11 2.3475e-10 1.0706e-09 7.1070e-10 3.6193e-10 1.0950e-11
7.3900e+02 1.1537e-11 2.3404e-10 1.0713e-09 7.0909e-10 3.6184e-10 1.0929e-11
7.4000e+02 1.1515e-11 2.3335e-10 1.0719e-09 7.0751e-10 3.6175e-10 1.0909e-11
7.4100e+02 1.1493e-11 2.3268e-10 1.0724e-09 7.0597e-10 3.6166e-10 1.0888e-11
7.4200e+02 1.1471e-11 2.3203e-10 1.0730e-09 7.0445e-10 3.6156e-10 1.0868e-11
7.4400e+02 1.1427e-11 2.3079e-10 1.0739e-09 7.0150e-10 3.6136e-10 1.0828e-11
7.4500e+02 1.1406e-11 2.3019e-10 1.0744e-09 7.0006e-10 3.6125e-10 1.0808e-11
7.4600e+02 1.1384e-11 2.2962e-10 1.0748e-09 6.9865e-10 3.6114e-10 1.0788e-11
7.4300e+02 1.1449e-11 2.3140e-10 1.0735e-09 7.0295e-10 3.6146e-10 1.0848e-11
7.4700e+02 1.1363e-11 2.2907e-10 1.0751e-09 6.9728e-10 3.6103e-10 1.0769e-11
7.4900e+02 1.1320e-11 2.2800e-10 1.0757e-09 6.9459e-10 3.6079e-10 1.0729e-11
7.4800e+02 1.1341e-11 2.2853e-10 1.0755e-09 6.9591e-10 3.6091e-10 1.0749e-11
7.5100e+02 1.1278e-11 2.2702e-10 1.0762e-09 6.9201e-10 3.6054e-10 1.0691e-11
7.5000e+02 1.1299e-11 2.2750e-10 1.0760e-09 6.9328e-10 3.6067e-10 1.0710e-11
7.5200e+02 1.1257e-11 2.2656e-10 1.0764e-09 6.9076e-10 3.6041e-10 1.0671e-11
7.5500e+02 1.1195e-11 2.2526e-10 1.0767e-09 6.8715e-10 3.6001e-10 1.0614e-11
7.5300e+02 1.1236e-11 2.2611e-10 1.0765e-09 6.8953e-10 3.6028e-10 1.0652e-11
7.5400e+02 1.1215e-11 2.2568e-10 1.0767e-09 6.8832e-10 3.6015e-10 1.0633e-11
7.5600e+02 1.1174e-11 2.2487e-10 1.0768e-09 6.8599e-10 3.5988e-10 1.0595e-11
7.5700e+02 1.1154e-11 2.2449e-10 1.0768e-09 6.8486e-10 3.5974e-10 1.0577e-11
7.5900e+02 1.1113e-11 2.2377e-10 1.0766e-09 6.8266e-10 3.5946e-10 1.0539e-11
7.5800e+02 1.1133e-11 2.2412e-10 1.0767e-09 6.8375e-10 3.5960e-10 1.0558e-11
7.6000e+02 1.1093e-11 2.2343e-10 1.0765e-09 6.8160e-10 3.5931e-10 1.0521e-11
7.6200e+02 1.1053e-11 2.2281e-10 1.0762e-09 6.7954e-10 3.5903e-10 1.0484e-11
7.6400e+02 1.1013e-11 2.2225e-10 1.0757e-09 6.7757e-10 3.5873e-10 1.0448e-11
7.6100e+02 1.1073e-11 2.2312e-10 1.0764e-09 6.8056e-10 3.5917e-10 1.0503e-11
7.6300e+02 1.1033e-11 2.2252e-10 1.0760e-09 6.7854e-10 3.5888e-10 1.0466e-11
7.6500e+02 1.0993e-11 2.2199e-10 1.0754e-09 6.7661e-10 3.5859e-10 1.0430e-11
7.6800e+02 1.0935e-11 2.2131e-10 1.0743e-09 6.7386e-10 3.5814e-10 1.0377e-11
7.6700e+02 1.0954e-11 2.2152e-10 1.0747e-09 6.7476e-10 3.5829e-10 1.0394e-11
7.6900e+02 1.0915e-11 2.2111e-10 1.0739e-09 6.7299e-10 3.5800e-10 1.0359e-11
7.6600e+02 1.0974e-11 2.2175e-10 1.0751e-09 6.7567e-10 3.5844e-10 1.0412e-11
7.7000e+02 1.0896e-11 2.2092e-10 1.0734e-09 6.7213e-10 3.5785e-10 1.0342e-11
7.7100e+02 1.0877e-11 2.2075e-10 1.0729e-09 6.7128e-10 3.5770e-10 1.0324e-11
7.7200e+02 1.0858e-11 2.2059e-10 1.0724e-09 6.7047e-10 3.5756e-10 1.0307e-11
7.7400e+02 1.0820e-11 2.2030e-10 1.0712e-09 6.6887e-10 3.5727e-10 1.0273e-11
7.7300e+02 1.0839e-11 2.2044e-10 1.0718e-09 6.6966e-10 3.5741e-10 1.0290e-11
7.7500e+02 1.0801e-11 2.2019e-10 1.0706e-09 6.6811e-10 3.5713e-10 1.0256e-11
7.7600e+02 1.0782e-11 2.2007e-10 1.0700e-09 6.6735e-10 3.5698e-10 1.0239e-11
7.7700e+02 1.0764e-11 2.1998e-10 1.0693e-09 6.6662e-10 3.5684e-10 1.0222e-11
7.7800e+02 1.0745e-11 2.1989e-10 1.0686e-09 6.6590e-10 3.5670e-10 1.0205e-11
7.7900e+02 1.0727e-11 2.1982e-10 1.0678e-09 6.6519e-10 3.5656e-10 1.0188e-11
7.8000e+02 1.0709e-11 2.1976e-10 1.0671e-09 6.6450e-10 3.5643e-10 1.0172e-11
7.8100e+02 1.0690e-11 2.1971e-10 1.0663e-09 6.6383e-10 3.5629e-10 1.0156e-11
7.8200e+02 1.0672e-11 2.1967e-10 1.0655e-09 6.6317e-10 3.5616e-10 1.0139e-11
7.8300e+02 1.0654e-11 2.1964e-10 1.0646e-09 6.6252e-10 3.5603e-10 1.0123e-11
7.8400e+02 1.0636e-11 2.1963e-10 1.0638e-09 6.6189e-10 3.5590e-10 1.0107e-11
7.8500e+02 1.0618e-11 2.1962e-10 1.0629e-09 6.6128e-10 3.5578e-10 1.0091e-11
7.9000e+02 1.0531e-11 2.1976e-10 1.0582e-09 6.5837e-10 3.5518e-10 1.0012e-11
7.8800e+02 1.0565e-11 2.1968e-10 1.0601e-09 6.5950e-10 3.5541e-10 1.0043e-11
7.8700e+02 1.0583e-11 2.1964e-10 1.0611e-09 6.6007e-10 3.5553e-10 1.0059e-11
7.8600e+02 1.0601e-11 2.1963e-10 1.0620e-09 6.6067e-10 3.5565e-10 1.0075e-11
7.9100e+02 1.0513e-11 2.1982e-10 1.0572e-09 6.5782e-10 3.5508e-10 9.9963e-12
7.8900e+02 1.0548e-11 2.1971e-10 1.0592e-09 6.5893e-10 3.5530e-10 1.0027e-11
7.9200e+02 1.0496e-11 2.1988e-10 1.0562e-09 6.5729e-10 3.5497e-10 9.9809e-12
7.9300e+02 1.0479e-11 2.1996e-10 1.0552e-09 6.5676e-10 3.5487e-10 9.9655e-12
7.9400e+02 1.0462e-11 2.2005e-10 1.0541e-09 6.5625e-10 3.5477e-10 9.9503e-12
7.9500e+02 1.0445e-11 2.2015e-10 1.0531e-09 6.5574e-10 3.5467e-10 9.9351e-12
7.9600e+02 1.0428e-11 2.2025e-10 1.0520e-09 6.5524e-10 3.5458e-10 9.9201e-12
7.9700e+02 1.0412e-11 2.2037e-10 1.0509e-09 6.5475e-10 3.5449e-10 9.9051e-12
8.0100e+02 1.0346e-11 2.2092e-10 1.0465e-09 6.5288e-10 3.5417e-10 9.8461e-12
7.9900e+02 1.0379e-11 2.2063e-10 1.0487e-09 6.5380e-10 3.5432e-10 9.8755e-12
8.0000e+02 1.0362e-11 2.2077e-10 1.0476e-09 6.5334e-10 3.5424e-10 9.8607e-12
7.9800e+02 1.0395e-11 2.2049e-10 1.0498e-09 6.5427e-10 3.5440e-10 9.8902e-12
8.0300e+02 1.0313e-11 2.2124e-10 1.0443e-09 6.5199e-10 3.5403e-10 9.8171e-12
8.0400e+02 1.0297e-11 2.2142e-10 1.0431e-09 6.5156e-10 3.5397e-10 9.8028e-12
8.0200e+02 1.0329e-11 2.2108e-10 1.0454e-09 6.5243e-10 3.5410e-10 9.8316e-12
8.0500e+02 1.0281e-11 2.2160e-10 1.0420e-09 6.5113e-10 3.5392e-10 9.7885e-12
8.0600e+02 1.0265e-11 2.2179e-10 1.0409e-09 6.5071e-10 3.5386e-10 9.7743e-12
8.0700e+02 1.0250e-11 2.2199e-10 1.0397e-09 6.5029e-10 3.5382e-10 9.7602e-12
8.0900e+02 1.0218e-11 2.2241e-10 1.0374e-09 6.4947e-10 3.5374e-10 9.7322e-12
8.0800e+02 1.0234e-11 2.2219e-10 1.0386e-09 6.4988e-10 3.5377e-10 9.7461e-12
8.1000e+02 1.0203e-11 2.2262e-10 1.0363e-09 6.4906e-10 3.5370e-10 9.7183e-12
8.1100e+02 1.0187e-11 2.2286e-10 1.0352e-09 6.4866e-10 3.5368e-10 9.7046e-12
8.1500e+02 1.0126e-11 2.2384e-10 1.0306e-09 6.4709e-10 3.5361e-10 9.6502e-12
8.1200e+02 1.0172e-11 2.2309e-10 1.0340e-09 6.4826e-10 3.5365e-10 9.6909e-12
8.1400e+02 1.0141e-11 2.2358e-10 1.0318e-09 6.4748e-10 3.5362e-10 9.6637e-12
8.1300e+02 1.0157e-11 2.2333e-10 1.0329e-09 6.4787e-10 3.5363e-10 9.6772e-12
8.1600e+02 1.0111e-11 2.2410e-10 1.0295e-09 6.4670e-10 3.5361e-10 9.6368e-12
8.1700e+02 1.0096e-11 2.2436e-10 1.0284e-09 6.4632e-10 3.5361e-10 9.6235e-12
8.2000e+02 1.0052e-11 2.2520e-10 1.0251e-09 6.4518e-10 3.5365e-10 9.5840e-12
8.1900e+02 1.0067e-11 2.2492e-10 1.0262e-09 6.4556e-10 3.5363e-10 9.5971e-12
8.1800e+02 1.0081e-11 2.2463e-10 1.0273e-09 6.4594e-10 3.5362e-10 9.6103e-12
8.2200e+02 1.0023e-11 2.2579e-10 1.0229e-09 6.4443e-10 3.5371e-10 9.5581e-12
8.2100e+02 1.0037e-11 2.2549e-10 1.0240e-09 6.4481e-10 3.5368e-10 9.5710e-12
8.2300e+02 1.0009e-11 2.2608e-10 1.0218e-09 6.4405e-10 3.5374e-10 9.5452e-12
8.2500e+02 9.9799e-12 2.2670e-10 1.0197e-09 6.4329e-10 3.5383e-10 9.5197e-12
8.2400e+02 9.9942e-12 2.2639e-10 1.0208e-09 6.4367e-10 3.5378e-10 9.5324e-12
8.2600e+02 9.9658e-12 2.2702e-10 1.0187e-09 6.4291e-10 3.5388e-10 9.5070e-12
8.2700e+02 9.9517e-12 2.2735e-10 1.0176e-09 6.4254e-10 3.5394e-10 9.4945e-12
8.2800e+02 9.9377e-12 2.2767e-10 1.0166e-09 6.4215e-10 3.5401e-10 9.4820e-12
8.2900e+02 9.9237e-12 2.2801e-10 1.0156e-09 6.4177e-10 3.5408e-10 9.4695e-12
8.3000e+02 9.9099e-12 2.2834e-10 1.0146e-09 6.4139e-10 3.5416e-10 9.4572e-12
8.3100e+02 9.8961e-12 2.2869e-10 1.0136e-09 6.4100e-10 3.5424e-10 9.4449e-12
8.3300e+02 9.8688e-12 2.2938e-10 1.0117e-09 6.4021e-10 3.5443e-10 9.4205e-12
8.3200e+02 9.8824e-12 2.2903e-10 1.0127e-09 6.4061e-10 3.5433e-10 9.4326e-12
8.3400e+02 9.8552e-12 2.2973e-10 1.0108e-09 6.3982e-10 3.5453e-10 9.4083e-12
8.3500e+02 9.8418e-12 2.3009e-10 1.0099e-09 6.3942e-10 3.5464e-10 9.3963e-12
8.3600e+02 9.8284e-12 2.3045e-10 1.0090e-09 6.3902e-10 3.5475e-10 9.3843e-12
8.3700e+02 9.8151e-12 2.3082e-10 1.0081e-09 6.3861e-10 3.5487e-10 9.3724e-12
8.3800e+02 9.8019e-12 2.3119e-10 1.0072e-09 6.3821e-10 3.5500e-10 9.3606e-12
8.3900e+02 9.7887e-12 2.3156e-10 1.0063e-09 6.3779e-10 3.5513e-10 9.3488e-12
8.4000e+02 9.7756e-12 2.3194e-10 1.0055e-09 6.3737e-10 3.5528e-10 9.3371e-12
8.4100e+02 9.7626e-12 2.3232e-10 1.0047e-09 6.3695e-10 3.5542e-10 9.3254e-12
8.4300e+02 9.7368e-12 2.3309e-10 1.0031e-09 6.3609e-10 3.5574e-10 9.3023e-12
8.4500e+02 9.7112e-12 2.3387e-10 1.0015e-09 6.3521e-10 3.5608e-10 9.2794e-12
8.4200e+02 9.7496e-12 2.3271e-10 1.0039e-09 6.3652e-10 3.5558e-10 9.3138e-12
8.4400e+02 9.7240e-12 2.3348e-10 1.0023e-09 6.3565e-10 3.5591e-10 9.2908e-12
8.4600e+02 9.6986e-12 2.3426e-10 1.0008e-09 6.3477e-10 3.5626e-10 9.2680e-12
8.4800e+02 9.6735e-12 2.3505e-10 9.9937e-10 6.3386e-10 3.5664e-10 9.2455e-12
8.4700e+02 9.6860e-12 2.3465e-10 1.0001e-09 6.3432e-10 3.5645e-10 9.2567e-12
8.4900e+02 9.6611e-12 2.3545e-10 9.9868e-10 6.3339e-10 3.5685e-10 9.2343e-12
8.5000e+02 9.6487e-12 2.3584e-10 9.9801e-10 6.3292e-10 3.5706e-10 9.2231e-12
8.5100e+02 9.6364e-12 2.3624e-10 9.9736e-10 6.3245e-10 3.5727e-10 9.2121e-12
8.5300e+02 9.6119e-12 2.3705e-10 9.9611e-10 6.3147e-10 3.5772e-10 9.1901e-12
8.5200e+02 9.6241e-12 2.3665e-10 9.9673e-10 6.3196e-10 3.5749e-10 9.2010e-12
8.5400e+02 9.5998e-12 2.3746e-10 9.9552e-10 6.3097e-10 3.5796e-10 9.1792e-12
8.5600e+02 9.5758e-12 2.3827e-10 9.9438e-10 6.2996e-10 3.5846e-10 9.1575e-12
8.5700e+02 9.5639e-12 2.3868e-10 9.9383e-10 6.2944e-10 3.5872e-10 9.1467e-12
8.5900e+02 9.5402e-12 2.3949e-10 9.9280e-10 6.2838e-10 3.5926e-10 9.1253e-12
8.5500e+02 9.5878e-12 2.3786e-10 9.9494e-10 6.3047e-10 3.5821e-10 9.1683e-12
8.6100e+02 9.5168e-12 2.4030e-10 9.9184e-10 6.2729e-10 3.5982e-10 9.1041e-12
8.5800e+02 9.5520e-12 2.3908e-10 9.9331e-10 6.2891e-10 3.5898e-10 9.1360e-12
8.6000e+02 9.5285e-12 2.3990e-10 9.9231e-10 6.2784e-10 3.5954e-10 9.1147e-12
8.6200e+02 9.5052e-12 2.4071e-10 9.9138e-10 6.2674e-10 3.6012e-10 9.0936e-12
8.6300e+02 9.4936e-12 2.4112e-10 9.9094e-10 6.2617e-10 3.6042e-10 9.0831e-12
8.6400e+02 9.4821e-12 2.4152e-10 9.9052e-10 6.2561e-10 3.6073e-10 9.0727e-12
8.6600e+02 9.4593e-12 2.4233e-10 9.8973e-10 6.2444e-10 3.6137e-10 9.0520e-12
8.6900e+02 9.4255e-12 2.4354e-10 9.8866e-10 6.2263e-10 3.6239e-10 9.0212e-12
8.6500e+02 9.4707e-12 2.4194e-10 9.9011e-10 6.2503e-10 3.6105e-10 9.0623e-12
8.6700e+02 9.4480e-12 2.4274e-10 9.8936e-10 6.2385e-10 3.6171e-10 9.0417e-12
8.6800e+02 9.4367e-12 2.4314e-10 9.8900e-10 6.2324e-10 3.6205e-10 9.0314e-12
8.7100e+02 9.4032e-12 2.4433e-10 9.8803e-10 6.2140e-10 3.6311e-10 9.0009e-12
8.7000e+02 9.4143e-12 2.4393e-10 9.8834e-10 6.2202e-10 3.6275e-10 9.0110e-12
8.7400e+02 9.3702e-12 2.4549e-10 9.8720e-10 6.1947e-10 3.6424e-10 8.9708e-12
8.7200e+02 9.3922e-12 2.4472e-10 9.8774e-10 6.2076e-10 3.6348e-10 8.9909e-12
8.7300e+02 9.3812e-12 2.4512e-10 9.8746e-10 6.2012e-10 3.6386e-10 8.9808e-12
8.7600e+02 9.3485e-12 2.4626e-10 9.8672e-10 6.1815e-10 3.6503e-10 8.9509e-12
8.7800e+02 9.3269e-12 2.4701e-10 9.8630e-10 6.1679e-10 3.6586e-10 8.9312e-12
8.7500e+02 9.3593e-12 2.4588e-10 9.8695e-10 6.1882e-10 3.6463e-10 8.9608e-12
8.7700e+02 9.3377e-12 2.4664e-10 9.8650e-10 6.1747e-10 3.6544e-10 8.9410e-12
8.7900e+02 9.3162e-12 2.4738e-10 9.8610e-10 6.1611e-10 3.6628e-10 8.9214e-12
8.8000e+02 9.3056e-12 2.4774e-10 9.8593e-10 6.1541e-10 3.6671e-10 8.9116e-12
8.8100e+02 9.2950e-12 2.4810e-10 9.8576e-10 6.1471e-10 3.6715e-10 8.9019e-12
8.8400e+02 9.2634e-12 2.4914e-10 9.8533e-10 6.1255e-10 3.6850e-10 8.8729e-12
8.8200e+02 9.2844e-12 2.4845e-10 9.8560e-10 6.1400e-10 3.6759e-10 8.8922e-12
8.8300e+02 9.2739e-12 2.4880e-10 9.8546e-10 6.1328e-10 3.6804e-10 8.8826e-12
8.8500e+02 9.2530e-12 2.4948e-10 9.8521e-10 6.1182e-10 3.6897e-10 8.8634e-12
8.8800e+02 9.2220e-12 2.5044e-10 9.8492e-10 6.0958e-10 3.7042e-10 8.8348e-12
8.8700e+02 9.2323e-12 2.5013e-10 9.8501e-10 6.1033e-10 3.6993e-10 8.8443e-12
8.8600e+02 9.2426e-12 2.4981e-10 9.8510e-10 6.1108e-10 3.6945e-10 8.8538e-12
8.8900e+02 9.2117e-12 2.5075e-10 9.8484e-10 6.0882e-10 3.7091e-10 8.8253e-12
8.9000e+02 9.2015e-12 2.5106e-10 9.8477e-10 6.0804e-10 3.7142e-10 8.8159e-12
8.9100e+02 9.1913e-12 2.5136e-10 9.8472e-10 6.0727e-10 3.7193e-10 8.8065e-12
8.9200e+02 9.1812e-12 2.5164e-10 9.8467e-10 6.0649e-10 3.7245e-10 8.7972e-12
8.9300e+02 9.1711e-12 2.5192e-10 9.8462e-10 6.0570e-10 3.7298e-10 8.7878e-12
8.9400e+02 9.1610e-12 2.5218e-10 9.8459e-10 6.0491e-10 3.7351e-10 8.7786e-12
8.9500e+02 9.1510e-12 2.5244e-10 9.8457e-10 6.0410e-10 3.7405e-10 8.7693e-12
8.9600e+02 9.1410e-12 2.5269e-10 9.8455e-10 6.0329e-10 3.7460e-10 8.7600e-12
8.9700e+02 9.1311e-12 2.5293e-10 9.8454e-10 6.0248e-10 3.7516e-10 8.7509e-12
8.9900e+02 9.1113e-12 2.5338e-10 9.8454e-10 6.0084e-10 3.7629e-10 8.7325e-12
8.9800e+02 9.1211e-12 2.5315e-10 9.8454e-10 6.0166e-10 3.7572e-10 8.7417e-12
9.0000e+02 9.1014e-12 2.5359e-10 9.8455e-10 6.0001e-10 3.7686e-10 8.7234e-12
9.0100e+02 9.0916e-12 2.5378e-10 9.8457e-10 5.9918e-10 3.7745e-10 8.7143e-12
9.0200e+02 9.0818e-12 2.5397e-10 9.8459e-10 5.9834e-10 3.7804e-10 8.7052e-12
9.0400e+02 9.0624e-12 2.5430e-10 9.8464e-10 5.9664e-10 3.7924e-10 8.6872e-12
9.0300e+02 9.0721e-12 2.5414e-10 9.8461e-10 5.9749e-10 3.7863e-10 8.6962e-12
9.0500e+02 9.0527e-12 2.5445e-10 9.8468e-10 5.9578e-10 3.7985e-10 8.6782e-12
9.0600e+02 9.0430e-12 2.5458e-10 9.8472e-10 5.9492e-10 3.8046e-10 8.6692e-12
9.0700e+02 9.0334e-12 2.5469e-10 9.8477e-10 5.9406e-10 3.8109e-10 8.6603e-12
9.0800e+02 9.0238e-12 2.5481e-10 9.8482e-10 5.9320e-10 3.8172e-10 8.6513e-12
9.1000e+02 9.0047e-12 2.5498e-10 9.8493e-10 5.9145e-10 3.8300e-10 8.6336e-12
9.0900e+02 9.0142e-12 2.5490e-10 9.8487e-10 5.9233e-10 3.8235e-10 8.6424e-12
9.1100e+02 8.9951e-12 2.5504e-10 9.8498e-10 5.9057e-10 3.8364e-10 8.6247e-12
9.1300e+02 8.9762e-12 2.5513e-10 9.8511e-10 5.8881e-10 3.8496e-10 8.6071e-12
9.1400e+02 8.9667e-12 2.5514e-10 9.8518e-10 5.8792e-10 3.8562e-10 8.5983e-12
9.1200e+02 8.9857e-12 2.5510e-10 9.8505e-10 5.8969e-10 3.8430e-10 8.6159e-12
9.1500e+02 8.9573e-12 2.5515e-10 9.8525e-10 5.8703e-10 3.8630e-10 8.5896e-12
9.1700e+02 8.9386e-12 2.5510e-10 9.8540e-10 5.8524e-10 3.8766e-10 8.5721e-12
9.1600e+02 8.9479e-12 2.5513e-10 9.8532e-10 5.8613e-10 3.8697e-10 8.5808e-12
9.1800e+02 8.9292e-12 2.5507e-10 9.8548e-10 5.8434e-10 3.8835e-10 8.5634e-12
9.1900e+02 8.9199e-12 2.5500e-10 9.8555e-10 5.8344e-10 3.8904e-10 8.5548e-12
9.2100e+02 8.9013e-12 2.5484e-10 9.8572e-10 5.8163e-10 3.9045e-10 8.5375e-12
9.2000e+02 8.9106e-12 2.5493e-10 9.8564e-10 5.8254e-10 3.8974e-10 8.5461e-12
9.2200e+02 8.8921e-12 2.5472e-10 9.8580e-10 5.8073e-10 3.9116e-10 8.5289e-12
9.2500e+02 8.8645e-12 2.5428e-10 9.8607e-10 5.7800e-10 3.9331e-10 8.5032e-12
9.2300e+02 8.8829e-12 2.5459e-10 9.8589e-10 5.7983e-10 3.9187e-10 8.5203e-12
9.2600e+02 8.8553e-12 2.5410e-10 9.8616e-10 5.7710e-10 3.9404e-10 8.4946e-12
9.2400e+02 8.8736e-12 2.5444e-10 9.8598e-10 5.7892e-10 3.9259e-10 8.5117e-12
9.2700e+02 8.8461e-12 2.5390e-10 9.8626e-10 5.7619e-10 3.9477e-10 8.4861e-12
9.2800e+02 8.8370e-12 2.5368e-10 9.8635e-10 5.7528e-10 3.9551e-10 8.4776e-12
9.3000e+02 8.8187e-12 2.5319e-10 9.8655e-10 5.7346e-10 3.9700e-10 8.4606e-12
9.2900e+02 8.8278e-12 2.5344e-10 9.8645e-10 5.7437e-10 3.9625e-10 8.4691e-12
9.3100e+02 8.8096e-12 2.5291e-10 9.8665e-10 5.7255e-10 3.9775e-10 8.4522e-12
9.3400e+02 8.7825e-12 2.5198e-10 9.8697e-10 5.6983e-10 4.0001e-10 8.4269e-12
9.3200e+02 8.8006e-12 2.5262e-10 9.8676e-10 5.7164e-10 3.9850e-10 8.4437e-12
9.3300e+02 8.7915e-12 2.5230e-10 9.8687e-10 5.7073e-10 3.9926e-10 8.4353e-12
9.3600e+02 8.7644e-12 2.5127e-10 9.8720e-10 5.6801e-10 4.0154e-10 8.4101e-12
9.3500e+02 8.7734e-12 2.5165e-10 9.8709e-10 5.6892e-10 4.0078e-10 8.4185e-12
9.3700e+02 8.7554e-12 2.5090e-10 9.8732e-10 5.6711e-10 4.0231e-10 8.4018e-12
9.3800e+02 8.7464e-12 2.5050e-10 9.8745e-10 5.6621e-10 4.0308e-10 8.3934e-12
9.3900e+02 8.7374e-12 2.5008e-10 9.8757e-10 5.6530e-10 4.0386e-10 8.3851e-12
9.4000e+02 8.7285e-12 2.4965e-10 9.8770e-10 5.6441e-10 4.0463e-10 8.3768e-12
9.4100e+02 8.7195e-12 2.4920e-10 9.8784e-10 5.6351e-10 4.0541e-10 8.3684e-12
9.4400e+02 8.6927e-12 2.4775e-10 9.8828e-10 5.6083e-10 4.0775e-10 8.3436e-12
9.4200e+02 8.7105e-12 2.4872e-10 9.8798e-10 5.6261e-10 4.0619e-10 8.3601e-12
9.4300e+02 8.7016e-12 2.4825e-10 9.8813e-10 5.6172e-10 4.0697e-10 8.3518e-12
9.4500e+02 8.6837e-12 2.4723e-10 9.8843e-10 5.5994e-10 4.0854e-10 8.3353e-12
9.4600e+02 8.6749e-12 2.4670e-10 9.8860e-10 5.5906e-10 4.0932e-10 8.3270e-12
9.4700e+02 8.6659e-12 2.4616e-10 9.8876e-10 5.5817e-10 4.1011e-10 8.3187e-12
9.4800e+02 8.6571e-12 2.4558e-10 9.8894e-10 5.5729e-10 4.1090e-10 8.3105e-12
9.4900e+02 8.6482e-12 2.4502e-10 9.8913e-10 5.5642e-10 4.1169e-10 8.3023e-12
9.5000e+02 8.6393e-12 2.4442e-10 9.8932e-10 5.5555e-10 4.1248e-10 8.2941e-12
9.5100e+02 8.6304e-12 2.4381e-10 9.8952e-10 5.5468e-10 4.1327e-10 8.2858e-12
9.5200e+02 8.6216e-12 2.4319e-10 9.8973e-10 5.5381e-10 4.1406e-10 8.2776e-12
9.5300e+02 8.6127e-12 2.4255e-10 9.8995e-10 5.5295e-10 4.1484e-10 8.2694e-12
9.5400e+02 8.6039e-12 2.4192e-10 9.9018e-10 5.5209e-10 4.1563e-10 8.2613e-12
9.5700e+02 8.5774e-12 2.3991e-10 9.9093e-10 5.4953e-10 4.1800e-10 8.2367e-12
9.5800e+02 8.5686e-12 2.3921e-10 9.9120e-10 5.4870e-10 4.1879e-10 8.2286e-12
9.5500e+02 8.5951e-12 2.4126e-10 9.9042e-10 5.5124e-10 4.1642e-10 8.2531e-12
9.5600e+02 8.5862e-12 2.4059e-10 9.9067e-10 5.5039e-10 4.1721e-10 8.2449e-12
9.5900e+02 8.5597e-12 2.3851e-10 9.9149e-10 5.4787e-10 4.1957e-10 8.2204e-12
9.6000e+02 8.5509e-12 2.3779e-10 9.9179e-10 5.4703e-10 4.2036e-10 8.2122e-12
9.6100e+02 8.5421e-12 2.3708e-10 9.9210e-10 5.4620e-10 4.2114e-10 8.2041e-12
9.6200e+02 8.5333e-12 2.3634e-10 9.9243e-10 5.4538e-10 4.2192e-10 8.1959e-12
9.6300e+02 8.5245e-12 2.3560e-10 9.9277e-10 5.4456e-10 4.2270e-10 8.1878e-12
9.6400e+02 8.5157e-12 2.3486e-10 9.9312e-10 5.4375e-10 4.2347e-10 8.1797e-12
9.6700e+02 8.4894e-12 2.3258e-10 9.9428e-10 5.4133e-10 4.2579e-10 8.1553e-12
9.6600e+02 8.4982e-12 2.3334e-10 9.9388e-10 5.4214e-10 4.2502e-10 8.1634e-12
9.6500e+02 8.5069e-12 2.3410e-10 9.9349e-10 5.4294e-10 4.2425e-10 8.1715e-12
9.7000e+02 8.4631e-12 2.3026e-10 9.9560e-10 5.3897e-10 4.2807e-10 8.1310e-12
9.6900e+02 8.4718e-12 2.3103e-10 9.9514e-10 5.3975e-10 4.2732e-10 8.1391e-12
9.6800e+02 8.4806e-12 2.3181e-10 9.9470e-10 5.4054e-10 4.2655e-10 8.1472e-12
9.7200e+02 8.4455e-12 2.2869e-10 9.9657e-10 5.3742e-10 4.2958e-10 8.1148e-12
9.7100e+02 8.4543e-12 2.2947e-10 9.9608e-10 5.3819e-10 4.2883e-10 8.1229e-12
9.7800e+02 8.3930e-12 2.2392e-10 9.9996e-10 5.3291e-10 4.3400e-10 8.0662e-12
9.7300e+02 8.4368e-12 2.2789e-10 9.9708e-10 5.3665e-10 4.3033e-10 8.1067e-12
9.8200e+02 8.3581e-12 2.2075e-10 1.0027e-09 5.3002e-10 4.3685e-10 8.0339e-12
9.7400e+02 8.4280e-12 2.2711e-10 9.9762e-10 5.3589e-10 4.3107e-10 8.0986e-12
9.7600e+02 8.4105e-12 2.2551e-10 9.9875e-10 5.3439e-10 4.3255e-10 8.0824e-12
9.8000e+02 8.3755e-12 2.2234e-10 1.0013e-09 5.3145e-10 4.3544e-10 8.0501e-12
9.7500e+02 8.4193e-12 2.2631e-10 9.9817e-10 5.3513e-10 4.3181e-10 8.0905e-12
9.7900e+02 8.3843e-12 2.2313e-10 1.0006e-09 5.3217e-10 4.3472e-10 8.0581e-12
9.7700e+02 8.4018e-12 2.2472e-10 9.9934e-10 5.3365e-10 4.3328e-10 8.0743e-12
9.8500e+02 8.3318e-12 2.1838e-10 1.0049e-09 5.2791e-10 4.3893e-10 8.0097e-12
9.8600e+02 8.3231e-12 2.1761e-10 1.0057e-09 5.2722e-10 4.3961e-10 8.0016e-12
9.8100e+02 8.3668e-12 2.2155e-10 1.0020e-09 5.3073e-10 4.3615e-10 8.0420e-12
9.8700e+02 8.3144e-12 2.1682e-10 1.0066e-09 5.2654e-10 4.4029e-10 7.9936e-12
9.8300e+02 8.3493e-12 2.1996e-10 1.0034e-09 5.2931e-10 4.3755e-10 8.0259e-12
9.8900e+02 8.2970e-12 2.1529e-10 1.0083e-09 5.2519e-10 4.4162e-10 7.9775e-12
9.8400e+02 8.3406e-12 2.1917e-10 1.0042e-09 5.2860e-10 4.3825e-10 8.0178e-12
9.9200e+02 8.2708e-12 2.1300e-10 1.0111e-09 5.2321e-10 4.4356e-10 7.9533e-12
9.9500e+02 8.2446e-12 2.1078e-10 1.0141e-09 5.2129e-10 4.4544e-10 7.9291e-12
9.8800e+02 8.3057e-12 2.1605e-10 1.0074e-09 5.2586e-10 4.4096e-10 7.9855e-12
9.9600e+02 8.2360e-12 2.1005e-10 1.0152e-09 5.2067e-10 4.4606e-10 7.9211e-12
9.9700e+02 8.2272e-12 2.0933e-10 1.0163e-09 5.2005e-10 4.4666e-10 7.9130e-12
9.9000e+02 8.2882e-12 2.1453e-10 1.0092e-09 5.2453e-10 4.4227e-10 7.9694e-12
9.9100e+02 8.2795e-12 2.1376e-10 1.0101e-09 5.2387e-10 4.4292e-10 7.9613e-12
1.0000e+03 8.2012e-12 2.0720e-10 1.0197e-09 5.1822e-10 4.4843e-10 7.8889e-12
9.9400e+02 8.2534e-12 2.1152e-10 1.0131e-09 5.2193e-10 4.4482e-10 7.9372e-12
9.9300e+02 8.2621e-12 2.1226e-10 1.0121e-09 5.2257e-10 4.4420e-10 7.9452e-12
9.9800e+02 8.2186e-12 2.0861e-10 1.0174e-09 5.1943e-10 4.4726e-10 7.9050e-12
9.9900e+02 8.2099e-12 2.0790e-10 1.0185e-09 5.1882e-10 4.4785e-10 7.8970e-12
