2.0000e+00 1.1847e+03
3.0000e+00 5.5130e+02
4.0000e+00 3.0794e+02
5.0000e+00 1.9357e+02
6.0000e+00 1.3217e+02
7.0000e+00 9.5946e+01
8.0000e+00 7.2948e+01
9.0000e+00 5.7504e+01
1.0000e+01 4.6660e+01
1.1000e+01 3.8742e+01
1.2000e+01 3.2822e+01
1.3000e+01 2.8242e+01
1.4000e+01 2.4608e+01
1.5000e+01 2.1686e+01
1.6000e+01 1.9315e+01
1.7000e+01 1.7364e+01
1.8000e+01 1.5727e+01
1.9000e+01 1.4353e+01
2.0000e+01 1.3165e+01
2.1000e+01 1.2136e+01
2.2000e+01 1.1241e+01
2.3000e+01 1.0455e+01
2.4000e+01 9.7624e+00
2.5000e+01 9.1479e+00
2.6000e+01 8.5985e+00
2.7000e+01 8.1069e+00
2.8000e+01 7.6641e+00
2.9000e+01 7.2639e+00
3.0000e+01 6.9014e+00
3.1000e+01 6.5695e+00
3.2000e+01 6.2671e+00
3.3000e+01 5.9909e+00
3.4000e+01 5.7367e+00
3.5000e+01 5.5018e+00
3.6000e+01 5.2846e+00
3.7000e+01 5.0824e+00
3.8000e+01 4.8960e+00
3.9000e+01 4.7229e+00
4.0000e+01 4.5614e+00
4.1000e+01 4.4106e+00
4.2000e+01 4.2688e+00
4.3000e+01 4.1359e+00
4.4000e+01 4.0101e+00
4.5000e+01 3.8925e+00
4.6000e+01 3.7821e+00
4.7000e+01 3.6777e+00
4.8000e+01 3.5789e+00
4.9000e+01 3.4855e+00
5.0000e+01 3.3976e+00
5.1000e+01 3.3141e+00
5.2000e+01 3.2355e+00
5.3000e+01 3.1603e+00
5.4000e+01 3.0883e+00
5.5000e+01 3.0196e+00
5.6000e+01 2.9546e+00
5.7000e+01 2.8928e+00
5.8000e+01 2.8339e+00
5.9000e+01 2.7776e+00
6.0000e+01 2.7237e+00
6.1000e+01 2.6726e+00
6.2000e+01 2.6233e+00
6.3000e+01 2.5758e+00
6.4000e+01 2.5305e+00
6.5000e+01 2.4869e+00
6.6000e+01 2.4452e+00
6.7000e+01 2.4050e+00
6.8000e+01 2.3668e+00
6.9000e+01 2.3300e+00
7.0000e+01 2.2946e+00
7.1000e+01 2.2604e+00
7.2000e+01 2.2276e+00
7.3000e+01 2.1959e+00
7.4000e+01 2.1652e+00
7.5000e+01 2.1356e+00
7.6000e+01 2.1072e+00
7.7000e+01 2.0800e+00
7.8000e+01 2.0537e+00
7.9000e+01 2.0283e+00
8.0000e+01 2.0037e+00
8.1000e+01 1.9800e+00
8.2000e+01 1.9571e+00
8.3000e+01 1.9347e+00
8.4000e+01 1.9132e+00
8.5000e+01 1.8922e+00
8.6000e+01 1.8719e+00
8.7000e+01 1.8523e+00
8.8000e+01 1.8331e+00
8.9000e+01 1.8145e+00
9.0000e+01 1.7965e+00
9.1000e+01 1.7790e+00
9.2000e+01 1.7620e+00
9.3000e+01 1.7454e+00
9.4000e+01 1.7293e+00
9.5000e+01 1.7137e+00
9.6000e+01 1.6983e+00
9.7000e+01 1.6834e+00
9.8000e+01 1.6690e+00
9.9000e+01 1.6548e+00
1.0000e+02 1.6410e+00
1.0100e+02 1.6276e+00
1.0200e+02 1.6146e+00
1.0300e+02 1.6019e+00
1.0400e+02 1.5894e+00
1.0500e+02 1.5772e+00
1.0600e+02 1.5653e+00
1.0700e+02 1.5535e+00
1.0800e+02 1.5421e+00
1.0900e+02 1.5309e+00
1.1000e+02 1.5199e+00
1.1100e+02 1.5091e+00
1.1200e+02 1.4985e+00
1.1300e+02 1.4882e+00
1.1400e+02 1.4781e+00
1.1500e+02 1.4681e+00
1.1600e+02 1.4583e+00
1.1700e+02 1.4488e+00
1.1800e+02 1.4394e+00
1.1900e+02 1.4301e+00
1.2000e+02 1.4210e+00
1.2100e+02 1.4120e+00
1.2200e+02 1.4031e+00
1.2300e+02 1.3944e+00
1.2400e+02 1.3858e+00
1.2500e+02 1.3773e+00
1.2600e+02 1.3689e+00
1.2700e+02 1.3605e+00
1.2800e+02 1.3523e+00
1.2900e+02 1.3442e+00
1.3000e+02 1.3361e+00
1.3100e+02 1.3281e+00
1.3200e+02 1.3203e+00
1.3300e+02 1.3125e+00
1.3400e+02 1.3048e+00
1.3500e+02 1.2971e+00
1.3600e+02 1.2895e+00
1.3700e+02 1.2820e+00
1.3800e+02 1.2745e+00
1.3900e+02 1.2670e+00
1.4000e+02 1.2597e+00
1.4100e+02 1.2523e+00
1.4200e+02 1.2450e+00
1.4300e+02 1.2378e+00
1.4400e+02 1.2306e+00
1.4500e+02 1.2234e+00
1.4600e+02 1.2163e+00
1.4700e+02 1.2092e+00
1.4800e+02 1.2022e+00
1.4900e+02 1.1952e+00
1.5000e+02 1.1881e+00
1.5100e+02 1.1812e+00
1.5200e+02 1.1742e+00
1.5300e+02 1.1673e+00
1.5400e+02 1.1604e+00
1.5500e+02 1.1535e+00
1.5600e+02 1.1466e+00
1.5700e+02 1.1398e+00
1.5800e+02 1.1330e+00
1.5900e+02 1.1262e+00
1.6000e+02 1.1194e+00
1.6100e+02 1.1126e+00
1.6200e+02 1.1059e+00
1.6300e+02 1.0991e+00
1.6400e+02 1.0924e+00
1.6500e+02 1.0857e+00
1.6600e+02 1.0791e+00
1.6700e+02 1.0724e+00
1.6800e+02 1.0658e+00
1.6900e+02 1.0591e+00
1.7000e+02 1.0525e+00
1.7100e+02 1.0458e+00
1.7200e+02 1.0392e+00
1.7300e+02 1.0325e+00
1.7400e+02 1.0259e+00
1.7500e+02 1.0193e+00
1.7600e+02 1.0126e+00
1.7700e+02 1.0060e+00
1.7800e+02 9.9933e-01
1.7900e+02 9.9267e-01
1.8000e+02 9.8606e-01
1.8100e+02 9.7940e-01
1.8200e+02 9.7278e-01
1.8300e+02 9.6612e-01
1.8400e+02 9.5948e-01
1.8500e+02 9.5285e-01
1.8600e+02 9.4614e-01
1.8700e+02 9.3951e-01
1.8800e+02 9.3288e-01
1.8900e+02 9.2622e-01
1.9000e+02 9.1962e-01
1.9100e+02 9.1296e-01
1.9200e+02 9.0633e-01
1.9300e+02 8.9969e-01
1.9400e+02 8.9307e-01
1.9500e+02 8.8644e-01
1.9600e+02 8.7980e-01
1.9700e+02 8.7318e-01
1.9800e+02 8.6657e-01
1.9900e+02 8.5996e-01
2.0000e+02 8.5337e-01
2.0100e+02 8.4676e-01
2.0200e+02 8.4017e-01
2.0300e+02 8.3359e-01
2.0400e+02 8.2699e-01
2.0500e+02 8.2040e-01
2.0600e+02 8.1380e-01
2.0700e+02 8.0721e-01
2.0800e+02 8.0060e-01
2.0900e+02 7.9401e-01
2.1000e+02 7.8742e-01
2.1100e+02 7.8083e-01
2.1200e+02 7.7424e-01
2.1300e+02 7.6765e-01
2.1400e+02 7.6107e-01
2.1500e+02 7.5450e-01
2.1600e+02 7.4793e-01
2.1700e+02 7.4137e-01
2.1800e+02 7.3481e-01
2.1900e+02 7.2828e-01
2.2000e+02 7.2175e-01
2.2100e+02 7.1524e-01
2.2200e+02 7.0873e-01
2.2300e+02 7.0222e-01
2.2400e+02 6.9575e-01
2.2500e+02 6.8927e-01
2.2600e+02 6.8282e-01
2.2700e+02 6.7637e-01
2.2800e+02 6.6994e-01
2.2900e+02 6.6353e-01
2.3000e+02 6.5713e-01
2.3100e+02 6.5072e-01
2.3200e+02 6.4436e-01
2.3300e+02 6.3800e-01
2.3400e+02 6.3165e-01
2.3500e+02 6.2532e-01
2.3600e+02 6.1901e-01
2.3700e+02 6.1270e-01
2.3800e+02 6.0643e-01
2.3900e+02 6.0017e-01
2.4000e+02 5.9392e-01
2.4100e+02 5.8769e-01
2.4200e+02 5.8149e-01
2.4300e+02 5.7531e-01
2.4400e+02 5.6915e-01
2.4500e+02 5.6301e-01
2.4600e+02 5.5690e-01
2.4700e+02 5.5080e-01
2.4800e+02 5.4473e-01
2.4900e+02 5.3870e-01
2.5000e+02 5.3268e-01
2.5100e+02 5.2671e-01
2.5200e+02 5.2074e-01
2.5300e+02 5.1481e-01
2.5400e+02 5.0891e-01
2.5500e+02 5.0304e-01
2.5600e+02 4.9720e-01
2.5700e+02 4.9139e-01
2.5800e+02 4.8560e-01
2.5900e+02 4.7986e-01
2.6000e+02 4.7415e-01
2.6100e+02 4.6846e-01
2.6200e+02 4.6280e-01
2.6300e+02 4.5720e-01
2.6400e+02 4.5162e-01
2.6500e+02 4.4606e-01
2.6600e+02 4.4054e-01
2.6700e+02 4.3505e-01
2.6800e+02 4.2960e-01
2.6900e+02 4.2417e-01
2.7000e+02 4.1879e-01
2.7100e+02 4.1345e-01
2.7200e+02 4.0814e-01
2.7300e+02 4.0287e-01
2.7400e+02 3.9764e-01
2.7500e+02 3.9244e-01
2.7600e+02 3.8730e-01
2.7700e+02 3.8217e-01
2.7800e+02 3.7709e-01
2.7900e+02 3.7205e-01
2.8000e+02 3.6705e-01
2.8100e+02 3.6210e-01
2.8200e+02 3.5718e-01
2.8300e+02 3.5230e-01
2.8400e+02 3.4747e-01
2.8500e+02 3.4268e-01
2.8600e+02 3.3792e-01
2.8700e+02 3.3321e-01
2.8800e+02 3.2854e-01
2.8900e+02 3.2391e-01
2.9000e+02 3.1933e-01
2.9100e+02 3.1478e-01
2.9200e+02 3.1027e-01
2.9300e+02 3.0581e-01
2.9400e+02 3.0139e-01
2.9500e+02 2.9703e-01
2.9600e+02 2.9270e-01
2.9700e+02 2.8841e-01
2.9800e+02 2.8416e-01
2.9900e+02 2.7996e-01
3.0000e+02 2.7580e-01
3.0100e+02 2.7168e-01
3.0200e+02 2.6761e-01
3.0300e+02 2.6359e-01
3.0400e+02 2.5960e-01
3.0500e+02 2.5566e-01
3.0600e+02 2.5176e-01
3.0700e+02 2.4792e-01
3.0800e+02 2.4411e-01
3.0900e+02 2.4035e-01
3.1000e+02 2.3663e-01
3.1100e+02 2.3296e-01
3.1200e+02 2.2933e-01
3.1300e+02 2.2575e-01
3.1400e+02 2.2221e-01
3.1500e+02 2.1872e-01
3.1600e+02 2.1527e-01
3.1700e+02 2.1186e-01
3.1800e+02 2.0850e-01
3.1900e+02 2.0518e-01
3.2000e+02 2.0191e-01
3.2100e+02 1.9868e-01
3.2200e+02 1.9550e-01
3.2300e+02 1.9236e-01
3.2400e+02 1.8927e-01
3.2500e+02 1.8621e-01
3.2600e+02 1.8321e-01
3.2700e+02 1.8024e-01
3.2800e+02 1.7732e-01
3.2900e+02 1.7444e-01
3.3000e+02 1.7161e-01
3.3100e+02 1.6882e-01
3.3200e+02 1.6608e-01
3.3300e+02 1.6337e-01
3.3400e+02 1.6071e-01
3.3500e+02 1.5808e-01
3.3600e+02 1.5550e-01
3.3700e+02 1.5297e-01
3.3800e+02 1.5047e-01
3.3900e+02 1.4802e-01
3.4000e+02 1.4561e-01
3.4100e+02 1.4324e-01
3.4200e+02 1.4091e-01
3.4300e+02 1.3862e-01
3.4400e+02 1.3637e-01
3.4500e+02 1.3416e-01
3.4600e+02 1.3200e-01
3.4700e+02 1.2987e-01
3.4800e+02 1.2778e-01
3.4900e+02 1.2573e-01
3.5000e+02 1.2371e-01
3.5100e+02 1.2175e-01
3.5200e+02 1.1981e-01
3.5300e+02 1.1791e-01
3.5400e+02 1.1605e-01
3.5500e+02 1.1423e-01
3.5600e+02 1.1244e-01
3.5700e+02 1.1069e-01
3.5800e+02 1.0898e-01
3.5900e+02 1.0731e-01
3.6000e+02 1.0566e-01
3.6100e+02 1.0406e-01
3.6200e+02 1.0249e-01
3.6300e+02 1.0095e-01
3.6400e+02 9.9450e-02
3.6500e+02 9.7985e-02
3.6600e+02 9.6552e-02
3.6700e+02 9.5153e-02
3.6800e+02 9.3781e-02
3.6900e+02 9.2451e-02
3.7000e+02 9.1151e-02
3.7100e+02 8.9878e-02
3.7200e+02 8.8640e-02
3.7300e+02 8.7432e-02
3.7400e+02 8.6258e-02
3.7500e+02 8.5108e-02
3.7600e+02 8.3992e-02
3.7700e+02 8.2908e-02
3.7800e+02 8.1852e-02
3.7900e+02 8.0824e-02
3.8000e+02 7.9827e-02
3.8100e+02 7.8852e-02
3.8200e+02 7.7907e-02
3.8300e+02 7.6989e-02
3.8400e+02 7.6105e-02
3.8500e+02 7.5241e-02
3.8600e+02 7.4402e-02
3.8700e+02 7.3592e-02
3.8800e+02 7.2805e-02
3.8900e+02 7.2043e-02
3.9000e+02 7.1307e-02
3.9100e+02 7.0595e-02
3.9200e+02 6.9906e-02
3.9300e+02 6.9242e-02
3.9400e+02 6.8601e-02
3.9500e+02 6.7981e-02
3.9600e+02 6.7383e-02
3.9700e+02 6.6806e-02
3.9800e+02 6.6254e-02
3.9900e+02 6.5718e-02
4.0000e+02 6.5202e-02
4.0100e+02 6.4710e-02
4.0200e+02 6.4237e-02
4.0300e+02 6.3784e-02
4.0400e+02 6.3346e-02
4.0500e+02 6.2931e-02
4.0600e+02 6.2531e-02
4.0700e+02 6.2149e-02
4.0800e+02 6.1784e-02
4.0900e+02 6.1442e-02
4.1000e+02 6.1109e-02
4.1100e+02 6.0798e-02
4.1200e+02 6.0500e-02
4.1300e+02 6.0218e-02
4.1400e+02 5.9946e-02
4.1500e+02 5.9695e-02
4.1600e+02 5.9455e-02
4.1700e+02 5.9229e-02
4.1800e+02 5.9018e-02
4.1900e+02 5.8822e-02
4.2000e+02 5.8635e-02
4.2100e+02 5.8463e-02
4.2200e+02 5.8303e-02
4.2300e+02 5.8154e-02
4.2400e+02 5.8013e-02
4.2500e+02 5.7887e-02
4.2600e+02 5.7771e-02
4.2700e+02 5.7666e-02
4.2800e+02 5.7568e-02
4.2900e+02 5.7481e-02
4.3000e+02 5.7404e-02
4.3100e+02 5.7334e-02
4.3200e+02 5.7274e-02
4.3300e+02 5.7221e-02
4.3400e+02 5.7177e-02
4.3500e+02 5.7137e-02
4.3600e+02 5.7110e-02
4.3700e+02 5.7089e-02
4.3800e+02 5.7070e-02
4.3900e+02 5.7065e-02
4.4000e+02 5.7062e-02
4.4100e+02 5.7064e-02
4.4200e+02 5.7070e-02
4.4300e+02 5.7084e-02
4.4400e+02 5.7105e-02
4.4500e+02 5.7127e-02
4.4600e+02 5.7152e-02
4.4700e+02 5.7182e-02
4.4800e+02 5.7215e-02
4.4900e+02 5.7253e-02
4.5000e+02 5.7296e-02
4.5100e+02 5.7342e-02
4.5200e+02 5.7386e-02
4.5300e+02 5.7439e-02
4.5400e+02 5.7488e-02
4.5500e+02 5.7541e-02
4.5600e+02 5.7600e-02
4.5700e+02 5.7655e-02
4.5800e+02 5.7714e-02
4.5900e+02 5.7773e-02
4.6000e+02 5.7833e-02
4.6100e+02 5.7896e-02
4.6200e+02 5.7957e-02
4.6300e+02 5.8017e-02
4.6400e+02 5.8076e-02
4.6500e+02 5.8137e-02
4.6600e+02 5.8197e-02
4.6700e+02 5.8259e-02
4.6800e+02 5.8317e-02
4.6900e+02 5.8374e-02
4.7000e+02 5.8432e-02
4.7100e+02 5.8484e-02
4.7200e+02 5.8541e-02
4.7300e+02 5.8591e-02
4.7400e+02 5.8643e-02
4.7500e+02 5.8694e-02
4.7600e+02 5.8741e-02
4.7700e+02 5.8782e-02
4.7800e+02 5.8825e-02
4.7900e+02 5.8864e-02
4.8000e+02 5.8902e-02
4.8100e+02 5.8937e-02
4.8200e+02 5.8971e-02
4.8300e+02 5.8996e-02
4.8400e+02 5.9020e-02
4.8500e+02 5.9044e-02
4.8600e+02 5.9064e-02
4.8700e+02 5.9079e-02
4.8800e+02 5.9090e-02
4.8900e+02 5.9098e-02
4.9000e+02 5.9103e-02
4.9100e+02 5.9102e-02
4.9200e+02 5.9100e-02
4.9300e+02 5.9093e-02
4.9400e+02 5.9083e-02
4.9500e+02 5.9065e-02
4.9600e+02 5.9044e-02
4.9700e+02 5.9020e-02
4.9800e+02 5.8993e-02
4.9900e+02 5.8961e-02
5.0000e+02 5.8926e-02
5.0100e+02 5.8882e-02
5.0200e+02 5.8839e-02
5.0300e+02 5.8789e-02
5.0400e+02 5.8734e-02
5.0500e+02 5.8676e-02
5.0600e+02 5.8611e-02
5.0700e+02 5.8547e-02
5.0800e+02 5.8472e-02
5.0900e+02 5.8395e-02
5.1000e+02 5.8311e-02
5.1100e+02 5.8228e-02
5.1200e+02 5.8135e-02
5.1300e+02 5.8039e-02
5.1400e+02 5.7940e-02
5.1500e+02 5.7836e-02
5.1600e+02 5.7725e-02
5.1700e+02 5.7610e-02
5.1800e+02 5.7491e-02
5.1900e+02 5.7370e-02
5.2000e+02 5.7240e-02
5.2100e+02 5.7106e-02
5.2200e+02 5.6969e-02
5.2300e+02 5.6827e-02
5.2400e+02 5.6681e-02
5.2500e+02 5.6529e-02
5.2600e+02 5.6371e-02
5.2700e+02 5.6217e-02
5.2800e+02 5.6051e-02
5.2900e+02 5.5882e-02
5.3000e+02 5.5710e-02
5.3100e+02 5.5536e-02
5.3200e+02 5.5354e-02
5.3300e+02 5.5169e-02
5.3400e+02 5.4978e-02
5.3500e+02 5.4786e-02
5.3600e+02 5.4589e-02
5.3700e+02 5.4390e-02
5.3800e+02 5.4184e-02
5.3900e+02 5.3975e-02
5.4000e+02 5.3762e-02
5.4100e+02 5.3547e-02
5.4200e+02 5.3328e-02
5.4300e+02 5.3104e-02
5.4400e+02 5.2878e-02
5.4500e+02 5.2648e-02
5.4600e+02 5.2416e-02
5.4700e+02 5.2178e-02
5.4800e+02 5.1938e-02
5.4900e+02 5.1697e-02
5.5000e+02 5.1451e-02
5.5100e+02 5.1203e-02
5.5200e+02 5.0952e-02
5.5300e+02 5.0698e-02
5.5400e+02 5.0442e-02
5.5500e+02 5.0183e-02
5.5600e+02 4.9920e-02
5.5700e+02 4.9656e-02
5.5800e+02 4.9390e-02
5.5900e+02 4.9121e-02
5.6000e+02 4.8850e-02
5.6100e+02 4.8576e-02
5.6200e+02 4.8303e-02
5.6300e+02 4.8024e-02
5.6400e+02 4.7748e-02
5.6500e+02 4.7467e-02
5.6600e+02 4.7184e-02
5.6700e+02 4.6901e-02
5.6800e+02 4.6618e-02
5.6900e+02 4.6330e-02
5.7000e+02 4.6044e-02
5.7100e+02 4.5754e-02
5.7200e+02 4.5462e-02
5.7300e+02 4.5172e-02
5.7400e+02 4.4882e-02
5.7500e+02 4.4589e-02
5.7600e+02 4.4297e-02
5.7700e+02 4.4002e-02
5.7800e+02 4.3708e-02
5.7900e+02 4.3413e-02
5.8000e+02 4.3120e-02
5.8100e+02 4.2821e-02
5.8200e+02 4.2526e-02
5.8300e+02 4.2229e-02
5.8400e+02 4.1934e-02
5.8500e+02 4.1639e-02
5.8600e+02 4.1343e-02
5.8700e+02 4.1048e-02
5.8800e+02 4.0753e-02
5.8900e+02 4.0457e-02
5.9000e+02 4.0163e-02
5.9100e+02 3.9870e-02
5.9200e+02 3.9578e-02
5.9300e+02 3.9284e-02
5.9400e+02 3.8990e-02
5.9500e+02 3.8698e-02
5.9600e+02 3.8409e-02
5.9700e+02 3.8121e-02
5.9800e+02 3.7836e-02
5.9900e+02 3.7551e-02
6.0000e+02 3.7265e-02
6.0100e+02 3.6982e-02
6.0200e+02 3.6700e-02
6.0300e+02 3.6418e-02
6.0400e+02 3.6139e-02
6.0500e+02 3.5862e-02
6.0600e+02 3.5587e-02
6.0700e+02 3.5310e-02
6.0800e+02 3.5038e-02
6.0900e+02 3.4769e-02
6.1000e+02 3.4500e-02
6.1100e+02 3.4234e-02
6.1200e+02 3.3970e-02
6.1300e+02 3.3706e-02
6.1400e+02 3.3447e-02
6.1500e+02 3.3189e-02
6.1600e+02 3.2934e-02
6.1700e+02 3.2681e-02
6.1800e+02 3.2431e-02
6.1900e+02 3.2182e-02
6.2000e+02 3.1938e-02
6.2100e+02 3.1694e-02
6.2200e+02 3.1453e-02
6.2300e+02 3.1216e-02
6.2400e+02 3.0981e-02
6.2500e+02 3.0749e-02
6.2600e+02 3.0519e-02
6.2700e+02 3.0293e-02
6.2800e+02 3.0069e-02
6.2900e+02 2.9849e-02
6.3000e+02 2.9629e-02
6.3100e+02 2.9414e-02
6.3200e+02 2.9203e-02
6.3300e+02 2.8994e-02
6.3400e+02 2.8789e-02
6.3500e+02 2.8586e-02
6.3600e+02 2.8385e-02
6.3700e+02 2.8189e-02
6.3800e+02 2.7996e-02
6.3900e+02 2.7805e-02
6.4000e+02 2.7619e-02
6.4100e+02 2.7435e-02
6.4200e+02 2.7253e-02
6.4300e+02 2.7075e-02
6.4400e+02 2.6902e-02
6.4500e+02 2.6731e-02
6.4600e+02 2.6563e-02
6.4700e+02 2.6400e-02
6.4800e+02 2.6238e-02
6.4900e+02 2.6082e-02
6.5000e+02 2.5927e-02
6.5100e+02 2.5777e-02
6.5200e+02 2.5628e-02
6.5300e+02 2.5485e-02
6.5400e+02 2.5343e-02
6.5500e+02 2.5204e-02
6.5600e+02 2.5071e-02
6.5700e+02 2.4941e-02
6.5800e+02 2.4811e-02
6.5900e+02 2.4687e-02
6.6000e+02 2.4568e-02
6.6100e+02 2.4449e-02
6.6200e+02 2.4335e-02
6.6300e+02 2.4223e-02
6.6400e+02 2.4115e-02
6.6500e+02 2.4010e-02
6.6600e+02 2.3908e-02
6.6700e+02 2.3810e-02
6.6800e+02 2.3713e-02
6.6900e+02 2.3621e-02
6.7000e+02 2.3533e-02
6.7100e+02 2.3447e-02
6.7200e+02 2.3364e-02
6.7300e+02 2.3283e-02
6.7400e+02 2.3208e-02
6.7500e+02 2.3133e-02
6.7600e+02 2.3062e-02
6.7700e+02 2.2994e-02
6.7800e+02 2.2929e-02
6.7900e+02 2.2867e-02
6.8000e+02 2.2810e-02
6.8100e+02 2.2754e-02
6.8200e+02 2.2700e-02
6.8300e+02 2.2650e-02
6.8400e+02 2.2601e-02
6.8500e+02 2.2556e-02
6.8600e+02 2.2513e-02
6.8700e+02 2.2474e-02
6.8800e+02 2.2436e-02
6.8900e+02 2.2402e-02
6.9000e+02 2.2369e-02
6.9100e+02 2.2339e-02
6.9200e+02 2.2312e-02
6.9300e+02 2.2286e-02
6.9400e+02 2.2263e-02
6.9500e+02 2.2244e-02
6.9600e+02 2.2226e-02
6.9700e+02 2.2210e-02
6.9800e+02 2.2196e-02
6.9900e+02 2.2184e-02
7.0000e+02 2.2175e-02
7.0100e+02 2.2168e-02
7.0200e+02 2.2162e-02
7.0300e+02 2.2159e-02
7.0400e+02 2.2157e-02
7.0500e+02 2.2156e-02
7.0600e+02 2.2159e-02
7.0700e+02 2.2161e-02
7.0800e+02 2.2168e-02
7.0900e+02 2.2174e-02
7.1000e+02 2.2184e-02
7.1100e+02 2.2193e-02
7.1200e+02 2.2204e-02
7.1300e+02 2.2218e-02
7.1400e+02 2.2233e-02
7.1500e+02 2.2248e-02
7.1600e+02 2.2265e-02
7.1700e+02 2.2284e-02
7.1800e+02 2.2303e-02
7.1900e+02 2.2324e-02
7.2000e+02 2.2344e-02
7.2100e+02 2.2369e-02
7.2200e+02 2.2392e-02
7.2300e+02 2.2416e-02
7.2400e+02 2.2442e-02
7.2500e+02 2.2468e-02
7.2600e+02 2.2496e-02
7.2700e+02 2.2523e-02
7.2800e+02 2.2552e-02
7.2900e+02 2.2582e-02
7.3000e+02 2.2610e-02
7.3100e+02 2.2641e-02
7.3200e+02 2.2671e-02
7.3300e+02 2.2704e-02
7.3400e+02 2.2735e-02
7.3500e+02 2.2767e-02
7.3600e+02 2.2798e-02
7.3700e+02 2.2831e-02
7.3800e+02 2.2864e-02
7.3900e+02 2.2896e-02
7.4000e+02 2.2929e-02
7.4100e+02 2.2962e-02
7.4200e+02 2.2994e-02
7.4300e+02 2.3028e-02
7.4400e+02 2.3061e-02
7.4500e+02 2.3093e-02
7.4600e+02 2.3125e-02
7.4700e+02 2.3157e-02
7.4800e+02 2.3188e-02
7.4900e+02 2.3220e-02
7.5000e+02 2.3251e-02
7.5100e+02 2.3282e-02
7.5200e+02 2.3313e-02
7.5300e+02 2.3343e-02
7.5400e+02 2.3371e-02
7.5500e+02 2.3401e-02
7.5600e+02 2.3428e-02
7.5700e+02 2.3456e-02
7.5800e+02 2.3482e-02
7.5900e+02 2.3509e-02
7.6000e+02 2.3533e-02
7.6100e+02 2.3557e-02
7.6200e+02 2.3582e-02
7.6300e+02 2.3604e-02
7.6400e+02 2.3626e-02
7.6500e+02 2.3647e-02
7.6600e+02 2.3667e-02
7.6700e+02 2.3686e-02
7.6800e+02 2.3703e-02
7.6900e+02 2.3720e-02
7.7000e+02 2.3736e-02
7.7100e+02 2.3750e-02
7.7200e+02 2.3764e-02
7.7300e+02 2.3776e-02
7.7400e+02 2.3786e-02
7.7500e+02 2.3796e-02
7.7600e+02 2.3804e-02
7.7700e+02 2.3810e-02
7.7800e+02 2.3818e-02
7.7900e+02 2.3821e-02
7.8000e+02 2.3824e-02
7.8100e+02 2.3825e-02
7.8200e+02 2.3825e-02
7.8300e+02 2.3825e-02
7.8400e+02 2.3822e-02
7.8500e+02 2.3817e-02
7.8600e+02 2.3812e-02
7.8700e+02 2.3804e-02
7.8800e+02 2.3794e-02
7.8900e+02 2.3785e-02
7.9000e+02 2.3774e-02
7.9100e+02 2.3760e-02
7.9200e+02 2.3745e-02
7.9300e+02 2.3728e-02
7.9400e+02 2.3709e-02
7.9500e+02 2.3689e-02
7.9600e+02 2.3669e-02
7.9700e+02 2.3646e-02
7.9800e+02 2.3620e-02
7.9900e+02 2.3594e-02
8.0000e+02 2.3566e-02
8.0100e+02 2.3536e-02
8.0200e+02 2.3504e-02
8.0300e+02 2.3472e-02
8.0400e+02 2.3437e-02
8.0500e+02 2.3402e-02
8.0600e+02 2.3363e-02
8.0700e+02 2.3324e-02
8.0800e+02 2.3282e-02
8.0900e+02 2.3239e-02
8.1000e+02 2.3195e-02
8.1100e+02 2.3147e-02
8.1200e+02 2.3100e-02
8.1300e+02 2.3049e-02
8.1400e+02 2.2999e-02
8.1500e+02 2.2946e-02
8.1600e+02 2.2891e-02
8.1700e+02 2.2834e-02
8.1800e+02 2.2776e-02
8.1900e+02 2.2717e-02
8.2000e+02 2.2656e-02
8.2100e+02 2.2593e-02
8.2200e+02 2.2529e-02
8.2300e+02 2.2463e-02
8.2400e+02 2.2395e-02
8.2500e+02 2.2326e-02
8.2600e+02 2.2255e-02
8.2700e+02 2.2182e-02
8.2800e+02 2.2109e-02
8.2900e+02 2.2033e-02
8.3000e+02 2.1957e-02
8.3100e+02 2.1879e-02
8.3200e+02 2.1798e-02
8.3300e+02 2.1718e-02
8.3400e+02 2.1634e-02
8.3500e+02 2.1551e-02
8.3600e+02 2.1464e-02
8.3700e+02 2.1377e-02
8.3800e+02 2.1290e-02
8.3900e+02 2.1199e-02
8.4000e+02 2.1108e-02
8.4100e+02 2.1016e-02
8.4200e+02 2.0922e-02
8.4300e+02 2.0827e-02
8.4400e+02 2.0730e-02
8.4500e+02 2.0633e-02
8.4600e+02 2.0534e-02
8.4700e+02 2.0436e-02
8.4800e+02 2.0335e-02
8.4900e+02 2.0233e-02
8.5000e+02 2.0130e-02
8.5100e+02 2.0026e-02
8.5200e+02 1.9921e-02
8.5300e+02 1.9815e-02
8.5400e+02 1.9707e-02
8.5500e+02 1.9599e-02
8.5600e+02 1.9490e-02
8.5700e+02 1.9379e-02
8.5800e+02 1.9268e-02
8.5900e+02 1.9156e-02
8.6000e+02 1.9044e-02
8.6100e+02 1.8930e-02
8.6200e+02 1.8816e-02
8.6300e+02 1.8700e-02
8.6400e+02 1.8584e-02
8.6500e+02 1.8466e-02
8.6600e+02 1.8351e-02
8.6700e+02 1.8233e-02
8.6800e+02 1.8114e-02
8.6900e+02 1.7995e-02
8.7000e+02 1.7875e-02
8.7100e+02 1.7755e-02
8.7200e+02 1.7634e-02
8.7300e+02 1.7513e-02
8.7400e+02 1.7392e-02
8.7500e+02 1.7269e-02
8.7600e+02 1.7146e-02
8.7700e+02 1.7024e-02
8.7800e+02 1.6901e-02
8.7900e+02 1.6777e-02
8.8000e+02 1.6654e-02
8.8100e+02 1.6529e-02
8.8200e+02 1.6405e-02
8.8300e+02 1.6281e-02
8.8400e+02 1.6156e-02
8.8500e+02 1.6031e-02
8.8600e+02 1.5906e-02
8.8700e+02 1.5780e-02
8.8800e+02 1.5656e-02
8.8900e+02 1.5530e-02
8.9000e+02 1.5405e-02
8.9100e+02 1.5280e-02
8.9200e+02 1.5155e-02
8.9300e+02 1.5030e-02
8.9400e+02 1.4905e-02
8.9500e+02 1.4780e-02
8.9600e+02 1.4656e-02
8.9700e+02 1.4531e-02
8.9800e+02 1.4407e-02
8.9900e+02 1.4283e-02
9.0000e+02 1.4159e-02
9.0100e+02 1.4037e-02
9.0200e+02 1.3914e-02
9.0300e+02 1.3790e-02
9.0400e+02 1.3668e-02
9.0500e+02 1.3546e-02
9.0600e+02 1.3424e-02
9.0700e+02 1.3303e-02
9.0800e+02 1.3184e-02
9.0900e+02 1.3064e-02
9.1000e+02 1.2944e-02
9.1100e+02 1.2825e-02
9.1200e+02 1.2707e-02
9.1300e+02 1.2586e-02
9.1400e+02 1.2470e-02
9.1500e+02 1.2353e-02
9.1600e+02 1.2237e-02
9.1700e+02 1.2121e-02
9.1800e+02 1.2006e-02
9.1900e+02 1.1893e-02
9.2000e+02 1.1779e-02
9.2100e+02 1.1667e-02
9.2200e+02 1.1555e-02
9.2300e+02 1.1444e-02
9.2400e+02 1.1334e-02
9.2500e+02 1.1225e-02
9.2600e+02 1.1116e-02
9.2700e+02 1.1008e-02
9.2800e+02 1.0902e-02
9.2900e+02 1.0795e-02
9.3000e+02 1.0691e-02
9.3100e+02 1.0586e-02
9.3200e+02 1.0483e-02
9.3300e+02 1.0381e-02
9.3400e+02 1.0280e-02
9.3500e+02 1.0180e-02
9.3600e+02 1.0081e-02
9.3700e+02 9.9820e-03
9.3800e+02 9.8851e-03
9.3900e+02 9.7893e-03
9.4000e+02 9.6939e-03
9.4100e+02 9.5996e-03
9.4200e+02 9.5064e-03
9.4300e+02 9.4150e-03
9.4400e+02 9.3246e-03
9.4500e+02 9.2353e-03
9.4600e+02 9.1471e-03
9.4700e+02 9.0592e-03
9.4800e+02 8.9724e-03
9.4900e+02 8.8873e-03
9.5000e+02 8.8032e-03
9.5100e+02 8.7202e-03
9.5200e+02 8.6388e-03
9.5300e+02 8.5578e-03
9.5400e+02 8.4785e-03
9.5500e+02 8.4002e-03
9.5600e+02 8.3229e-03
9.5700e+02 8.2473e-03
9.5800e+02 8.1720e-03
9.5900e+02 8.0990e-03
9.6000e+02 8.0263e-03
9.6100e+02 7.9546e-03
9.6200e+02 7.8851e-03
9.6300e+02 7.8167e-03
9.6400e+02 7.7491e-03
9.6500e+02 7.6825e-03
9.6600e+02 7.6175e-03
9.6700e+02 7.5528e-03
9.6800e+02 7.4896e-03
9.6900e+02 7.4287e-03
9.7000e+02 7.3681e-03
9.7100e+02 7.3090e-03
9.7200e+02 7.2508e-03
9.7300e+02 7.1935e-03
9.7400e+02 7.1377e-03
9.7500e+02 7.0834e-03
9.7600e+02 7.0301e-03
9.7700e+02 6.9782e-03
9.7800e+02 6.9265e-03
9.7900e+02 6.8777e-03
9.8000e+02 6.8290e-03
9.8100e+02 6.7812e-03
9.8200e+02 6.7349e-03
9.8300e+02 6.6900e-03
9.8400e+02 6.6460e-03
9.8500e+02 6.6027e-03
9.8600e+02 6.5609e-03
9.8700e+02 6.5199e-03
9.8800e+02 6.4804e-03
9.8900e+02 6.4423e-03
9.9000e+02 6.4049e-03
9.9100e+02 6.3688e-03
9.9200e+02 6.3336e-03
9.9300e+02 6.2990e-03
9.9400e+02 6.2659e-03
9.9500e+02 6.2344e-03
9.9600e+02 6.2034e-03
9.9700e+02 6.1734e-03
9.9800e+02 6.1445e-03
9.9900e+02 6.1165e-03
1.0000e+03 6.0896e-03
1.0010e+03 6.0637e-03
1.0020e+03 6.0383e-03
1.0030e+03 6.0144e-03
1.0040e+03 5.9915e-03
1.0050e+03 5.9700e-03
1.0060e+03 5.9491e-03
1.0070e+03 5.9286e-03
1.0080e+03 5.9078e-03
1.0090e+03 5.8893e-03
1.0100e+03 5.8718e-03
1.0110e+03 5.8548e-03
1.0120e+03 5.8387e-03
1.0130e+03 5.8236e-03
1.0140e+03 5.8095e-03
1.0150e+03 5.7954e-03
1.0160e+03 5.7827e-03
1.0170e+03 5.7709e-03
1.0180e+03 5.7595e-03
1.0190e+03 5.7487e-03
1.0200e+03 5.7393e-03
1.0210e+03 5.7303e-03
1.0220e+03 5.7218e-03
1.0230e+03 5.7142e-03
1.0240e+03 5.7071e-03
1.0250e+03 5.7004e-03
1.0260e+03 5.6959e-03
1.0270e+03 5.6906e-03
1.0280e+03 5.6858e-03
1.0290e+03 5.6818e-03
1.0300e+03 5.6783e-03
1.0310e+03 5.6744e-03
1.0320e+03 5.6723e-03
1.0330e+03 5.6701e-03
1.0340e+03 5.6692e-03
1.0350e+03 5.6684e-03
1.0360e+03 5.6680e-03
1.0370e+03 5.6680e-03
1.0380e+03 5.6689e-03
1.0390e+03 5.6703e-03
1.0400e+03 5.6711e-03
1.0410e+03 5.6733e-03
1.0420e+03 5.6755e-03
1.0430e+03 5.6782e-03
1.0440e+03 5.6816e-03
1.0450e+03 5.6847e-03
1.0460e+03 5.6886e-03
1.0470e+03 5.6929e-03
1.0480e+03 5.6968e-03
1.0490e+03 5.7015e-03
1.0500e+03 5.7061e-03
1.0510e+03 5.7112e-03
1.0520e+03 5.7168e-03
1.0530e+03 5.7218e-03
1.0540e+03 5.7273e-03
1.0550e+03 5.7329e-03
1.0560e+03 5.7389e-03
1.0570e+03 5.7455e-03
1.0580e+03 5.7526e-03
1.0590e+03 5.7596e-03
1.0600e+03 5.7661e-03
1.0610e+03 5.7731e-03
1.0620e+03 5.7800e-03
1.0630e+03 5.7864e-03
1.0640e+03 5.7932e-03
1.0650e+03 5.8006e-03
1.0660e+03 5.8069e-03
1.0670e+03 5.8148e-03
1.0680e+03 5.8215e-03
1.0690e+03 5.8287e-03
1.0700e+03 5.8359e-03
1.0710e+03 5.8426e-03
1.0720e+03 5.8497e-03
1.0730e+03 5.8574e-03
1.0740e+03 5.8639e-03
1.0750e+03 5.8709e-03
1.0760e+03 5.8773e-03
1.0770e+03 5.8843e-03
1.0780e+03 5.8907e-03
1.0790e+03 5.8965e-03
1.0800e+03 5.9033e-03
1.0810e+03 5.9091e-03
1.0820e+03 5.9148e-03
1.0830e+03 5.9205e-03
1.0840e+03 5.9261e-03
1.0850e+03 5.9312e-03
1.0860e+03 5.9368e-03
1.0870e+03 5.9418e-03
1.0880e+03 5.9463e-03
1.0890e+03 5.9507e-03
1.0900e+03 5.9551e-03
1.0910e+03 5.9590e-03
1.0920e+03 5.9634e-03
1.0930e+03 5.9666e-03
1.0940e+03 5.9694e-03
1.0950e+03 5.9726e-03
1.0960e+03 5.9753e-03
1.0970e+03 5.9775e-03
1.0980e+03 5.9796e-03
1.0990e+03 5.9812e-03
1.1000e+03 5.9828e-03
1.1010e+03 5.9839e-03
1.1020e+03 5.9854e-03
1.1030e+03 5.9859e-03
1.1040e+03 5.9864e-03
1.1050e+03 5.9859e-03
1.1060e+03 5.9858e-03
1.1070e+03 5.9848e-03
1.1080e+03 5.9837e-03
1.1090e+03 5.9821e-03
1.1100e+03 5.9805e-03
1.1110e+03 5.9779e-03
1.1120e+03 5.9758e-03
1.1130e+03 5.9726e-03
1.1140e+03 5.9690e-03
1.1150e+03 5.9654e-03
1.1160e+03 5.9612e-03
1.1170e+03 5.9566e-03
1.1180e+03 5.9520e-03
1.1190e+03 5.9469e-03
1.1200e+03 5.9413e-03
1.1210e+03 5.9352e-03
1.1220e+03 5.9291e-03
1.1230e+03 5.9220e-03
1.1240e+03 5.9150e-03
1.1250e+03 5.9070e-03
1.1260e+03 5.8990e-03
1.1270e+03 5.8910e-03
1.1280e+03 5.8820e-03
1.1290e+03 5.8731e-03
1.1300e+03 5.8627e-03
1.1310e+03 5.8533e-03
1.1320e+03 5.8430e-03
1.1330e+03 5.8317e-03
1.1340e+03 5.8209e-03
1.1350e+03 5.8092e-03
1.1360e+03 5.7971e-03
1.1370e+03 5.7849e-03
1.1380e+03 5.7719e-03
1.1390e+03 5.7593e-03
1.1400e+03 5.7454e-03
1.1410e+03 5.7314e-03
1.1420e+03 5.7171e-03
1.1430e+03 5.7028e-03
1.1440e+03 5.6870e-03
1.1450e+03 5.6719e-03
1.1460e+03 5.6562e-03
1.1470e+03 5.6402e-03
1.1480e+03 5.6232e-03
1.1490e+03 5.6068e-03
1.1500e+03 5.5890e-03
1.1510e+03 5.5717e-03
1.1520e+03 5.5535e-03
1.1530e+03 5.5358e-03
1.1540e+03 5.5173e-03
1.1550e+03 5.4983e-03
1.1560e+03 5.4790e-03
1.1570e+03 5.4592e-03
1.1580e+03 5.4395e-03
1.1590e+03 5.4193e-03
1.1600e+03 5.3983e-03
1.1610e+03 5.3779e-03
1.1620e+03 5.3570e-03
1.1630e+03 5.3353e-03
1.1640e+03 5.3141e-03
1.1650e+03 5.2920e-03
1.1660e+03 5.2695e-03
1.1670e+03 5.2471e-03
1.1680e+03 5.2244e-03
1.1690e+03 5.2016e-03
1.1700e+03 5.1785e-03
1.1710e+03 5.1551e-03
1.1720e+03 5.1312e-03
1.1730e+03 5.1074e-03
1.1740e+03 5.0832e-03
1.1750e+03 5.0591e-03
1.1760e+03 5.0337e-03
1.1770e+03 5.0093e-03
1.1780e+03 4.9841e-03
1.1790e+03 4.9594e-03
1.1800e+03 4.9338e-03
1.1810e+03 4.9088e-03
1.1820e+03 4.8826e-03
1.1830e+03 4.8568e-03
1.1840e+03 4.8307e-03
1.1850e+03 4.8047e-03
1.1860e+03 4.7783e-03
1.1870e+03 4.7524e-03
1.1880e+03 4.7257e-03
1.1890e+03 4.6991e-03
1.1900e+03 4.6722e-03
1.1910e+03 4.6453e-03
1.1920e+03 4.6185e-03
1.1930e+03 4.5914e-03
1.1940e+03 4.5643e-03
1.1950e+03 4.5374e-03
1.1960e+03 4.5100e-03
1.1970e+03 4.4828e-03
1.1980e+03 4.4552e-03
1.1990e+03 4.4281e-03
1.2000e+03 4.4002e-03
1.2010e+03 4.3733e-03
1.2020e+03 4.3452e-03
1.2030e+03 4.3179e-03
1.2040e+03 4.2902e-03
1.2050e+03 4.2627e-03
1.2060e+03 4.2352e-03
1.2070e+03 4.2080e-03
1.2080e+03 4.1806e-03
1.2090e+03 4.1530e-03
1.2100e+03 4.1257e-03
1.2110e+03 4.0982e-03
1.2120e+03 4.0711e-03
1.2130e+03 4.0438e-03
1.2140e+03 4.0167e-03
1.2150e+03 3.9898e-03
1.2160e+03 3.9630e-03
1.2170e+03 3.9355e-03
1.2180e+03 3.9088e-03
1.2190e+03 3.8819e-03
1.2200e+03 3.8553e-03
1.2210e+03 3.8288e-03
1.2220e+03 3.8023e-03
1.2230e+03 3.7759e-03
1.2240e+03 3.7495e-03
1.2250e+03 3.7236e-03
1.2260e+03 3.6976e-03
1.2270e+03 3.6721e-03
1.2280e+03 3.6464e-03
1.2290e+03 3.6209e-03
1.2300e+03 3.5950e-03
1.2310e+03 3.5697e-03
1.2320e+03 3.5444e-03
1.2330e+03 3.5199e-03
1.2340e+03 3.4951e-03
1.2350e+03 3.4715e-03
1.2360e+03 3.4474e-03
1.2370e+03 3.4234e-03
1.2380e+03 3.3997e-03
1.2390e+03 3.3761e-03
1.2400e+03 3.3526e-03
1.2410e+03 3.3296e-03
1.2420e+03 3.3065e-03
1.2430e+03 3.2837e-03
1.2440e+03 3.2612e-03
1.2450e+03 3.2391e-03
1.2460e+03 3.2171e-03
1.2470e+03 3.1951e-03
1.2480e+03 3.1734e-03
1.2490e+03 3.1521e-03
1.2500e+03 3.1311e-03
1.2510e+03 3.1102e-03
1.2520e+03 3.0899e-03
1.2530e+03 3.0694e-03
1.2540e+03 3.0491e-03
1.2550e+03 3.0293e-03
1.2560e+03 3.0101e-03
1.2570e+03 2.9909e-03
1.2580e+03 2.9717e-03
1.2590e+03 2.9529e-03
1.2600e+03 2.9345e-03
1.2610e+03 2.9163e-03
1.2620e+03 2.8985e-03
1.2630e+03 2.8810e-03
1.2640e+03 2.8635e-03
1.2650e+03 2.8467e-03
1.2660e+03 2.8299e-03
1.2670e+03 2.8135e-03
1.2680e+03 2.7974e-03
1.2690e+03 2.7816e-03
1.2700e+03 2.7661e-03
1.2710e+03 2.7509e-03
1.2720e+03 2.7359e-03
1.2730e+03 2.7212e-03
1.2740e+03 2.7068e-03
1.2750e+03 2.6927e-03
1.2760e+03 2.6788e-03
1.2770e+03 2.6653e-03
1.2780e+03 2.6521e-03
1.2790e+03 2.6392e-03
1.2800e+03 2.6265e-03
1.2810e+03 2.6142e-03
1.2820e+03 2.6022e-03
1.2830e+03 2.5905e-03
1.2840e+03 2.5791e-03
1.2850e+03 2.5679e-03
1.2860e+03 2.5570e-03
1.2870e+03 2.5464e-03
1.2880e+03 2.5362e-03
1.2890e+03 2.5262e-03
1.2900e+03 2.5165e-03
1.2910e+03 2.5070e-03
1.2920e+03 2.4979e-03
1.2930e+03 2.4890e-03
1.2940e+03 2.4805e-03
1.2950e+03 2.4721e-03
1.2960e+03 2.4641e-03
1.2970e+03 2.4563e-03
1.2980e+03 2.4489e-03
1.2990e+03 2.4416e-03
1.3000e+03 2.4347e-03
1.3010e+03 2.4280e-03
1.3020e+03 2.4216e-03
1.3030e+03 2.4154e-03
1.3040e+03 2.4095e-03
1.3050e+03 2.4039e-03
1.3060e+03 2.3984e-03
1.3070e+03 2.3933e-03
1.3080e+03 2.3884e-03
1.3090e+03 2.3837e-03
1.3100e+03 2.3793e-03
1.3110e+03 2.3751e-03
1.3120e+03 2.3712e-03
1.3130e+03 2.3674e-03
1.3140e+03 2.3640e-03
1.3150e+03 2.3607e-03
1.3160e+03 2.3576e-03
1.3170e+03 2.3548e-03
1.3180e+03 2.3522e-03
1.3190e+03 2.3498e-03
1.3200e+03 2.3475e-03
1.3210e+03 2.3455e-03
1.3220e+03 2.3437e-03
1.3230e+03 2.3421e-03
1.3240e+03 2.3406e-03
1.3250e+03 2.3394e-03
1.3260e+03 2.3383e-03
1.3270e+03 2.3374e-03
1.3280e+03 2.3367e-03
1.3290e+03 2.3361e-03
1.3300e+03 2.3357e-03
1.3310e+03 2.3355e-03
1.3320e+03 2.3354e-03
1.3330e+03 2.3355e-03
1.3340e+03 2.3358e-03
1.3350e+03 2.3361e-03
1.3360e+03 2.3366e-03
1.3370e+03 2.3373e-03
1.3380e+03 2.3381e-03
1.3390e+03 2.3390e-03
1.3400e+03 2.3400e-03
1.3410e+03 2.3412e-03
1.3420e+03 2.3424e-03
1.3430e+03 2.3438e-03
1.3440e+03 2.3452e-03
1.3450e+03 2.3468e-03
1.3460e+03 2.3485e-03
1.3470e+03 2.3502e-03
1.3480e+03 2.3521e-03
1.3490e+03 2.3540e-03
1.3500e+03 2.3560e-03
1.3510e+03 2.3581e-03
1.3520e+03 2.3602e-03
1.3530e+03 2.3625e-03
1.3540e+03 2.3647e-03
1.3550e+03 2.3671e-03
1.3560e+03 2.3695e-03
1.3570e+03 2.3719e-03
1.3580e+03 2.3744e-03
1.3590e+03 2.3769e-03
1.3600e+03 2.3793e-03
1.3610e+03 2.3819e-03
1.3620e+03 2.3844e-03
1.3630e+03 2.3870e-03
1.3640e+03 2.3895e-03
1.3650e+03 2.3923e-03
1.3660e+03 2.3949e-03
1.3670e+03 2.3975e-03
1.3680e+03 2.4003e-03
1.3690e+03 2.4029e-03
1.3700e+03 2.4054e-03
1.3710e+03 2.4080e-03
1.3720e+03 2.4106e-03
1.3730e+03 2.4132e-03
1.3740e+03 2.4157e-03
1.3750e+03 2.4183e-03
1.3760e+03 2.4209e-03
1.3770e+03 2.4235e-03
1.3780e+03 2.4261e-03
1.3790e+03 2.4284e-03
1.3800e+03 2.4308e-03
1.3810e+03 2.4332e-03
1.3820e+03 2.4350e-03
1.3830e+03 2.4374e-03
1.3840e+03 2.4392e-03
1.3850e+03 2.4411e-03
1.3860e+03 2.4430e-03
1.3870e+03 2.4447e-03
1.3880e+03 2.4468e-03
1.3890e+03 2.4485e-03
1.3900e+03 2.4499e-03
1.3910e+03 2.4516e-03
1.3920e+03 2.4530e-03
1.3930e+03 2.4545e-03
1.3940e+03 2.4557e-03
1.3950e+03 2.4569e-03
1.3960e+03 2.4581e-03
1.3970e+03 2.4591e-03
1.3980e+03 2.4598e-03
1.3990e+03 2.4606e-03
1.4000e+03 2.4614e-03
1.4010e+03 2.4620e-03
1.4020e+03 2.4625e-03
1.4030e+03 2.4628e-03
1.4040e+03 2.4630e-03
1.4050e+03 2.4633e-03
1.4060e+03 2.4632e-03
1.4070e+03 2.4628e-03
1.4080e+03 2.4630e-03
1.4090e+03 2.4624e-03
1.4100e+03 2.4621e-03
1.4110e+03 2.4616e-03
1.4120e+03 2.4608e-03
1.4130e+03 2.4596e-03
1.4140e+03 2.4587e-03
1.4150e+03 2.4575e-03
1.4160e+03 2.4563e-03
1.4170e+03 2.4546e-03
1.4180e+03 2.4530e-03
1.4190e+03 2.4512e-03
1.4200e+03 2.4494e-03
1.4210e+03 2.4473e-03
1.4220e+03 2.4453e-03
1.4230e+03 2.4428e-03
1.4240e+03 2.4406e-03
1.4250e+03 2.4379e-03
1.4260e+03 2.4350e-03
1.4270e+03 2.4323e-03
1.4280e+03 2.4292e-03
1.4290e+03 2.4259e-03
1.4300e+03 2.4226e-03
1.4310e+03 2.4191e-03
1.4320e+03 2.4153e-03
1.4330e+03 2.4119e-03
1.4340e+03 2.4079e-03
1.4350e+03 2.4038e-03
1.4360e+03 2.3997e-03
1.4370e+03 2.3951e-03
1.4380e+03 2.3906e-03
1.4390e+03 2.3858e-03
1.4400e+03 2.3811e-03
1.4410e+03 2.3762e-03
1.4420e+03 2.3710e-03
1.4430e+03 2.3657e-03
1.4440e+03 2.3604e-03
1.4450e+03 2.3546e-03
1.4460e+03 2.3491e-03
1.4470e+03 2.3429e-03
1.4480e+03 2.3370e-03
1.4490e+03 2.3308e-03
1.4500e+03 2.3245e-03
1.4510e+03 2.3182e-03
1.4520e+03 2.3114e-03
1.4530e+03 2.3047e-03
1.4540e+03 2.2980e-03
1.4550e+03 2.2911e-03
1.4560e+03 2.2840e-03
1.4570e+03 2.2765e-03
1.4580e+03 2.2692e-03
1.4590e+03 2.2617e-03
1.4600e+03 2.2541e-03
1.4610e+03 2.2464e-03
1.4620e+03 2.2386e-03
1.4630e+03 2.2303e-03
1.4640e+03 2.2223e-03
1.4650e+03 2.2138e-03
1.4660e+03 2.2056e-03
1.4670e+03 2.1970e-03
1.4680e+03 2.1884e-03
1.4690e+03 2.1798e-03
1.4700e+03 2.1706e-03
1.4710e+03 2.1619e-03
1.4720e+03 2.1530e-03
1.4730e+03 2.1438e-03
1.4740e+03 2.1343e-03
1.4750e+03 2.1250e-03
1.4760e+03 2.1155e-03
1.4770e+03 2.1060e-03
1.4780e+03 2.0963e-03
1.4790e+03 2.0867e-03
1.4800e+03 2.0769e-03
1.4810e+03 2.0669e-03
1.4820e+03 2.0569e-03
1.4830e+03 2.0468e-03
1.4840e+03 2.0367e-03
1.4850e+03 2.0265e-03
1.4860e+03 2.0161e-03
1.4870e+03 2.0057e-03
1.4880e+03 1.9953e-03
1.4890e+03 1.9847e-03
1.4900e+03 1.9741e-03
1.4910e+03 1.9634e-03
1.4920e+03 1.9527e-03
1.4930e+03 1.9419e-03
1.4940e+03 1.9310e-03
1.4950e+03 1.9201e-03
1.4960e+03 1.9091e-03
1.4970e+03 1.8981e-03
1.4980e+03 1.8871e-03
1.4990e+03 1.8760e-03
1.5000e+03 1.8648e-03
1.5010e+03 1.8536e-03
1.5020e+03 1.8424e-03
1.5030e+03 1.8311e-03
1.5040e+03 1.8198e-03
1.5050e+03 1.8085e-03
1.5060e+03 1.7972e-03
1.5070e+03 1.7858e-03
1.5080e+03 1.7744e-03
1.5090e+03 1.7630e-03
1.5100e+03 1.7516e-03
1.5110e+03 1.7401e-03
1.5120e+03 1.7287e-03
1.5130e+03 1.7172e-03
1.5140e+03 1.7057e-03
1.5150e+03 1.6943e-03
1.5160e+03 1.6828e-03
1.5170e+03 1.6714e-03
1.5180e+03 1.6599e-03
1.5190e+03 1.6485e-03
1.5200e+03 1.6371e-03
1.5210e+03 1.6256e-03
1.5220e+03 1.6142e-03
1.5230e+03 1.6028e-03
1.5240e+03 1.5915e-03
1.5250e+03 1.5801e-03
1.5260e+03 1.5688e-03
1.5270e+03 1.5575e-03
1.5280e+03 1.5462e-03
1.5290e+03 1.5350e-03
1.5300e+03 1.5238e-03
1.5310e+03 1.5126e-03
1.5320e+03 1.5015e-03
1.5330e+03 1.4904e-03
1.5340e+03 1.4793e-03
1.5350e+03 1.4683e-03
1.5360e+03 1.4574e-03
1.5370e+03 1.4465e-03
1.5380e+03 1.4357e-03
1.5390e+03 1.4248e-03
1.5400e+03 1.4141e-03
1.5410e+03 1.4034e-03
1.5420e+03 1.3927e-03
1.5430e+03 1.3822e-03
1.5440e+03 1.3716e-03
1.5450e+03 1.3612e-03
1.5460e+03 1.3508e-03
1.5470e+03 1.3405e-03
1.5480e+03 1.3302e-03
1.5490e+03 1.3201e-03
1.5500e+03 1.3100e-03
1.5510e+03 1.2999e-03
1.5520e+03 1.2900e-03
1.5530e+03 1.2801e-03
1.5540e+03 1.2704e-03
1.5550e+03 1.2606e-03
1.5560e+03 1.2510e-03
1.5570e+03 1.2415e-03
1.5580e+03 1.2320e-03
1.5590e+03 1.2227e-03
1.5600e+03 1.2134e-03
1.5610e+03 1.2042e-03
1.5620e+03 1.1950e-03
1.5630e+03 1.1860e-03
1.5640e+03 1.1771e-03
1.5650e+03 1.1683e-03
1.5660e+03 1.1596e-03
1.5670e+03 1.1509e-03
1.5680e+03 1.1424e-03
1.5690e+03 1.1339e-03
1.5700e+03 1.1256e-03
1.5710e+03 1.1174e-03
1.5720e+03 1.1092e-03
1.5730e+03 1.1011e-03
1.5740e+03 1.0932e-03
1.5750e+03 1.0854e-03
1.5760e+03 1.0777e-03
1.5770e+03 1.0700e-03
1.5780e+03 1.0625e-03
1.5790e+03 1.0551e-03
1.5800e+03 1.0478e-03
1.5810e+03 1.0406e-03
1.5820e+03 1.0335e-03
1.5830e+03 1.0265e-03
1.5840e+03 1.0197e-03
1.5850e+03 1.0129e-03
1.5860e+03 1.0062e-03
1.5870e+03 9.9966e-04
1.5880e+03 9.9323e-04
1.5890e+03 9.8688e-04
1.5900e+03 9.8064e-04
1.5910e+03 9.7453e-04
1.5920e+03 9.6852e-04
1.5930e+03 9.6263e-04
1.5940e+03 9.5680e-04
1.5950e+03 9.5113e-04
1.5960e+03 9.4558e-04
1.5970e+03 9.4009e-04
1.5980e+03 9.3473e-04
1.5990e+03 9.2949e-04
1.6000e+03 9.2435e-04
1.6010e+03 9.1930e-04
1.6020e+03 9.1434e-04
1.6030e+03 9.0956e-04
1.6040e+03 9.0484e-04
1.6050e+03 9.0022e-04
1.6060e+03 8.9572e-04
1.6070e+03 8.9130e-04
1.6080e+03 8.8698e-04
1.6090e+03 8.8283e-04
1.6100e+03 8.7873e-04
1.6110e+03 8.7473e-04
1.6120e+03 8.7087e-04
1.6130e+03 8.6706e-04
1.6140e+03 8.6339e-04
1.6150e+03 8.5981e-04
1.6160e+03 8.5630e-04
1.6170e+03 8.5291e-04
1.6180e+03 8.4963e-04
1.6190e+03 8.4640e-04
1.6200e+03 8.4332e-04
1.6210e+03 8.4032e-04
1.6220e+03 8.3740e-04
1.6230e+03 8.3456e-04
1.6240e+03 8.3184e-04
1.6250e+03 8.2920e-04
1.6260e+03 8.2666e-04
1.6270e+03 8.2417e-04
1.6280e+03 8.2179e-04
1.6290e+03 8.1950e-04
1.6300e+03 8.1731e-04
1.6310e+03 8.1515e-04
1.6320e+03 8.1312e-04
1.6330e+03 8.1116e-04
1.6340e+03 8.0932e-04
1.6350e+03 8.0751e-04
1.6360e+03 8.0579e-04
1.6370e+03 8.0415e-04
1.6380e+03 8.0256e-04
1.6390e+03 8.0109e-04
1.6400e+03 7.9967e-04
1.6410e+03 7.9830e-04
1.6420e+03 7.9703e-04
1.6430e+03 7.9583e-04
1.6440e+03 7.9465e-04
1.6450e+03 7.9357e-04
1.6460e+03 7.9254e-04
1.6470e+03 7.9160e-04
1.6480e+03 7.9071e-04
1.6490e+03 7.8989e-04
1.6500e+03 7.8909e-04
1.6510e+03 7.8839e-04
1.6520e+03 7.8773e-04
1.6530e+03 7.8713e-04
1.6540e+03 7.8657e-04
1.6550e+03 7.8607e-04
1.6560e+03 7.8563e-04
1.6570e+03 7.8521e-04
1.6580e+03 7.8486e-04
1.6590e+03 7.8455e-04
1.6600e+03 7.8426e-04
1.6610e+03 7.8407e-04
1.6620e+03 7.8388e-04
1.6630e+03 7.8373e-04
1.6640e+03 7.8361e-04
1.6650e+03 7.8355e-04
1.6660e+03 7.8351e-04
1.6670e+03 7.8350e-04
1.6680e+03 7.8356e-04
1.6690e+03 7.8361e-04
1.6700e+03 7.8368e-04
1.6710e+03 7.8383e-04
1.6720e+03 7.8397e-04
1.6730e+03 7.8413e-04
1.6740e+03 7.8434e-04
1.6750e+03 7.8454e-04
1.6760e+03 7.8479e-04
1.6770e+03 7.8504e-04
1.6780e+03 7.8529e-04
1.6790e+03 7.8558e-04
1.6800e+03 7.8589e-04
1.6810e+03 7.8622e-04
1.6820e+03 7.8653e-04
1.6830e+03 7.8686e-04
1.6840e+03 7.8721e-04
1.6850e+03 7.8758e-04
1.6860e+03 7.8795e-04
1.6870e+03 7.8832e-04
1.6880e+03 7.8871e-04
1.6890e+03 7.8907e-04
1.6900e+03 7.8941e-04
1.6910e+03 7.8980e-04
1.6920e+03 7.9018e-04
1.6930e+03 7.9056e-04
1.6940e+03 7.9092e-04
1.6950e+03 7.9130e-04
1.6960e+03 7.9165e-04
1.6970e+03 7.9199e-04
1.6980e+03 7.9234e-04
1.6990e+03 7.9269e-04
1.7000e+03 7.9302e-04
1.7010e+03 7.9332e-04
1.7020e+03 7.9363e-04
1.7030e+03 7.9393e-04
1.7040e+03 7.9419e-04
1.7050e+03 7.9447e-04
1.7060e+03 7.9470e-04
1.7070e+03 7.9494e-04
1.7080e+03 7.9515e-04
1.7090e+03 7.9533e-04
1.7100e+03 7.9550e-04
1.7110e+03 7.9564e-04
1.7120e+03 7.9578e-04
1.7130e+03 7.9586e-04
1.7140e+03 7.9594e-04
1.7150e+03 7.9597e-04
1.7160e+03 7.9600e-04
1.7170e+03 7.9601e-04
1.7180e+03 7.9596e-04
1.7190e+03 7.9591e-04
1.7200e+03 7.9583e-04
1.7210e+03 7.9571e-04
1.7220e+03 7.9557e-04
1.7230e+03 7.9539e-04
1.7240e+03 7.9516e-04
1.7250e+03 7.9492e-04
1.7260e+03 7.9465e-04
1.7270e+03 7.9434e-04
1.7280e+03 7.9399e-04
1.7290e+03 7.9364e-04
1.7300e+03 7.9321e-04
1.7310e+03 7.9275e-04
1.7320e+03 7.9225e-04
1.7330e+03 7.9174e-04
1.7340e+03 7.9116e-04
1.7350e+03 7.9056e-04
1.7360e+03 7.8992e-04
1.7370e+03 7.8924e-04
1.7380e+03 7.8852e-04
1.7390e+03 7.8780e-04
1.7400e+03 7.8698e-04
1.7410e+03 7.8618e-04
1.7420e+03 7.8530e-04
1.7430e+03 7.8440e-04
1.7440e+03 7.8346e-04
1.7450e+03 7.8246e-04
1.7460e+03 7.8144e-04
1.7470e+03 7.8038e-04
1.7480e+03 7.7926e-04
1.7490e+03 7.7810e-04
1.7500e+03 7.7691e-04
1.7510e+03 7.7565e-04
1.7520e+03 7.7440e-04
1.7530e+03 7.7309e-04
1.7540e+03 7.7174e-04
1.7550e+03 7.7033e-04
1.7560e+03 7.6892e-04
1.7570e+03 7.6743e-04
1.7580e+03 7.6589e-04
1.7590e+03 7.6435e-04
1.7600e+03 7.6275e-04
1.7610e+03 7.6112e-04
1.7620e+03 7.5943e-04
1.7630e+03 7.5772e-04
1.7640e+03 7.5599e-04
1.7650e+03 7.5417e-04
1.7660e+03 7.5235e-04
1.7670e+03 7.5047e-04
1.7680e+03 7.4856e-04
1.7690e+03 7.4661e-04
1.7700e+03 7.4462e-04
1.7710e+03 7.4260e-04
1.7720e+03 7.4056e-04
1.7730e+03 7.3843e-04
1.7740e+03 7.3630e-04
1.7750e+03 7.3413e-04
1.7760e+03 7.3195e-04
1.7770e+03 7.2968e-04
1.7780e+03 7.2741e-04
1.7790e+03 7.2510e-04
1.7800e+03 7.2276e-04
1.7810e+03 7.2039e-04
1.7820e+03 7.1796e-04
1.7830e+03 7.1551e-04
1.7840e+03 7.1305e-04
1.7850e+03 7.1054e-04
1.7860e+03 7.0801e-04
1.7870e+03 7.0545e-04
1.7880e+03 7.0288e-04
1.7890e+03 7.0025e-04
1.7900e+03 6.9758e-04
1.7910e+03 6.9491e-04
1.7920e+03 6.9221e-04
1.7930e+03 6.8945e-04
1.7940e+03 6.8671e-04
1.7950e+03 6.8394e-04
1.7960e+03 6.8107e-04
1.7970e+03 6.7828e-04
1.7980e+03 6.7540e-04
1.7990e+03 6.7252e-04
1.8000e+03 6.6962e-04
1.8010e+03 6.6671e-04
1.8020e+03 6.6380e-04
1.8030e+03 6.6085e-04
1.8040e+03 6.5784e-04
1.8050e+03 6.5483e-04
1.8060e+03 6.5184e-04
1.8070e+03 6.4879e-04
1.8080e+03 6.4575e-04
1.8090e+03 6.4269e-04
1.8100e+03 6.3961e-04
1.8110e+03 6.3651e-04
1.8120e+03 6.3340e-04
1.8130e+03 6.3029e-04
1.8140e+03 6.2715e-04
1.8150e+03 6.2402e-04
1.8160e+03 6.2086e-04
1.8170e+03 6.1770e-04
1.8180e+03 6.1452e-04
1.8190e+03 6.1130e-04
1.8200e+03 6.0812e-04
1.8210e+03 6.0494e-04
1.8220e+03 6.0174e-04
1.8230e+03 5.9859e-04
1.8240e+03 5.9538e-04
1.8250e+03 5.9216e-04
1.8260e+03 5.8896e-04
1.8270e+03 5.8575e-04
1.8280e+03 5.8254e-04
1.8290e+03 5.7933e-04
1.8300e+03 5.7611e-04
1.8310e+03 5.7291e-04
1.8320e+03 5.6969e-04
1.8330e+03 5.6649e-04
1.8340e+03 5.6329e-04
1.8350e+03 5.6009e-04
1.8360e+03 5.5689e-04
1.8370e+03 5.5371e-04
1.8380e+03 5.5053e-04
1.8390e+03 5.4735e-04
1.8400e+03 5.4419e-04
1.8410e+03 5.4105e-04
1.8420e+03 5.3789e-04
1.8430e+03 5.3475e-04
1.8440e+03 5.3162e-04
1.8450e+03 5.2854e-04
1.8460e+03 5.2542e-04
1.8470e+03 5.2233e-04
1.8480e+03 5.1925e-04
1.8490e+03 5.1617e-04
1.8500e+03 5.1312e-04
1.8510e+03 5.1005e-04
1.8520e+03 5.0705e-04
1.8530e+03 5.0403e-04
1.8540e+03 5.0102e-04
1.8550e+03 4.9806e-04
1.8560e+03 4.9509e-04
1.8570e+03 4.9216e-04
1.8580e+03 4.8923e-04
1.8590e+03 4.8634e-04
1.8600e+03 4.8344e-04
1.8610e+03 4.8060e-04
1.8620e+03 4.7776e-04
1.8630e+03 4.7492e-04
1.8640e+03 4.7213e-04
1.8650e+03 4.6935e-04
1.8660e+03 4.6661e-04
1.8670e+03 4.6386e-04
1.8680e+03 4.6117e-04
1.8690e+03 4.5848e-04
1.8700e+03 4.5583e-04
1.8710e+03 4.5320e-04
1.8720e+03 4.5060e-04
1.8730e+03 4.4800e-04
1.8740e+03 4.4545e-04
1.8750e+03 4.4294e-04
1.8760e+03 4.4043e-04
1.8770e+03 4.3795e-04
1.8780e+03 4.3549e-04
1.8790e+03 4.3307e-04
1.8800e+03 4.3069e-04
1.8810e+03 4.2833e-04
1.8820e+03 4.2598e-04
1.8830e+03 4.2369e-04
1.8840e+03 4.2142e-04
1.8850e+03 4.1918e-04
1.8860e+03 4.1696e-04
1.8870e+03 4.1475e-04
1.8880e+03 4.1262e-04
1.8890e+03 4.1048e-04
1.8900e+03 4.0837e-04
1.8910e+03 4.0633e-04
1.8920e+03 4.0428e-04
1.8930e+03 4.0228e-04
1.8940e+03 4.0030e-04
1.8950e+03 3.9835e-04
1.8960e+03 3.9643e-04
1.8970e+03 3.9456e-04
1.8980e+03 3.9272e-04
1.8990e+03 3.9089e-04
1.9000e+03 3.8909e-04
1.9010e+03 3.8734e-04
1.9020e+03 3.8562e-04
1.9030e+03 3.8391e-04
1.9040e+03 3.8228e-04
1.9050e+03 3.8062e-04
1.9060e+03 3.7902e-04
1.9070e+03 3.7745e-04
1.9080e+03 3.7592e-04
1.9090e+03 3.7439e-04
1.9100e+03 3.7291e-04
1.9110e+03 3.7147e-04
1.9120e+03 3.7005e-04
1.9130e+03 3.6869e-04
1.9140e+03 3.6733e-04
1.9150e+03 3.6602e-04
1.9160e+03 3.6471e-04
1.9170e+03 3.6346e-04
1.9180e+03 3.6223e-04
1.9190e+03 3.6103e-04
1.9200e+03 3.5985e-04
1.9210e+03 3.5870e-04
1.9220e+03 3.5759e-04
1.9230e+03 3.5651e-04
1.9240e+03 3.5544e-04
1.9250e+03 3.5443e-04
1.9260e+03 3.5344e-04
1.9270e+03 3.5244e-04
1.9280e+03 3.5152e-04
1.9290e+03 3.5060e-04
1.9300e+03 3.4971e-04
1.9310e+03 3.4886e-04
1.9320e+03 3.4803e-04
1.9330e+03 3.4723e-04
1.9340e+03 3.4646e-04
1.9350e+03 3.4569e-04
1.9360e+03 3.4499e-04
1.9370e+03 3.4428e-04
1.9380e+03 3.4361e-04
1.9390e+03 3.4295e-04
1.9400e+03 3.4233e-04
1.9410e+03 3.4174e-04
1.9420e+03 3.4116e-04
1.9430e+03 3.4061e-04
1.9440e+03 3.4008e-04
1.9450e+03 3.3956e-04
1.9460e+03 3.3908e-04
1.9470e+03 3.3860e-04
1.9480e+03 3.3817e-04
1.9490e+03 3.3774e-04
1.9500e+03 3.3734e-04
1.9510e+03 3.3696e-04
1.9520e+03 3.3662e-04
1.9530e+03 3.3627e-04
1.9540e+03 3.3596e-04
1.9550e+03 3.3565e-04
1.9560e+03 3.3536e-04
1.9570e+03 3.3515e-04
1.9580e+03 3.3485e-04
1.9590e+03 3.3463e-04
1.9600e+03 3.3442e-04
1.9610e+03 3.3421e-04
1.9620e+03 3.3403e-04
1.9630e+03 3.3387e-04
1.9640e+03 3.3371e-04
1.9650e+03 3.3358e-04
1.9660e+03 3.3345e-04
1.9670e+03 3.3334e-04
1.9680e+03 3.3323e-04
1.9690e+03 3.3315e-04
1.9700e+03 3.3307e-04
1.9710e+03 3.3301e-04
1.9720e+03 3.3294e-04
1.9730e+03 3.3290e-04
1.9740e+03 3.3288e-04
1.9750e+03 3.3285e-04
1.9760e+03 3.3282e-04
1.9770e+03 3.3282e-04
1.9780e+03 3.3282e-04
1.9790e+03 3.3282e-04
1.9800e+03 3.3285e-04
1.9810e+03 3.3287e-04
1.9820e+03 3.3289e-04
1.9830e+03 3.3293e-04
1.9840e+03 3.3297e-04
1.9850e+03 3.3303e-04
1.9860e+03 3.3308e-04
1.9870e+03 3.3312e-04
1.9880e+03 3.3317e-04
1.9890e+03 3.3323e-04
1.9900e+03 3.3331e-04
1.9910e+03 3.3335e-04
1.9920e+03 3.3342e-04
1.9930e+03 3.3348e-04
1.9940e+03 3.3355e-04
1.9950e+03 3.3363e-04
1.9960e+03 3.3369e-04
1.9970e+03 3.3375e-04
1.9980e+03 3.3382e-04
1.9990e+03 3.3388e-04
2.0000e+03 3.3394e-04
2.0010e+03 3.3400e-04
2.0020e+03 3.3406e-04
2.0030e+03 3.3412e-04
2.0040e+03 3.3417e-04
2.0050e+03 3.3422e-04
2.0060e+03 3.3426e-04
2.0070e+03 3.3430e-04
2.0080e+03 3.3434e-04
2.0090e+03 3.3436e-04
2.0100e+03 3.3437e-04
2.0110e+03 3.3440e-04
2.0120e+03 3.3441e-04
2.0130e+03 3.3440e-04
2.0140e+03 3.3441e-04
2.0150e+03 3.3440e-04
2.0160e+03 3.3440e-04
2.0170e+03 3.3437e-04
2.0180e+03 3.3433e-04
2.0190e+03 3.3428e-04
2.0200e+03 3.3424e-04
2.0210e+03 3.3419e-04
2.0220e+03 3.3410e-04
2.0230e+03 3.3402e-04
2.0240e+03 3.3394e-04
2.0250e+03 3.3382e-04
2.0260e+03 3.3372e-04
2.0270e+03 3.3360e-04
2.0280e+03 3.3346e-04
2.0290e+03 3.3333e-04
2.0300e+03 3.3317e-04
2.0310e+03 3.3299e-04
2.0320e+03 3.3282e-04
2.0330e+03 3.3261e-04
2.0340e+03 3.3242e-04
2.0350e+03 3.3220e-04
2.0360e+03 3.3195e-04
2.0370e+03 3.3172e-04
2.0380e+03 3.3145e-04
2.0390e+03 3.3119e-04
2.0400e+03 3.3091e-04
2.0410e+03 3.3060e-04
2.0420e+03 3.3029e-04
2.0430e+03 3.2995e-04
2.0440e+03 3.2963e-04
2.0450e+03 3.2928e-04
2.0460e+03 3.2891e-04
2.0470e+03 3.2853e-04
2.0480e+03 3.2813e-04
2.0490e+03 3.2772e-04
2.0500e+03 3.2730e-04
2.0510e+03 3.2685e-04
2.0520e+03 3.2639e-04
2.0530e+03 3.2591e-04
2.0540e+03 3.2543e-04
2.0550e+03 3.2492e-04
2.0560e+03 3.2441e-04
2.0570e+03 3.2387e-04
2.0580e+03 3.2334e-04
2.0590e+03 3.2277e-04
2.0600e+03 3.2219e-04
2.0610e+03 3.2161e-04
2.0620e+03 3.2100e-04
2.0630e+03 3.2038e-04
2.0640e+03 3.1975e-04
2.0650e+03 3.1909e-04
2.0660e+03 3.1844e-04
2.0670e+03 3.1775e-04
2.0680e+03 3.1705e-04
2.0690e+03 3.1634e-04
2.0700e+03 3.1560e-04
2.0710e+03 3.1485e-04
2.0720e+03 3.1410e-04
2.0730e+03 3.1333e-04
2.0740e+03 3.1254e-04
2.0750e+03 3.1175e-04
2.0760e+03 3.1092e-04
2.0770e+03 3.1010e-04
2.0780e+03 3.0925e-04
2.0790e+03 3.0837e-04
2.0800e+03 3.0751e-04
2.0810e+03 3.0662e-04
2.0820e+03 3.0571e-04
2.0830e+03 3.0481e-04
2.0840e+03 3.0387e-04
2.0850e+03 3.0294e-04
2.0860e+03 3.0199e-04
2.0870e+03 3.0101e-04
2.0880e+03 3.0003e-04
2.0890e+03 2.9903e-04
2.0900e+03 2.9803e-04
2.0910e+03 2.9701e-04
2.0920e+03 2.9598e-04
2.0930e+03 2.9492e-04
2.0940e+03 2.9387e-04
2.0950e+03 2.9282e-04
2.0960e+03 2.9174e-04
2.0970e+03 2.9064e-04
2.0980e+03 2.8954e-04
2.0990e+03 2.8844e-04
2.1000e+03 2.8731e-04
2.1010e+03 2.8618e-04
2.1020e+03 2.8503e-04
2.1030e+03 2.8388e-04
2.1040e+03 2.8271e-04
2.1050e+03 2.8154e-04
2.1060e+03 2.8035e-04
2.1070e+03 2.7916e-04
2.1080e+03 2.7794e-04
2.1090e+03 2.7674e-04
2.1100e+03 2.7552e-04
2.1110e+03 2.7430e-04
2.1120e+03 2.7306e-04
2.1130e+03 2.7181e-04
2.1140e+03 2.7057e-04
2.1150e+03 2.6931e-04
2.1160e+03 2.6806e-04
2.1170e+03 2.6678e-04
2.1180e+03 2.6549e-04
2.1190e+03 2.6422e-04
2.1200e+03 2.6292e-04
2.1210e+03 2.6163e-04
2.1220e+03 2.6032e-04
2.1230e+03 2.5902e-04
2.1240e+03 2.5770e-04
2.1250e+03 2.5639e-04
2.1260e+03 2.5508e-04
2.1270e+03 2.5374e-04
2.1280e+03 2.5242e-04
2.1290e+03 2.5109e-04
2.1300e+03 2.4975e-04
2.1310e+03 2.4841e-04
2.1320e+03 2.4708e-04
2.1330e+03 2.4573e-04
2.1340e+03 2.4439e-04
2.1350e+03 2.4304e-04
2.1360e+03 2.4168e-04
2.1370e+03 2.4034e-04
2.1380e+03 2.3898e-04
2.1390e+03 2.3763e-04
2.1400e+03 2.3628e-04
2.1410e+03 2.3494e-04
2.1420e+03 2.3357e-04
2.1430e+03 2.3220e-04
2.1440e+03 2.3085e-04
2.1450e+03 2.2949e-04
2.1460e+03 2.2813e-04
2.1470e+03 2.2678e-04
2.1480e+03 2.2545e-04
2.1490e+03 2.2410e-04
2.1500e+03 2.2275e-04
2.1510e+03 2.2140e-04
2.1520e+03 2.2006e-04
2.1530e+03 2.1871e-04
2.1540e+03 2.1737e-04
2.1550e+03 2.1604e-04
2.1560e+03 2.1471e-04
2.1570e+03 2.1338e-04
2.1580e+03 2.1206e-04
2.1590e+03 2.1074e-04
2.1600e+03 2.0942e-04
2.1610e+03 2.0810e-04
2.1620e+03 2.0681e-04
2.1630e+03 2.0550e-04
2.1640e+03 2.0420e-04
2.1650e+03 2.0291e-04
2.1660e+03 2.0163e-04
2.1670e+03 2.0034e-04
2.1680e+03 1.9908e-04
2.1690e+03 1.9781e-04
2.1700e+03 1.9656e-04
2.1710e+03 1.9530e-04
2.1720e+03 1.9406e-04
2.1730e+03 1.9283e-04
2.1740e+03 1.9160e-04
2.1750e+03 1.9038e-04
2.1760e+03 1.8917e-04
2.1770e+03 1.8797e-04
2.1780e+03 1.8678e-04
2.1790e+03 1.8559e-04
2.1800e+03 1.8442e-04
2.1810e+03 1.8324e-04
2.1820e+03 1.8209e-04
2.1830e+03 1.8093e-04
2.1840e+03 1.7979e-04
2.1850e+03 1.7865e-04
2.1860e+03 1.7753e-04
2.1870e+03 1.7644e-04
2.1880e+03 1.7532e-04
2.1890e+03 1.7424e-04
2.1900e+03 1.7316e-04
2.1910e+03 1.7209e-04
2.1920e+03 1.7104e-04
2.1930e+03 1.6999e-04
2.1940e+03 1.6896e-04
2.1950e+03 1.6793e-04
2.1960e+03 1.6692e-04
2.1970e+03 1.6592e-04
2.1980e+03 1.6492e-04
2.1990e+03 1.6394e-04
2.2000e+03 1.6298e-04
