2.0000e+00 1.5033e+03
3.0000e+00 6.6947e+02
4.0000e+00 3.7580e+02
5.0000e+00 2.3918e+02
6.0000e+00 1.6547e+02
7.0000e+00 1.2153e+02
8.0000e+00 9.3323e+01
9.0000e+00 7.4163e+01
1.0000e+01 6.0564e+01
1.1000e+01 5.0527e+01
1.2000e+01 4.2915e+01
1.3000e+01 3.6978e+01
1.4000e+01 3.2251e+01
1.5000e+01 2.8437e+01
1.6000e+01 2.5324e+01
1.7000e+01 2.2749e+01
1.8000e+01 2.0569e+01
1.9000e+01 1.8726e+01
2.0000e+01 1.7128e+01
2.1000e+01 1.5738e+01
2.2000e+01 1.4527e+01
2.3000e+01 1.3461e+01
2.4000e+01 1.2520e+01
2.5000e+01 1.1684e+01
2.6000e+01 1.0936e+01
2.7000e+01 1.0265e+01
2.8000e+01 9.6608e+00
2.9000e+01 9.1142e+00
3.0000e+01 8.6181e+00
3.1000e+01 8.1656e+00
3.2000e+01 7.7522e+00
3.3000e+01 7.3746e+00
3.4000e+01 7.0271e+00
3.5000e+01 6.7071e+00
3.6000e+01 6.4105e+00
3.7000e+01 6.1357e+00
3.8000e+01 5.8813e+00
3.9000e+01 5.6456e+00
4.0000e+01 5.4258e+00
4.1000e+01 5.2210e+00
4.2000e+01 5.0286e+00
4.3000e+01 4.8485e+00
4.4000e+01 4.6791e+00
4.5000e+01 4.5203e+00
4.6000e+01 4.3715e+00
4.7000e+01 4.2311e+00
4.8000e+01 4.0985e+00
4.9000e+01 3.9730e+00
5.0000e+01 3.8552e+00
5.1000e+01 3.7438e+00
5.2000e+01 3.6386e+00
5.3000e+01 3.5385e+00
5.4000e+01 3.4428e+00
5.5000e+01 3.3521e+00
5.6000e+01 3.2660e+00
5.7000e+01 3.1844e+00
5.8000e+01 3.1067e+00
5.9000e+01 3.0328e+00
6.0000e+01 2.9620e+00
6.1000e+01 2.8952e+00
6.2000e+01 2.8307e+00
6.3000e+01 2.7688e+00
6.4000e+01 2.7102e+00
6.5000e+01 2.6537e+00
6.6000e+01 2.5998e+00
6.7000e+01 2.5482e+00
6.8000e+01 2.4989e+00
6.9000e+01 2.4517e+00
7.0000e+01 2.4066e+00
7.1000e+01 2.3631e+00
7.2000e+01 2.3213e+00
7.3000e+01 2.2811e+00
7.4000e+01 2.2424e+00
7.5000e+01 2.2053e+00
7.6000e+01 2.1697e+00
7.7000e+01 2.1355e+00
7.8000e+01 2.1027e+00
7.9000e+01 2.0711e+00
8.0000e+01 2.0407e+00
8.1000e+01 2.0112e+00
8.2000e+01 1.9830e+00
8.3000e+01 1.9556e+00
8.4000e+01 1.9293e+00
8.5000e+01 1.9038e+00
8.6000e+01 1.8791e+00
8.7000e+01 1.8554e+00
8.8000e+01 1.8324e+00
8.9000e+01 1.8102e+00
9.0000e+01 1.7888e+00
9.1000e+01 1.7679e+00
9.2000e+01 1.7478e+00
9.3000e+01 1.7283e+00
9.4000e+01 1.7094e+00
9.5000e+01 1.6912e+00
9.6000e+01 1.6732e+00
9.7000e+01 1.6561e+00
9.8000e+01 1.6394e+00
9.9000e+01 1.6232e+00
1.0000e+02 1.6074e+00
1.0100e+02 1.5921e+00
1.0200e+02 1.5774e+00
1.0300e+02 1.5631e+00
1.0400e+02 1.5490e+00
1.0500e+02 1.5354e+00
1.0600e+02 1.5222e+00
1.0700e+02 1.5091e+00
1.0800e+02 1.4965e+00
1.0900e+02 1.4842e+00
1.1000e+02 1.4723e+00
1.1100e+02 1.4605e+00
1.1200e+02 1.4491e+00
1.1300e+02 1.4380e+00
1.1400e+02 1.4271e+00
1.1500e+02 1.4165e+00
1.1600e+02 1.4061e+00
1.1700e+02 1.3960e+00
1.1800e+02 1.3861e+00
1.1900e+02 1.3764e+00
1.2000e+02 1.3669e+00
1.2100e+02 1.3576e+00
1.2200e+02 1.3484e+00
1.2300e+02 1.3394e+00
1.2400e+02 1.3306e+00
1.2500e+02 1.3219e+00
1.2600e+02 1.3133e+00
1.2700e+02 1.3048e+00
1.2800e+02 1.2966e+00
1.2900e+02 1.2884e+00
1.3000e+02 1.2803e+00
1.3100e+02 1.2724e+00
1.3200e+02 1.2645e+00
1.3300e+02 1.2568e+00
1.3400e+02 1.2492e+00
1.3500e+02 1.2416e+00
1.3600e+02 1.2341e+00
1.3700e+02 1.2268e+00
1.3800e+02 1.2195e+00
1.3900e+02 1.2122e+00
1.4000e+02 1.2050e+00
1.4100e+02 1.1979e+00
1.4200e+02 1.1909e+00
1.4300e+02 1.1839e+00
1.4400e+02 1.1769e+00
1.4500e+02 1.1700e+00
1.4600e+02 1.1632e+00
1.4700e+02 1.1565e+00
1.4800e+02 1.1497e+00
1.4900e+02 1.1430e+00
1.5000e+02 1.1363e+00
1.5100e+02 1.1297e+00
1.5200e+02 1.1231e+00
1.5300e+02 1.1165e+00
1.5400e+02 1.1100e+00
1.5500e+02 1.1035e+00
1.5600e+02 1.0970e+00
1.5700e+02 1.0905e+00
1.5800e+02 1.0841e+00
1.5900e+02 1.0776e+00
1.6000e+02 1.0712e+00
1.6100e+02 1.0649e+00
1.6200e+02 1.0585e+00
1.6300e+02 1.0522e+00
1.6400e+02 1.0459e+00
1.6500e+02 1.0396e+00
1.6600e+02 1.0333e+00
1.6700e+02 1.0271e+00
1.6800e+02 1.0208e+00
1.6900e+02 1.0146e+00
1.7000e+02 1.0084e+00
1.7100e+02 1.0021e+00
1.7200e+02 9.9588e-01
1.7300e+02 9.8963e-01
1.7400e+02 9.8340e-01
1.7500e+02 9.7718e-01
1.7600e+02 9.7094e-01
1.7700e+02 9.6469e-01
1.7800e+02 9.5843e-01
1.7900e+02 9.5219e-01
1.8000e+02 9.4595e-01
1.8100e+02 9.3971e-01
1.8200e+02 9.3346e-01
1.8300e+02 9.2720e-01
1.8400e+02 9.2094e-01
1.8500e+02 9.1470e-01
1.8600e+02 9.0839e-01
1.8700e+02 9.0214e-01
1.8800e+02 8.9588e-01
1.8900e+02 8.8960e-01
1.9000e+02 8.8339e-01
1.9100e+02 8.7710e-01
1.9200e+02 8.7084e-01
1.9300e+02 8.6456e-01
1.9400e+02 8.5830e-01
1.9500e+02 8.5204e-01
1.9600e+02 8.4577e-01
1.9700e+02 8.3950e-01
1.9800e+02 8.3325e-01
1.9900e+02 8.2700e-01
2.0000e+02 8.2074e-01
2.0100e+02 8.1448e-01
2.0200e+02 8.0825e-01
2.0300e+02 8.0200e-01
2.0400e+02 7.9573e-01
2.0500e+02 7.8948e-01
2.0600e+02 7.8321e-01
2.0700e+02 7.7696e-01
2.0800e+02 7.7068e-01
2.0900e+02 7.6440e-01
2.1000e+02 7.5814e-01
2.1100e+02 7.5187e-01
2.1200e+02 7.4559e-01
2.1300e+02 7.3932e-01
2.1400e+02 7.3305e-01
2.1500e+02 7.2679e-01
2.1600e+02 7.2052e-01
2.1700e+02 7.1427e-01
2.1800e+02 7.0802e-01
2.1900e+02 7.0178e-01
2.2000e+02 6.9554e-01
2.2100e+02 6.8933e-01
2.2200e+02 6.8311e-01
2.2300e+02 6.7690e-01
2.2400e+02 6.7071e-01
2.2500e+02 6.6452e-01
2.2600e+02 6.5835e-01
2.2700e+02 6.5217e-01
2.2800e+02 6.4602e-01
2.2900e+02 6.3989e-01
2.3000e+02 6.3376e-01
2.3100e+02 6.2764e-01
2.3200e+02 6.2153e-01
2.3300e+02 6.1545e-01
2.3400e+02 6.0936e-01
2.3500e+02 6.0329e-01
2.3600e+02 5.9724e-01
2.3700e+02 5.9119e-01
2.3800e+02 5.8517e-01
2.3900e+02 5.7917e-01
2.4000e+02 5.7317e-01
2.4100e+02 5.6720e-01
2.4200e+02 5.6125e-01
2.4300e+02 5.5532e-01
2.4400e+02 5.4941e-01
2.4500e+02 5.4350e-01
2.4600e+02 5.3763e-01
2.4700e+02 5.3178e-01
2.4800e+02 5.2595e-01
2.4900e+02 5.2015e-01
2.5000e+02 5.1437e-01
2.5100e+02 5.0862e-01
2.5200e+02 5.0288e-01
2.5300e+02 4.9719e-01
2.5400e+02 4.9152e-01
2.5500e+02 4.8587e-01
2.5600e+02 4.8024e-01
2.5700e+02 4.7466e-01
2.5800e+02 4.6910e-01
2.5900e+02 4.6357e-01
2.6000e+02 4.5807e-01
2.6100e+02 4.5260e-01
2.6200e+02 4.4715e-01
2.6300e+02 4.4176e-01
2.6400e+02 4.3639e-01
2.6500e+02 4.3104e-01
2.6600e+02 4.2574e-01
2.6700e+02 4.2045e-01
2.6800e+02 4.1520e-01
2.6900e+02 4.0997e-01
2.7000e+02 4.0479e-01
2.7100e+02 3.9964e-01
2.7200e+02 3.9454e-01
2.7300e+02 3.8945e-01
2.7400e+02 3.8441e-01
2.7500e+02 3.7941e-01
2.7600e+02 3.7445e-01
2.7700e+02 3.6951e-01
2.7800e+02 3.6462e-01
2.7900e+02 3.5976e-01
2.8000e+02 3.5495e-01
2.8100e+02 3.5018e-01
2.8200e+02 3.4543e-01
2.8300e+02 3.4073e-01
2.8400e+02 3.3608e-01
2.8500e+02 3.3146e-01
2.8600e+02 3.2687e-01
2.8700e+02 3.2233e-01
2.8800e+02 3.1784e-01
2.8900e+02 3.1337e-01
2.9000e+02 3.0895e-01
2.9100e+02 3.0458e-01
2.9200e+02 3.0023e-01
2.9300e+02 2.9593e-01
2.9400e+02 2.9167e-01
2.9500e+02 2.8746e-01
2.9600e+02 2.8329e-01
2.9700e+02 2.7916e-01
2.9800e+02 2.7506e-01
2.9900e+02 2.7102e-01
3.0000e+02 2.6700e-01
3.0100e+02 2.6304e-01
3.0200e+02 2.5912e-01
3.0300e+02 2.5524e-01
3.0400e+02 2.5140e-01
3.0500e+02 2.4760e-01
3.0600e+02 2.4385e-01
3.0700e+02 2.4013e-01
3.0800e+02 2.3647e-01
3.0900e+02 2.3285e-01
3.1000e+02 2.2927e-01
3.1100e+02 2.2573e-01
3.1200e+02 2.2223e-01
3.1300e+02 2.1878e-01
3.1400e+02 2.1537e-01
3.1500e+02 2.1201e-01
3.1600e+02 2.0868e-01
3.1700e+02 2.0541e-01
3.1800e+02 2.0217e-01
3.1900e+02 1.9897e-01
3.2000e+02 1.9582e-01
3.2100e+02 1.9272e-01
3.2200e+02 1.8965e-01
3.2300e+02 1.8662e-01
3.2400e+02 1.8364e-01
3.2500e+02 1.8071e-01
3.2600e+02 1.7781e-01
3.2700e+02 1.7496e-01
3.2800e+02 1.7215e-01
3.2900e+02 1.6938e-01
3.3000e+02 1.6665e-01
3.3100e+02 1.6398e-01
3.3200e+02 1.6133e-01
3.3300e+02 1.5873e-01
3.3400e+02 1.5617e-01
3.3500e+02 1.5364e-01
3.3600e+02 1.5116e-01
3.3700e+02 1.4873e-01
3.3800e+02 1.4632e-01
3.3900e+02 1.4397e-01
3.4000e+02 1.4165e-01
3.4100e+02 1.3937e-01
3.4200e+02 1.3713e-01
3.4300e+02 1.3493e-01
3.4400e+02 1.3277e-01
3.4500e+02 1.3065e-01
3.4600e+02 1.2857e-01
3.4700e+02 1.2652e-01
3.4800e+02 1.2451e-01
3.4900e+02 1.2254e-01
3.5000e+02 1.2061e-01
3.5100e+02 1.1872e-01
3.5200e+02 1.1686e-01
3.5300e+02 1.1504e-01
3.5400e+02 1.1325e-01
3.5500e+02 1.1150e-01
3.5600e+02 1.0979e-01
3.5700e+02 1.0811e-01
3.5800e+02 1.0647e-01
3.5900e+02 1.0486e-01
3.6000e+02 1.0328e-01
3.6100e+02 1.0175e-01
3.6200e+02 1.0024e-01
3.6300e+02 9.8771e-02
3.6400e+02 9.7331e-02
3.6500e+02 9.5925e-02
3.6600e+02 9.4550e-02
3.6700e+02 9.3213e-02
3.6800e+02 9.1898e-02
3.6900e+02 9.0628e-02
3.7000e+02 8.9384e-02
3.7100e+02 8.8166e-02
3.7200e+02 8.6983e-02
3.7300e+02 8.5824e-02
3.7400e+02 8.4703e-02
3.7500e+02 8.3606e-02
3.7600e+02 8.2538e-02
3.7700e+02 8.1506e-02
3.7800e+02 8.0493e-02
3.7900e+02 7.9511e-02
3.8000e+02 7.8564e-02
3.8100e+02 7.7634e-02
3.8200e+02 7.6735e-02
3.8300e+02 7.5861e-02
3.8400e+02 7.5017e-02
3.8500e+02 7.4192e-02
3.8600e+02 7.3401e-02
3.8700e+02 7.2625e-02
3.8800e+02 7.1881e-02
3.8900e+02 7.1156e-02
3.9000e+02 7.0459e-02
3.9100e+02 6.9784e-02
3.9200e+02 6.9127e-02
3.9300e+02 6.8500e-02
3.9400e+02 6.7891e-02
3.9500e+02 6.7303e-02
3.9600e+02 6.6740e-02
3.9700e+02 6.6194e-02
3.9800e+02 6.5672e-02
3.9900e+02 6.5166e-02
4.0000e+02 6.4681e-02
4.0100e+02 6.4215e-02
4.0200e+02 6.3772e-02
4.0300e+02 6.3344e-02
4.0400e+02 6.2936e-02
4.0500e+02 6.2545e-02
4.0600e+02 6.2169e-02
4.0700e+02 6.1812e-02
4.0800e+02 6.1472e-02
4.0900e+02 6.1153e-02
4.1000e+02 6.0844e-02
4.1100e+02 6.0553e-02
4.1200e+02 6.0274e-02
4.1300e+02 6.0013e-02
4.1400e+02 5.9764e-02
4.1500e+02 5.9531e-02
4.1600e+02 5.9311e-02
4.1700e+02 5.9102e-02
4.1800e+02 5.8910e-02
4.1900e+02 5.8729e-02
4.2000e+02 5.8561e-02
4.2100e+02 5.8403e-02
4.2200e+02 5.8261e-02
4.2300e+02 5.8123e-02
4.2400e+02 5.7999e-02
4.2500e+02 5.7887e-02
4.2600e+02 5.7785e-02
4.2700e+02 5.7690e-02
4.2800e+02 5.7606e-02
4.2900e+02 5.7529e-02
4.3000e+02 5.7465e-02
4.3100e+02 5.7408e-02
4.3200e+02 5.7355e-02
4.3300e+02 5.7314e-02
4.3400e+02 5.7281e-02
4.3500e+02 5.7253e-02
4.3600e+02 5.7232e-02
4.3700e+02 5.7220e-02
4.3800e+02 5.7211e-02
4.3900e+02 5.7211e-02
4.4000e+02 5.7214e-02
4.4100e+02 5.7226e-02
4.4200e+02 5.7237e-02
4.4300e+02 5.7260e-02
4.4400e+02 5.7283e-02
4.4500e+02 5.7311e-02
4.4600e+02 5.7341e-02
4.4700e+02 5.7377e-02
4.4800e+02 5.7415e-02
4.4900e+02 5.7458e-02
4.5000e+02 5.7504e-02
4.5100e+02 5.7551e-02
4.5200e+02 5.7601e-02
4.5300e+02 5.7656e-02
4.5400e+02 5.7710e-02
4.5500e+02 5.7765e-02
4.5600e+02 5.7823e-02
4.5700e+02 5.7883e-02
4.5800e+02 5.7942e-02
4.5900e+02 5.8002e-02
4.6000e+02 5.8065e-02
4.6100e+02 5.8126e-02
4.6200e+02 5.8189e-02
4.6300e+02 5.8251e-02
4.6400e+02 5.8309e-02
4.6500e+02 5.8369e-02
4.6600e+02 5.8428e-02
4.6700e+02 5.8489e-02
4.6800e+02 5.8549e-02
4.6900e+02 5.8605e-02
4.7000e+02 5.8662e-02
4.7100e+02 5.8713e-02
4.7200e+02 5.8766e-02
4.7300e+02 5.8818e-02
4.7400e+02 5.8866e-02
4.7500e+02 5.8916e-02
4.7600e+02 5.8960e-02
4.7700e+02 5.9000e-02
4.7800e+02 5.9042e-02
4.7900e+02 5.9077e-02
4.8000e+02 5.9112e-02
4.8100e+02 5.9143e-02
4.8200e+02 5.9173e-02
4.8300e+02 5.9197e-02
4.8400e+02 5.9216e-02
4.8500e+02 5.9236e-02
4.8600e+02 5.9253e-02
4.8700e+02 5.9264e-02
4.8800e+02 5.9272e-02
4.8900e+02 5.9276e-02
4.9000e+02 5.9278e-02
4.9100e+02 5.9273e-02
4.9200e+02 5.9266e-02
4.9300e+02 5.9256e-02
4.9400e+02 5.9240e-02
4.9500e+02 5.9218e-02
4.9600e+02 5.9194e-02
4.9700e+02 5.9165e-02
4.9800e+02 5.9132e-02
4.9900e+02 5.9097e-02
5.0000e+02 5.9057e-02
5.0100e+02 5.9009e-02
5.0200e+02 5.8961e-02
5.0300e+02 5.8905e-02
5.0400e+02 5.8843e-02
5.0500e+02 5.8782e-02
5.0600e+02 5.8712e-02
5.0700e+02 5.8642e-02
5.0800e+02 5.8562e-02
5.0900e+02 5.8480e-02
5.1000e+02 5.8391e-02
5.1100e+02 5.8302e-02
5.1200e+02 5.8204e-02
5.1300e+02 5.8104e-02
5.1400e+02 5.7999e-02
5.1500e+02 5.7888e-02
5.1600e+02 5.7775e-02
5.1700e+02 5.7652e-02
5.1800e+02 5.7528e-02
5.1900e+02 5.7403e-02
5.2000e+02 5.7268e-02
5.2100e+02 5.7130e-02
5.2200e+02 5.6987e-02
5.2300e+02 5.6841e-02
5.2400e+02 5.6688e-02
5.2500e+02 5.6529e-02
5.2600e+02 5.6369e-02
5.2700e+02 5.6208e-02
5.2800e+02 5.6038e-02
5.2900e+02 5.5864e-02
5.3000e+02 5.5688e-02
5.3100e+02 5.5509e-02
5.3200e+02 5.5323e-02
5.3300e+02 5.5131e-02
5.3400e+02 5.4936e-02
5.3500e+02 5.4740e-02
5.3600e+02 5.4538e-02
5.3700e+02 5.4334e-02
5.3800e+02 5.4123e-02
5.3900e+02 5.3910e-02
5.4000e+02 5.3695e-02
5.4100e+02 5.3474e-02
5.4200e+02 5.3251e-02
5.4300e+02 5.3024e-02
5.4400e+02 5.2793e-02
5.4500e+02 5.2559e-02
5.4600e+02 5.2323e-02
5.4700e+02 5.2082e-02
5.4800e+02 5.1840e-02
5.4900e+02 5.1593e-02
5.5000e+02 5.1344e-02
5.5100e+02 5.1094e-02
5.5200e+02 5.0839e-02
5.5300e+02 5.0583e-02
5.5400e+02 5.0324e-02
5.5500e+02 5.0061e-02
5.5600e+02 4.9796e-02
5.5700e+02 4.9529e-02
5.5800e+02 4.9261e-02
5.5900e+02 4.8989e-02
5.6000e+02 4.8716e-02
5.6100e+02 4.8439e-02
5.6200e+02 4.8162e-02
5.6300e+02 4.7884e-02
5.6400e+02 4.7604e-02
5.6500e+02 4.7322e-02
5.6600e+02 4.7037e-02
5.6700e+02 4.6753e-02
5.6800e+02 4.6468e-02
5.6900e+02 4.6179e-02
5.7000e+02 4.5890e-02
5.7100e+02 4.5600e-02
5.7200e+02 4.5309e-02
5.7300e+02 4.5017e-02
5.7400e+02 4.4724e-02
5.7500e+02 4.4432e-02
5.7600e+02 4.4138e-02
5.7700e+02 4.3842e-02
5.7800e+02 4.3548e-02
5.7900e+02 4.3254e-02
5.8000e+02 4.2959e-02
5.8100e+02 4.2661e-02
5.8200e+02 4.2365e-02
5.8300e+02 4.2070e-02
5.8400e+02 4.1776e-02
5.8500e+02 4.1481e-02
5.8600e+02 4.1184e-02
5.8700e+02 4.0891e-02
5.8800e+02 4.0597e-02
5.8900e+02 4.0302e-02
5.9000e+02 4.0008e-02
5.9100e+02 3.9715e-02
5.9200e+02 3.9424e-02
5.9300e+02 3.9132e-02
5.9400e+02 3.8841e-02
5.9500e+02 3.8549e-02
5.9600e+02 3.8263e-02
5.9700e+02 3.7977e-02
5.9800e+02 3.7694e-02
5.9900e+02 3.7409e-02
6.0000e+02 3.7126e-02
6.0100e+02 3.6844e-02
6.0200e+02 3.6565e-02
6.0300e+02 3.6285e-02
6.0400e+02 3.6010e-02
6.0500e+02 3.5735e-02
6.0600e+02 3.5464e-02
6.0700e+02 3.5189e-02
6.0800e+02 3.4921e-02
6.0900e+02 3.4654e-02
6.1000e+02 3.4389e-02
6.1100e+02 3.4125e-02
6.1200e+02 3.3865e-02
6.1300e+02 3.3606e-02
6.1400e+02 3.3349e-02
6.1500e+02 3.3094e-02
6.1600e+02 3.2843e-02
6.1700e+02 3.2595e-02
6.1800e+02 3.2349e-02
6.1900e+02 3.2104e-02
6.2000e+02 3.1863e-02
6.2100e+02 3.1624e-02
6.2200e+02 3.1388e-02
6.2300e+02 3.1155e-02
6.2400e+02 3.0925e-02
6.2500e+02 3.0696e-02
6.2600e+02 3.0470e-02
6.2700e+02 3.0248e-02
6.2800e+02 3.0030e-02
6.2900e+02 2.9814e-02
6.3000e+02 2.9601e-02
6.3100e+02 2.9389e-02
6.3200e+02 2.9183e-02
6.3300e+02 2.8978e-02
6.3400e+02 2.8778e-02
6.3500e+02 2.8581e-02
6.3600e+02 2.8385e-02
6.3700e+02 2.8194e-02
6.3800e+02 2.8005e-02
6.3900e+02 2.7821e-02
6.4000e+02 2.7639e-02
6.4100e+02 2.7461e-02
6.4200e+02 2.7285e-02
6.4300e+02 2.7112e-02
6.4400e+02 2.6945e-02
6.4500e+02 2.6778e-02
6.4600e+02 2.6616e-02
6.4700e+02 2.6459e-02
6.4800e+02 2.6302e-02
6.4900e+02 2.6150e-02
6.5000e+02 2.6003e-02
6.5100e+02 2.5856e-02
6.5200e+02 2.5714e-02
6.5300e+02 2.5576e-02
6.5400e+02 2.5441e-02
6.5500e+02 2.5308e-02
6.5600e+02 2.5180e-02
6.5700e+02 2.5054e-02
6.5800e+02 2.4932e-02
6.5900e+02 2.4814e-02
6.6000e+02 2.4699e-02
6.6100e+02 2.4587e-02
6.6200e+02 2.4478e-02
6.6300e+02 2.4372e-02
6.6400e+02 2.4270e-02
6.6500e+02 2.4170e-02
6.6600e+02 2.4074e-02
6.6700e+02 2.3982e-02
6.6800e+02 2.3890e-02
6.6900e+02 2.3805e-02
6.7000e+02 2.3720e-02
6.7100e+02 2.3641e-02
6.7200e+02 2.3563e-02
6.7300e+02 2.3490e-02
6.7400e+02 2.3417e-02
6.7500e+02 2.3350e-02
6.7600e+02 2.3283e-02
6.7700e+02 2.3221e-02
6.7800e+02 2.3163e-02
6.7900e+02 2.3105e-02
6.8000e+02 2.3052e-02
6.8100e+02 2.3002e-02
6.8200e+02 2.2954e-02
6.8300e+02 2.2910e-02
6.8400e+02 2.2866e-02
6.8500e+02 2.2824e-02
6.8600e+02 2.2787e-02
6.8700e+02 2.2753e-02
6.8800e+02 2.2720e-02
6.8900e+02 2.2690e-02
6.9000e+02 2.2662e-02
6.9100e+02 2.2638e-02
6.9200e+02 2.2614e-02
6.9300e+02 2.2595e-02
6.9400e+02 2.2575e-02
6.9500e+02 2.2561e-02
6.9600e+02 2.2547e-02
6.9700e+02 2.2535e-02
6.9800e+02 2.2526e-02
6.9900e+02 2.2518e-02
7.0000e+02 2.2514e-02
7.0100e+02 2.2510e-02
7.0200e+02 2.2510e-02
7.0300e+02 2.2509e-02
7.0400e+02 2.2511e-02
7.0500e+02 2.2514e-02
7.0600e+02 2.2520e-02
7.0700e+02 2.2527e-02
7.0800e+02 2.2537e-02
7.0900e+02 2.2547e-02
7.1000e+02 2.2560e-02
7.1100e+02 2.2573e-02
7.1200e+02 2.2588e-02
7.1300e+02 2.2605e-02
7.1400e+02 2.2621e-02
7.1500e+02 2.2641e-02
7.1600e+02 2.2661e-02
7.1700e+02 2.2682e-02
7.1800e+02 2.2704e-02
7.1900e+02 2.2727e-02
7.2000e+02 2.2751e-02
7.2100e+02 2.2777e-02
7.2200e+02 2.2803e-02
7.2300e+02 2.2830e-02
7.2400e+02 2.2857e-02
7.2500e+02 2.2886e-02
7.2600e+02 2.2916e-02
7.2700e+02 2.2946e-02
7.2800e+02 2.2975e-02
7.2900e+02 2.3007e-02
7.3000e+02 2.3037e-02
7.3100e+02 2.3070e-02
7.3200e+02 2.3102e-02
7.3300e+02 2.3135e-02
7.3400e+02 2.3168e-02
7.3500e+02 2.3202e-02
7.3600e+02 2.3234e-02
7.3700e+02 2.3268e-02
7.3800e+02 2.3302e-02
7.3900e+02 2.3335e-02
7.4000e+02 2.3369e-02
7.4100e+02 2.3402e-02
7.4200e+02 2.3435e-02
7.4300e+02 2.3469e-02
7.4400e+02 2.3502e-02
7.4500e+02 2.3536e-02
7.4600e+02 2.3567e-02
7.4700e+02 2.3599e-02
7.4800e+02 2.3631e-02
7.4900e+02 2.3662e-02
7.5000e+02 2.3694e-02
7.5100e+02 2.3724e-02
7.5200e+02 2.3754e-02
7.5300e+02 2.3783e-02
7.5400e+02 2.3812e-02
7.5500e+02 2.3840e-02
7.5600e+02 2.3866e-02
7.5700e+02 2.3894e-02
7.5800e+02 2.3920e-02
7.5900e+02 2.3945e-02
7.6000e+02 2.3969e-02
7.6100e+02 2.3991e-02
7.6200e+02 2.4014e-02
7.6300e+02 2.4035e-02
7.6400e+02 2.4056e-02
7.6500e+02 2.4075e-02
7.6600e+02 2.4093e-02
7.6700e+02 2.4111e-02
7.6800e+02 2.4127e-02
7.6900e+02 2.4141e-02
7.7000e+02 2.4155e-02
7.7100e+02 2.4167e-02
7.7200e+02 2.4179e-02
7.7300e+02 2.4189e-02
7.7400e+02 2.4196e-02
7.7500e+02 2.4205e-02
7.7600e+02 2.4209e-02
7.7700e+02 2.4214e-02
7.7800e+02 2.4219e-02
7.7900e+02 2.4220e-02
7.8000e+02 2.4220e-02
7.8100e+02 2.4218e-02
7.8200e+02 2.4216e-02
7.8300e+02 2.4212e-02
7.8400e+02 2.4206e-02
7.8500e+02 2.4199e-02
7.8600e+02 2.4190e-02
7.8700e+02 2.4180e-02
7.8800e+02 2.4167e-02
7.8900e+02 2.4154e-02
7.9000e+02 2.4140e-02
7.9100e+02 2.4123e-02
7.9200e+02 2.4105e-02
7.9300e+02 2.4084e-02
7.9400e+02 2.4063e-02
7.9500e+02 2.4039e-02
7.9600e+02 2.4014e-02
7.9700e+02 2.3988e-02
7.9800e+02 2.3959e-02
7.9900e+02 2.3929e-02
8.0000e+02 2.3897e-02
8.0100e+02 2.3864e-02
8.0200e+02 2.3828e-02
8.0300e+02 2.3791e-02
8.0400e+02 2.3752e-02
8.0500e+02 2.3714e-02
8.0600e+02 2.3672e-02
8.0700e+02 2.3627e-02
8.0800e+02 2.3581e-02
8.0900e+02 2.3535e-02
8.1000e+02 2.3485e-02
8.1100e+02 2.3435e-02
8.1200e+02 2.3382e-02
8.1300e+02 2.3329e-02
8.1400e+02 2.3273e-02
8.1500e+02 2.3216e-02
8.1600e+02 2.3156e-02
8.1700e+02 2.3096e-02
8.1800e+02 2.3034e-02
8.1900e+02 2.2970e-02
8.2000e+02 2.2906e-02
8.2100e+02 2.2838e-02
8.2200e+02 2.2770e-02
8.2300e+02 2.2700e-02
8.2400e+02 2.2627e-02
8.2500e+02 2.2554e-02
8.2600e+02 2.2478e-02
8.2700e+02 2.2401e-02
8.2800e+02 2.2324e-02
8.2900e+02 2.2244e-02
8.3000e+02 2.2163e-02
8.3100e+02 2.2080e-02
8.3200e+02 2.1996e-02
8.3300e+02 2.1911e-02
8.3400e+02 2.1824e-02
8.3500e+02 2.1735e-02
8.3600e+02 2.1645e-02
8.3700e+02 2.1554e-02
8.3800e+02 2.1461e-02
8.3900e+02 2.1367e-02
8.4000e+02 2.1272e-02
8.4100e+02 2.1175e-02
8.4200e+02 2.1077e-02
8.4300e+02 2.0978e-02
8.4400e+02 2.0877e-02
8.4500e+02 2.0776e-02
8.4600e+02 2.0674e-02
8.4700e+02 2.0571e-02
8.4800e+02 2.0466e-02
8.4900e+02 2.0360e-02
8.5000e+02 2.0254e-02
8.5100e+02 2.0145e-02
8.5200e+02 2.0036e-02
8.5300e+02 1.9926e-02
8.5400e+02 1.9815e-02
8.5500e+02 1.9703e-02
8.5600e+02 1.9591e-02
8.5700e+02 1.9477e-02
8.5800e+02 1.9361e-02
8.5900e+02 1.9246e-02
8.6000e+02 1.9130e-02
8.6100e+02 1.9013e-02
8.6200e+02 1.8895e-02
8.6300e+02 1.8776e-02
8.6400e+02 1.8657e-02
8.6500e+02 1.8536e-02
8.6600e+02 1.8417e-02
8.6700e+02 1.8295e-02
8.6800e+02 1.8173e-02
8.6900e+02 1.8052e-02
8.7000e+02 1.7928e-02
8.7100e+02 1.7805e-02
8.7200e+02 1.7682e-02
8.7300e+02 1.7557e-02
8.7400e+02 1.7433e-02
8.7500e+02 1.7308e-02
8.7600e+02 1.7182e-02
8.7700e+02 1.7057e-02
8.7800e+02 1.6931e-02
8.7900e+02 1.6805e-02
8.8000e+02 1.6679e-02
8.8100e+02 1.6552e-02
8.8200e+02 1.6426e-02
8.8300e+02 1.6299e-02
8.8400e+02 1.6172e-02
8.8500e+02 1.6045e-02
8.8600e+02 1.5917e-02
8.8700e+02 1.5790e-02
8.8800e+02 1.5664e-02
8.8900e+02 1.5535e-02
8.9000e+02 1.5409e-02
8.9100e+02 1.5282e-02
8.9200e+02 1.5155e-02
8.9300e+02 1.5028e-02
8.9400e+02 1.4902e-02
8.9500e+02 1.4775e-02
8.9600e+02 1.4649e-02
8.9700e+02 1.4523e-02
8.9800e+02 1.4398e-02
8.9900e+02 1.4272e-02
9.0000e+02 1.4147e-02
9.0100e+02 1.4023e-02
9.0200e+02 1.3899e-02
9.0300e+02 1.3774e-02
9.0400e+02 1.3652e-02
9.0500e+02 1.3528e-02
9.0600e+02 1.3406e-02
9.0700e+02 1.3284e-02
9.0800e+02 1.3164e-02
9.0900e+02 1.3044e-02
9.1000e+02 1.2922e-02
9.1100e+02 1.2803e-02
9.1200e+02 1.2684e-02
9.1300e+02 1.2564e-02
9.1400e+02 1.2447e-02
9.1500e+02 1.2329e-02
9.1600e+02 1.2213e-02
9.1700e+02 1.2097e-02
9.1800e+02 1.1983e-02
9.1900e+02 1.1869e-02
9.2000e+02 1.1755e-02
9.2100e+02 1.1643e-02
9.2200e+02 1.1531e-02
9.2300e+02 1.1420e-02
9.2400e+02 1.1310e-02
9.2500e+02 1.1201e-02
9.2600e+02 1.1093e-02
9.2700e+02 1.0986e-02
9.2800e+02 1.0880e-02
9.2900e+02 1.0774e-02
9.3000e+02 1.0670e-02
9.3100e+02 1.0566e-02
9.3200e+02 1.0464e-02
9.3300e+02 1.0362e-02
9.3400e+02 1.0262e-02
9.3500e+02 1.0163e-02
9.3600e+02 1.0064e-02
9.3700e+02 9.9670e-03
9.3800e+02 9.8701e-03
9.3900e+02 9.7758e-03
9.4000e+02 9.6811e-03
9.4100e+02 9.5883e-03
9.4200e+02 9.4965e-03
9.4300e+02 9.4058e-03
9.4400e+02 9.3169e-03
9.4500e+02 9.2283e-03
9.4600e+02 9.1415e-03
9.4700e+02 9.0557e-03
9.4800e+02 8.9696e-03
9.4900e+02 8.8859e-03
9.5000e+02 8.8039e-03
9.5100e+02 8.7223e-03
9.5200e+02 8.6423e-03
9.5300e+02 8.5634e-03
9.5400e+02 8.4854e-03
9.5500e+02 8.4085e-03
9.5600e+02 8.3332e-03
9.5700e+02 8.2596e-03
9.5800e+02 8.1857e-03
9.5900e+02 8.1147e-03
9.6000e+02 8.0440e-03
9.6100e+02 7.9743e-03
9.6200e+02 7.9062e-03
9.6300e+02 7.8397e-03
9.6400e+02 7.7741e-03
9.6500e+02 7.7095e-03
9.6600e+02 7.6465e-03
9.6700e+02 7.5843e-03
9.6800e+02 7.5238e-03
9.6900e+02 7.4642e-03
9.7000e+02 7.4061e-03
9.7100e+02 7.3489e-03
9.7200e+02 7.2926e-03
9.7300e+02 7.2379e-03
9.7400e+02 7.1847e-03
9.7500e+02 7.1323e-03
9.7600e+02 7.0815e-03
9.7700e+02 7.0315e-03
9.7800e+02 6.9823e-03
9.7900e+02 6.9353e-03
9.8000e+02 6.8885e-03
9.8100e+02 6.8432e-03
9.8200e+02 6.7993e-03
9.8300e+02 6.7569e-03
9.8400e+02 6.7147e-03
9.8500e+02 6.6745e-03
9.8600e+02 6.6345e-03
9.8700e+02 6.5960e-03
9.8800e+02 6.5588e-03
9.8900e+02 6.5225e-03
9.9000e+02 6.4875e-03
9.9100e+02 6.4540e-03
9.9200e+02 6.4206e-03
9.9300e+02 6.3886e-03
9.9400e+02 6.3580e-03
9.9500e+02 6.3285e-03
9.9600e+02 6.2998e-03
9.9700e+02 6.2720e-03
9.9800e+02 6.2454e-03
9.9900e+02 6.2197e-03
1.0000e+03 6.1950e-03
1.0010e+03 6.1713e-03
1.0020e+03 6.1481e-03
1.0030e+03 6.1264e-03
1.0040e+03 6.1057e-03
1.0050e+03 6.0864e-03
1.0060e+03 6.0676e-03
1.0070e+03 6.0493e-03
1.0080e+03 6.0306e-03
1.0090e+03 6.0142e-03
1.0100e+03 5.9988e-03
1.0110e+03 5.9839e-03
1.0120e+03 5.9698e-03
1.0130e+03 5.9568e-03
1.0140e+03 5.9446e-03
1.0150e+03 5.9325e-03
1.0160e+03 5.9217e-03
1.0170e+03 5.9119e-03
1.0180e+03 5.9025e-03
1.0190e+03 5.8936e-03
1.0200e+03 5.8860e-03
1.0210e+03 5.8789e-03
1.0220e+03 5.8722e-03
1.0230e+03 5.8664e-03
1.0240e+03 5.8610e-03
1.0250e+03 5.8561e-03
1.0260e+03 5.8534e-03
1.0270e+03 5.8498e-03
1.0280e+03 5.8466e-03
1.0290e+03 5.8443e-03
1.0300e+03 5.8424e-03
1.0310e+03 5.8400e-03
1.0320e+03 5.8394e-03
1.0330e+03 5.8388e-03
1.0340e+03 5.8394e-03
1.0350e+03 5.8400e-03
1.0360e+03 5.8410e-03
1.0370e+03 5.8424e-03
1.0380e+03 5.8446e-03
1.0390e+03 5.8473e-03
1.0400e+03 5.8494e-03
1.0410e+03 5.8527e-03
1.0420e+03 5.8565e-03
1.0430e+03 5.8603e-03
1.0440e+03 5.8646e-03
1.0450e+03 5.8689e-03
1.0460e+03 5.8738e-03
1.0470e+03 5.8792e-03
1.0480e+03 5.8840e-03
1.0490e+03 5.8893e-03
1.0500e+03 5.8952e-03
1.0510e+03 5.9010e-03
1.0520e+03 5.9074e-03
1.0530e+03 5.9132e-03
1.0540e+03 5.9195e-03
1.0550e+03 5.9257e-03
1.0560e+03 5.9325e-03
1.0570e+03 5.9393e-03
1.0580e+03 5.9472e-03
1.0590e+03 5.9544e-03
1.0600e+03 5.9616e-03
1.0610e+03 5.9688e-03
1.0620e+03 5.9765e-03
1.0630e+03 5.9830e-03
1.0640e+03 5.9901e-03
1.0650e+03 5.9977e-03
1.0660e+03 6.0047e-03
1.0670e+03 6.0122e-03
1.0680e+03 6.0196e-03
1.0690e+03 6.0265e-03
1.0700e+03 6.0344e-03
1.0710e+03 6.0412e-03
1.0720e+03 6.0480e-03
1.0730e+03 6.0553e-03
1.0740e+03 6.0620e-03
1.0750e+03 6.0686e-03
1.0760e+03 6.0752e-03
1.0770e+03 6.0824e-03
1.0780e+03 6.0878e-03
1.0790e+03 6.0938e-03
1.0800e+03 6.1003e-03
1.0810e+03 6.1057e-03
1.0820e+03 6.1110e-03
1.0830e+03 6.1164e-03
1.0840e+03 6.1216e-03
1.0850e+03 6.1269e-03
1.0860e+03 6.1316e-03
1.0870e+03 6.1363e-03
1.0880e+03 6.1398e-03
1.0890e+03 6.1439e-03
1.0900e+03 6.1475e-03
1.0910e+03 6.1510e-03
1.0920e+03 6.1544e-03
1.0930e+03 6.1574e-03
1.0940e+03 6.1592e-03
1.0950e+03 6.1616e-03
1.0960e+03 6.1634e-03
1.0970e+03 6.1647e-03
1.0980e+03 6.1665e-03
1.0990e+03 6.1673e-03
1.1000e+03 6.1680e-03
1.1010e+03 6.1682e-03
1.1020e+03 6.1684e-03
1.1030e+03 6.1681e-03
1.1040e+03 6.1672e-03
1.1050e+03 6.1658e-03
1.1060e+03 6.1644e-03
1.1070e+03 6.1625e-03
1.1080e+03 6.1606e-03
1.1090e+03 6.1577e-03
1.1100e+03 6.1547e-03
1.1110e+03 6.1508e-03
1.1120e+03 6.1474e-03
1.1130e+03 6.1429e-03
1.1140e+03 6.1385e-03
1.1150e+03 6.1335e-03
1.1160e+03 6.1281e-03
1.1170e+03 6.1222e-03
1.1180e+03 6.1157e-03
1.1190e+03 6.1098e-03
1.1200e+03 6.1024e-03
1.1210e+03 6.0950e-03
1.1220e+03 6.0877e-03
1.1230e+03 6.0788e-03
1.1240e+03 6.0705e-03
1.1250e+03 6.0612e-03
1.1260e+03 6.0520e-03
1.1270e+03 6.0422e-03
1.1280e+03 6.0320e-03
1.1290e+03 6.0213e-03
1.1300e+03 6.0097e-03
1.1310e+03 5.9986e-03
1.1320e+03 5.9865e-03
1.1330e+03 5.9740e-03
1.1340e+03 5.9615e-03
1.1350e+03 5.9481e-03
1.1360e+03 5.9347e-03
1.1370e+03 5.9209e-03
1.1380e+03 5.9066e-03
1.1390e+03 5.8919e-03
1.1400e+03 5.8767e-03
1.1410e+03 5.8612e-03
1.1420e+03 5.8456e-03
1.1430e+03 5.8291e-03
1.1440e+03 5.8122e-03
1.1450e+03 5.7954e-03
1.1460e+03 5.7781e-03
1.1470e+03 5.7604e-03
1.1480e+03 5.7418e-03
1.1490e+03 5.7237e-03
1.1500e+03 5.7048e-03
1.1510e+03 5.6859e-03
1.1520e+03 5.6661e-03
1.1530e+03 5.6463e-03
1.1540e+03 5.6267e-03
1.1550e+03 5.6061e-03
1.1560e+03 5.5851e-03
1.1570e+03 5.5638e-03
1.1580e+03 5.5425e-03
1.1590e+03 5.5212e-03
1.1600e+03 5.4987e-03
1.1610e+03 5.4766e-03
1.1620e+03 5.4537e-03
1.1630e+03 5.4309e-03
1.1640e+03 5.4081e-03
1.1650e+03 5.3845e-03
1.1660e+03 5.3605e-03
1.1670e+03 5.3370e-03
1.1680e+03 5.3127e-03
1.1690e+03 5.2885e-03
1.1700e+03 5.2638e-03
1.1710e+03 5.2388e-03
1.1720e+03 5.2139e-03
1.1730e+03 5.1886e-03
1.1740e+03 5.1629e-03
1.1750e+03 5.1373e-03
1.1760e+03 5.1109e-03
1.1770e+03 5.0850e-03
1.1780e+03 5.0587e-03
1.1790e+03 5.0325e-03
1.1800e+03 5.0060e-03
1.1810e+03 4.9795e-03
1.1820e+03 4.9522e-03
1.1830e+03 4.9250e-03
1.1840e+03 4.8979e-03
1.1850e+03 4.8704e-03
1.1860e+03 4.8430e-03
1.1870e+03 4.8157e-03
1.1880e+03 4.7880e-03
1.1890e+03 4.7604e-03
1.1900e+03 4.7325e-03
1.1910e+03 4.7046e-03
1.1920e+03 4.6769e-03
1.1930e+03 4.6483e-03
1.1940e+03 4.6203e-03
1.1950e+03 4.5923e-03
1.1960e+03 4.5640e-03
1.1970e+03 4.5358e-03
1.1980e+03 4.5077e-03
1.1990e+03 4.4792e-03
1.2000e+03 4.4508e-03
1.2010e+03 4.4229e-03
1.2020e+03 4.3943e-03
1.2030e+03 4.3662e-03
1.2040e+03 4.3377e-03
1.2050e+03 4.3093e-03
1.2060e+03 4.2811e-03
1.2070e+03 4.2533e-03
1.2080e+03 4.2252e-03
1.2090e+03 4.1970e-03
1.2100e+03 4.1691e-03
1.2110e+03 4.1410e-03
1.2120e+03 4.1133e-03
1.2130e+03 4.0854e-03
1.2140e+03 4.0579e-03
1.2150e+03 4.0305e-03
1.2160e+03 4.0032e-03
1.2170e+03 3.9753e-03
1.2180e+03 3.9482e-03
1.2190e+03 3.9208e-03
1.2200e+03 3.8938e-03
1.2210e+03 3.8669e-03
1.2220e+03 3.8401e-03
1.2230e+03 3.8134e-03
1.2240e+03 3.7868e-03
1.2250e+03 3.7606e-03
1.2260e+03 3.7344e-03
1.2270e+03 3.7087e-03
1.2280e+03 3.6827e-03
1.2290e+03 3.6571e-03
1.2300e+03 3.6310e-03
1.2310e+03 3.6056e-03
1.2320e+03 3.5803e-03
1.2330e+03 3.5557e-03
1.2340e+03 3.5308e-03
1.2350e+03 3.5072e-03
1.2360e+03 3.4831e-03
1.2370e+03 3.4591e-03
1.2380e+03 3.4355e-03
1.2390e+03 3.4119e-03
1.2400e+03 3.3884e-03
1.2410e+03 3.3656e-03
1.2420e+03 3.3425e-03
1.2430e+03 3.3198e-03
1.2440e+03 3.2975e-03
1.2450e+03 3.2756e-03
1.2460e+03 3.2538e-03
1.2470e+03 3.2320e-03
1.2480e+03 3.2106e-03
1.2490e+03 3.1895e-03
1.2500e+03 3.1688e-03
1.2510e+03 3.1482e-03
1.2520e+03 3.1282e-03
1.2530e+03 3.1080e-03
1.2540e+03 3.0882e-03
1.2550e+03 3.0687e-03
1.2560e+03 3.0499e-03
1.2570e+03 3.0311e-03
1.2580e+03 3.0124e-03
1.2590e+03 2.9940e-03
1.2600e+03 2.9760e-03
1.2610e+03 2.9584e-03
1.2620e+03 2.9411e-03
1.2630e+03 2.9241e-03
1.2640e+03 2.9072e-03
1.2650e+03 2.8909e-03
1.2660e+03 2.8746e-03
1.2670e+03 2.8587e-03
1.2680e+03 2.8432e-03
1.2690e+03 2.8280e-03
1.2700e+03 2.8131e-03
1.2710e+03 2.7985e-03
1.2720e+03 2.7842e-03
1.2730e+03 2.7701e-03
1.2740e+03 2.7563e-03
1.2750e+03 2.7429e-03
1.2760e+03 2.7297e-03
1.2770e+03 2.7169e-03
1.2780e+03 2.7043e-03
1.2790e+03 2.6921e-03
1.2800e+03 2.6802e-03
1.2810e+03 2.6686e-03
1.2820e+03 2.6573e-03
1.2830e+03 2.6462e-03
1.2840e+03 2.6355e-03
1.2850e+03 2.6251e-03
1.2860e+03 2.6150e-03
1.2870e+03 2.6051e-03
1.2880e+03 2.5956e-03
1.2890e+03 2.5864e-03
1.2900e+03 2.5774e-03
1.2910e+03 2.5688e-03
1.2920e+03 2.5604e-03
1.2930e+03 2.5523e-03
1.2940e+03 2.5445e-03
1.2950e+03 2.5369e-03
1.2960e+03 2.5297e-03
1.2970e+03 2.5227e-03
1.2980e+03 2.5160e-03
1.2990e+03 2.5095e-03
1.3000e+03 2.5033e-03
1.3010e+03 2.4974e-03
1.3020e+03 2.4918e-03
1.3030e+03 2.4864e-03
1.3040e+03 2.4812e-03
1.3050e+03 2.4764e-03
1.3060e+03 2.4717e-03
1.3070e+03 2.4673e-03
1.3080e+03 2.4632e-03
1.3090e+03 2.4592e-03
1.3100e+03 2.4556e-03
1.3110e+03 2.4521e-03
1.3120e+03 2.4490e-03
1.3130e+03 2.4460e-03
1.3140e+03 2.4432e-03
1.3150e+03 2.4406e-03
1.3160e+03 2.4383e-03
1.3170e+03 2.4362e-03
1.3180e+03 2.4343e-03
1.3190e+03 2.4326e-03
1.3200e+03 2.4311e-03
1.3210e+03 2.4297e-03
1.3220e+03 2.4286e-03
1.3230e+03 2.4276e-03
1.3240e+03 2.4269e-03
1.3250e+03 2.4263e-03
1.3260e+03 2.4259e-03
1.3270e+03 2.4256e-03
1.3280e+03 2.4255e-03
1.3290e+03 2.4256e-03
1.3300e+03 2.4258e-03
1.3310e+03 2.4262e-03
1.3320e+03 2.4267e-03
1.3330e+03 2.4274e-03
1.3340e+03 2.4282e-03
1.3350e+03 2.4291e-03
1.3360e+03 2.4301e-03
1.3370e+03 2.4314e-03
1.3380e+03 2.4326e-03
1.3390e+03 2.4340e-03
1.3400e+03 2.4356e-03
1.3410e+03 2.4372e-03
1.3420e+03 2.4389e-03
1.3430e+03 2.4407e-03
1.3440e+03 2.4427e-03
1.3450e+03 2.4446e-03
1.3460e+03 2.4467e-03
1.3470e+03 2.4489e-03
1.3480e+03 2.4511e-03
1.3490e+03 2.4534e-03
1.3500e+03 2.4558e-03
1.3510e+03 2.4582e-03
1.3520e+03 2.4606e-03
1.3530e+03 2.4632e-03
1.3540e+03 2.4657e-03
1.3550e+03 2.4684e-03
1.3560e+03 2.4710e-03
1.3570e+03 2.4737e-03
1.3580e+03 2.4764e-03
1.3590e+03 2.4791e-03
1.3600e+03 2.4818e-03
1.3610e+03 2.4845e-03
1.3620e+03 2.4872e-03
1.3630e+03 2.4899e-03
1.3640e+03 2.4925e-03
1.3650e+03 2.4955e-03
1.3660e+03 2.4981e-03
1.3670e+03 2.5008e-03
1.3680e+03 2.5037e-03
1.3690e+03 2.5063e-03
1.3700e+03 2.5089e-03
1.3710e+03 2.5115e-03
1.3720e+03 2.5141e-03
1.3730e+03 2.5166e-03
1.3740e+03 2.5192e-03
1.3750e+03 2.5217e-03
1.3760e+03 2.5242e-03
1.3770e+03 2.5268e-03
1.3780e+03 2.5293e-03
1.3790e+03 2.5315e-03
1.3800e+03 2.5338e-03
1.3810e+03 2.5360e-03
1.3820e+03 2.5377e-03
1.3830e+03 2.5399e-03
1.3840e+03 2.5416e-03
1.3850e+03 2.5433e-03
1.3860e+03 2.5450e-03
1.3870e+03 2.5464e-03
1.3880e+03 2.5483e-03
1.3890e+03 2.5497e-03
1.3900e+03 2.5509e-03
1.3910e+03 2.5523e-03
1.3920e+03 2.5534e-03
1.3930e+03 2.5545e-03
1.3940e+03 2.5554e-03
1.3950e+03 2.5563e-03
1.3960e+03 2.5572e-03
1.3970e+03 2.5578e-03
1.3980e+03 2.5582e-03
1.3990e+03 2.5585e-03
1.4000e+03 2.5589e-03
1.4010e+03 2.5590e-03
1.4020e+03 2.5591e-03
1.4030e+03 2.5590e-03
1.4040e+03 2.5586e-03
1.4050e+03 2.5585e-03
1.4060e+03 2.5579e-03
1.4070e+03 2.5570e-03
1.4080e+03 2.5567e-03
1.4090e+03 2.5556e-03
1.4100e+03 2.5547e-03
1.4110e+03 2.5536e-03
1.4120e+03 2.5523e-03
1.4130e+03 2.5505e-03
1.4140e+03 2.5489e-03
1.4150e+03 2.5472e-03
1.4160e+03 2.5453e-03
1.4170e+03 2.5431e-03
1.4180e+03 2.5408e-03
1.4190e+03 2.5384e-03
1.4200e+03 2.5359e-03
1.4210e+03 2.5332e-03
1.4220e+03 2.5305e-03
1.4230e+03 2.5273e-03
1.4240e+03 2.5244e-03
1.4250e+03 2.5210e-03
1.4260e+03 2.5174e-03
1.4270e+03 2.5140e-03
1.4280e+03 2.5102e-03
1.4290e+03 2.5062e-03
1.4300e+03 2.5022e-03
1.4310e+03 2.4979e-03
1.4320e+03 2.4934e-03
1.4330e+03 2.4892e-03
1.4340e+03 2.4845e-03
1.4350e+03 2.4796e-03
1.4360e+03 2.4747e-03
1.4370e+03 2.4695e-03
1.4380e+03 2.4641e-03
1.4390e+03 2.4586e-03
1.4400e+03 2.4531e-03
1.4410e+03 2.4474e-03
1.4420e+03 2.4415e-03
1.4430e+03 2.4353e-03
1.4440e+03 2.4292e-03
1.4450e+03 2.4226e-03
1.4460e+03 2.4163e-03
1.4470e+03 2.4093e-03
1.4480e+03 2.4026e-03
1.4490e+03 2.3957e-03
1.4500e+03 2.3885e-03
1.4510e+03 2.3814e-03
1.4520e+03 2.3739e-03
1.4530e+03 2.3663e-03
1.4540e+03 2.3588e-03
1.4550e+03 2.3511e-03
1.4560e+03 2.3432e-03
1.4570e+03 2.3349e-03
1.4580e+03 2.3268e-03
1.4590e+03 2.3185e-03
1.4600e+03 2.3100e-03
1.4610e+03 2.3016e-03
1.4620e+03 2.2929e-03
1.4630e+03 2.2838e-03
1.4640e+03 2.2750e-03
1.4650e+03 2.2658e-03
1.4660e+03 2.2568e-03
1.4670e+03 2.2474e-03
1.4680e+03 2.2380e-03
1.4690e+03 2.2286e-03
1.4700e+03 2.2186e-03
1.4710e+03 2.2091e-03
1.4720e+03 2.1994e-03
1.4730e+03 2.1895e-03
1.4740e+03 2.1792e-03
1.4750e+03 2.1691e-03
1.4760e+03 2.1589e-03
1.4770e+03 2.1487e-03
1.4780e+03 2.1382e-03
1.4790e+03 2.1279e-03
1.4800e+03 2.1173e-03
1.4810e+03 2.1066e-03
1.4820e+03 2.0959e-03
1.4830e+03 2.0851e-03
1.4840e+03 2.0743e-03
1.4850e+03 2.0633e-03
1.4860e+03 2.0523e-03
1.4870e+03 2.0412e-03
1.4880e+03 2.0301e-03
1.4890e+03 2.0188e-03
1.4900e+03 2.0075e-03
1.4910e+03 1.9962e-03
1.4920e+03 1.9848e-03
1.4930e+03 1.9733e-03
1.4940e+03 1.9619e-03
1.4950e+03 1.9503e-03
1.4960e+03 1.9388e-03
1.4970e+03 1.9271e-03
1.4980e+03 1.9155e-03
1.4990e+03 1.9038e-03
1.5000e+03 1.8920e-03
1.5010e+03 1.8802e-03
1.5020e+03 1.8684e-03
1.5030e+03 1.8566e-03
1.5040e+03 1.8448e-03
1.5050e+03 1.8330e-03
1.5060e+03 1.8211e-03
1.5070e+03 1.8092e-03
1.5080e+03 1.7974e-03
1.5090e+03 1.7854e-03
1.5100e+03 1.7736e-03
1.5110e+03 1.7616e-03
1.5120e+03 1.7497e-03
1.5130e+03 1.7378e-03
1.5140e+03 1.7259e-03
1.5150e+03 1.7141e-03
1.5160e+03 1.7022e-03
1.5170e+03 1.6903e-03
1.5180e+03 1.6785e-03
1.5190e+03 1.6667e-03
1.5200e+03 1.6549e-03
1.5210e+03 1.6431e-03
1.5220e+03 1.6313e-03
1.5230e+03 1.6196e-03
1.5240e+03 1.6079e-03
1.5250e+03 1.5962e-03
1.5260e+03 1.5846e-03
1.5270e+03 1.5730e-03
1.5280e+03 1.5614e-03
1.5290e+03 1.5499e-03
1.5300e+03 1.5384e-03
1.5310e+03 1.5270e-03
1.5320e+03 1.5156e-03
1.5330e+03 1.5043e-03
1.5340e+03 1.4930e-03
1.5350e+03 1.4818e-03
1.5360e+03 1.4707e-03
1.5370e+03 1.4596e-03
1.5380e+03 1.4486e-03
1.5390e+03 1.4376e-03
1.5400e+03 1.4267e-03
1.5410e+03 1.4158e-03
1.5420e+03 1.4051e-03
1.5430e+03 1.3943e-03
1.5440e+03 1.3837e-03
1.5450e+03 1.3732e-03
1.5460e+03 1.3627e-03
1.5470e+03 1.3523e-03
1.5480e+03 1.3420e-03
1.5490e+03 1.3317e-03
1.5500e+03 1.3216e-03
1.5510e+03 1.3115e-03
1.5520e+03 1.3016e-03
1.5530e+03 1.2916e-03
1.5540e+03 1.2818e-03
1.5550e+03 1.2721e-03
1.5560e+03 1.2625e-03
1.5570e+03 1.2530e-03
1.5580e+03 1.2436e-03
1.5590e+03 1.2343e-03
1.5600e+03 1.2251e-03
1.5610e+03 1.2159e-03
1.5620e+03 1.2068e-03
1.5630e+03 1.1979e-03
1.5640e+03 1.1890e-03
1.5650e+03 1.1803e-03
1.5660e+03 1.1717e-03
1.5670e+03 1.1631e-03
1.5680e+03 1.1547e-03
1.5690e+03 1.1464e-03
1.5700e+03 1.1382e-03
1.5710e+03 1.1301e-03
1.5720e+03 1.1221e-03
1.5730e+03 1.1142e-03
1.5740e+03 1.1064e-03
1.5750e+03 1.0988e-03
1.5760e+03 1.0912e-03
1.5770e+03 1.0838e-03
1.5780e+03 1.0765e-03
1.5790e+03 1.0693e-03
1.5800e+03 1.0621e-03
1.5810e+03 1.0551e-03
1.5820e+03 1.0483e-03
1.5830e+03 1.0415e-03
1.5840e+03 1.0348e-03
1.5850e+03 1.0283e-03
1.5860e+03 1.0218e-03
1.5870e+03 1.0155e-03
1.5880e+03 1.0093e-03
1.5890e+03 1.0032e-03
1.5900e+03 9.9726e-04
1.5910e+03 9.9139e-04
1.5920e+03 9.8564e-04
1.5930e+03 9.8000e-04
1.5940e+03 9.7447e-04
1.5950e+03 9.6905e-04
1.5960e+03 9.6377e-04
1.5970e+03 9.5858e-04
1.5980e+03 9.5352e-04
1.5990e+03 9.4854e-04
1.6000e+03 9.4368e-04
1.6010e+03 9.3895e-04
1.6020e+03 9.3428e-04
1.6030e+03 9.2977e-04
1.6040e+03 9.2534e-04
1.6050e+03 9.2104e-04
1.6060e+03 9.1685e-04
1.6070e+03 9.1274e-04
1.6080e+03 9.0872e-04
1.6090e+03 9.0487e-04
1.6100e+03 9.0109e-04
1.6110e+03 8.9740e-04
1.6120e+03 8.9385e-04
1.6130e+03 8.9035e-04
1.6140e+03 8.8698e-04
1.6150e+03 8.8372e-04
1.6160e+03 8.8054e-04
1.6170e+03 8.7748e-04
1.6180e+03 8.7450e-04
1.6190e+03 8.7157e-04
1.6200e+03 8.6880e-04
1.6210e+03 8.6610e-04
1.6220e+03 8.6351e-04
1.6230e+03 8.6099e-04
1.6240e+03 8.5858e-04
1.6250e+03 8.5626e-04
1.6260e+03 8.5402e-04
1.6270e+03 8.5185e-04
1.6280e+03 8.4977e-04
1.6290e+03 8.4778e-04
1.6300e+03 8.4589e-04
1.6310e+03 8.4402e-04
1.6320e+03 8.4231e-04
1.6330e+03 8.4064e-04
1.6340e+03 8.3909e-04
1.6350e+03 8.3757e-04
1.6360e+03 8.3615e-04
1.6370e+03 8.3480e-04
1.6380e+03 8.3350e-04
1.6390e+03 8.3230e-04
1.6400e+03 8.3117e-04
1.6410e+03 8.3006e-04
1.6420e+03 8.2908e-04
1.6430e+03 8.2811e-04
1.6440e+03 8.2722e-04
1.6450e+03 8.2638e-04
1.6460e+03 8.2561e-04
1.6470e+03 8.2491e-04
1.6480e+03 8.2428e-04
1.6490e+03 8.2369e-04
1.6500e+03 8.2316e-04
1.6510e+03 8.2267e-04
1.6520e+03 8.2223e-04
1.6530e+03 8.2185e-04
1.6540e+03 8.2150e-04
1.6550e+03 8.2124e-04
1.6560e+03 8.2098e-04
1.6570e+03 8.2077e-04
1.6580e+03 8.2063e-04
1.6590e+03 8.2051e-04
1.6600e+03 8.2043e-04
1.6610e+03 8.2040e-04
1.6620e+03 8.2037e-04
1.6630e+03 8.2040e-04
1.6640e+03 8.2046e-04
1.6650e+03 8.2054e-04
1.6660e+03 8.2066e-04
1.6670e+03 8.2081e-04
1.6680e+03 8.2100e-04
1.6690e+03 8.2119e-04
1.6700e+03 8.2142e-04
1.6710e+03 8.2167e-04
1.6720e+03 8.2195e-04
1.6730e+03 8.2222e-04
1.6740e+03 8.2254e-04
1.6750e+03 8.2284e-04
1.6760e+03 8.2317e-04
1.6770e+03 8.2353e-04
1.6780e+03 8.2389e-04
1.6790e+03 8.2425e-04
1.6800e+03 8.2462e-04
1.6810e+03 8.2502e-04
1.6820e+03 8.2539e-04
1.6830e+03 8.2581e-04
1.6840e+03 8.2620e-04
1.6850e+03 8.2662e-04
1.6860e+03 8.2703e-04
1.6870e+03 8.2742e-04
1.6880e+03 8.2782e-04
1.6890e+03 8.2821e-04
1.6900e+03 8.2859e-04
1.6910e+03 8.2900e-04
1.6920e+03 8.2938e-04
1.6930e+03 8.2973e-04
1.6940e+03 8.3009e-04
1.6950e+03 8.3044e-04
1.6960e+03 8.3080e-04
1.6970e+03 8.3111e-04
1.6980e+03 8.3141e-04
1.6990e+03 8.3172e-04
1.7000e+03 8.3200e-04
1.7010e+03 8.3224e-04
1.7020e+03 8.3250e-04
1.7030e+03 8.3271e-04
1.7040e+03 8.3292e-04
1.7050e+03 8.3309e-04
1.7060e+03 8.3324e-04
1.7070e+03 8.3338e-04
1.7080e+03 8.3350e-04
1.7090e+03 8.3358e-04
1.7100e+03 8.3364e-04
1.7110e+03 8.3367e-04
1.7120e+03 8.3369e-04
1.7130e+03 8.3365e-04
1.7140e+03 8.3360e-04
1.7150e+03 8.3348e-04
1.7160e+03 8.3339e-04
1.7170e+03 8.3325e-04
1.7180e+03 8.3304e-04
1.7190e+03 8.3282e-04
1.7200e+03 8.3259e-04
1.7210e+03 8.3231e-04
1.7220e+03 8.3200e-04
1.7230e+03 8.3164e-04
1.7240e+03 8.3125e-04
1.7250e+03 8.3082e-04
1.7260e+03 8.3036e-04
1.7270e+03 8.2986e-04
1.7280e+03 8.2932e-04
1.7290e+03 8.2876e-04
1.7300e+03 8.2812e-04
1.7310e+03 8.2746e-04
1.7320e+03 8.2675e-04
1.7330e+03 8.2603e-04
1.7340e+03 8.2524e-04
1.7350e+03 8.2442e-04
1.7360e+03 8.2355e-04
1.7370e+03 8.2267e-04
1.7380e+03 8.2170e-04
1.7390e+03 8.2073e-04
1.7400e+03 8.1971e-04
1.7410e+03 8.1866e-04
1.7420e+03 8.1754e-04
1.7430e+03 8.1639e-04
1.7440e+03 8.1519e-04
1.7450e+03 8.1397e-04
1.7460e+03 8.1269e-04
1.7470e+03 8.1137e-04
1.7480e+03 8.1001e-04
1.7490e+03 8.0859e-04
1.7500e+03 8.0713e-04
1.7510e+03 8.0562e-04
1.7520e+03 8.0408e-04
1.7530e+03 8.0251e-04
1.7540e+03 8.0088e-04
1.7550e+03 7.9924e-04
1.7560e+03 7.9753e-04
1.7570e+03 7.9579e-04
1.7580e+03 7.9399e-04
1.7590e+03 7.9216e-04
1.7600e+03 7.9028e-04
1.7610e+03 7.8837e-04
1.7620e+03 7.8641e-04
1.7630e+03 7.8443e-04
1.7640e+03 7.8241e-04
1.7650e+03 7.8033e-04
1.7660e+03 7.7822e-04
1.7670e+03 7.7607e-04
1.7680e+03 7.7387e-04
1.7690e+03 7.7165e-04
1.7700e+03 7.6938e-04
1.7710e+03 7.6709e-04
1.7720e+03 7.6476e-04
1.7730e+03 7.6236e-04
1.7740e+03 7.5994e-04
1.7750e+03 7.5751e-04
1.7760e+03 7.5503e-04
1.7770e+03 7.5249e-04
1.7780e+03 7.4995e-04
1.7790e+03 7.4737e-04
1.7800e+03 7.4474e-04
1.7810e+03 7.4211e-04
1.7820e+03 7.3941e-04
1.7830e+03 7.3669e-04
1.7840e+03 7.3397e-04
1.7850e+03 7.3120e-04
1.7860e+03 7.2839e-04
1.7870e+03 7.2557e-04
1.7880e+03 7.2272e-04
1.7890e+03 7.1983e-04
1.7900e+03 7.1691e-04
1.7910e+03 7.1399e-04
1.7920e+03 7.1103e-04
1.7930e+03 7.0803e-04
1.7940e+03 7.0503e-04
1.7950e+03 7.0201e-04
1.7960e+03 6.9891e-04
1.7970e+03 6.9586e-04
1.7980e+03 6.9275e-04
1.7990e+03 6.8963e-04
1.8000e+03 6.8650e-04
1.8010e+03 6.8336e-04
1.8020e+03 6.8020e-04
1.8030e+03 6.7702e-04
1.8040e+03 6.7380e-04
1.8050e+03 6.7058e-04
1.8060e+03 6.6736e-04
1.8070e+03 6.6410e-04
1.8080e+03 6.6085e-04
1.8090e+03 6.5757e-04
1.8100e+03 6.5429e-04
1.8110e+03 6.5098e-04
1.8120e+03 6.4768e-04
1.8130e+03 6.4437e-04
1.8140e+03 6.4105e-04
1.8150e+03 6.3771e-04
1.8160e+03 6.3438e-04
1.8170e+03 6.3104e-04
1.8180e+03 6.2768e-04
1.8190e+03 6.2428e-04
1.8200e+03 6.2094e-04
1.8210e+03 6.1759e-04
1.8220e+03 6.1422e-04
1.8230e+03 6.1091e-04
1.8240e+03 6.0754e-04
1.8250e+03 6.0418e-04
1.8260e+03 6.0080e-04
1.8270e+03 5.9745e-04
1.8280e+03 5.9409e-04
1.8290e+03 5.9074e-04
1.8300e+03 5.8740e-04
1.8310e+03 5.8406e-04
1.8320e+03 5.8071e-04
1.8330e+03 5.7738e-04
1.8340e+03 5.7407e-04
1.8350e+03 5.7074e-04
1.8360e+03 5.6743e-04
1.8370e+03 5.6413e-04
1.8380e+03 5.6084e-04
1.8390e+03 5.5756e-04
1.8400e+03 5.5430e-04
1.8410e+03 5.5105e-04
1.8420e+03 5.4783e-04
1.8430e+03 5.4459e-04
1.8440e+03 5.4137e-04
1.8450e+03 5.3821e-04
1.8460e+03 5.3502e-04
1.8470e+03 5.3185e-04
1.8480e+03 5.2870e-04
1.8490e+03 5.2557e-04
1.8500e+03 5.2247e-04
1.8510e+03 5.1934e-04
1.8520e+03 5.1628e-04
1.8530e+03 5.1321e-04
1.8540e+03 5.1018e-04
1.8550e+03 5.0716e-04
1.8560e+03 5.0417e-04
1.8570e+03 5.0119e-04
1.8580e+03 4.9825e-04
1.8590e+03 4.9533e-04
1.8600e+03 4.9240e-04
1.8610e+03 4.8956e-04
1.8620e+03 4.8669e-04
1.8630e+03 4.8385e-04
1.8640e+03 4.8106e-04
1.8650e+03 4.7827e-04
1.8660e+03 4.7554e-04
1.8670e+03 4.7279e-04
1.8680e+03 4.7009e-04
1.8690e+03 4.6743e-04
1.8700e+03 4.6480e-04
1.8710e+03 4.6216e-04
1.8720e+03 4.5959e-04
1.8730e+03 4.5703e-04
1.8740e+03 4.5450e-04
1.8750e+03 4.5201e-04
1.8760e+03 4.4953e-04
1.8770e+03 4.4709e-04
1.8780e+03 4.4468e-04
1.8790e+03 4.4230e-04
1.8800e+03 4.3995e-04
1.8810e+03 4.3763e-04
1.8820e+03 4.3534e-04
1.8830e+03 4.3311e-04
1.8840e+03 4.3088e-04
1.8850e+03 4.2869e-04
1.8860e+03 4.2653e-04
1.8870e+03 4.2440e-04
1.8880e+03 4.2233e-04
1.8890e+03 4.2024e-04
1.8900e+03 4.1822e-04
1.8910e+03 4.1623e-04
1.8920e+03 4.1426e-04
1.8930e+03 4.1234e-04
1.8940e+03 4.1045e-04
1.8950e+03 4.0856e-04
1.8960e+03 4.0674e-04
1.8970e+03 4.0495e-04
1.8980e+03 4.0318e-04
1.8990e+03 4.0145e-04
1.9000e+03 3.9974e-04
1.9010e+03 3.9807e-04
1.9020e+03 3.9645e-04
1.9030e+03 3.9484e-04
1.9040e+03 3.9330e-04
1.9050e+03 3.9174e-04
1.9060e+03 3.9022e-04
1.9070e+03 3.8876e-04
1.9080e+03 3.8734e-04
1.9090e+03 3.8591e-04
1.9100e+03 3.8453e-04
1.9110e+03 3.8320e-04
1.9120e+03 3.8189e-04
1.9130e+03 3.8061e-04
1.9140e+03 3.7938e-04
1.9150e+03 3.7816e-04
1.9160e+03 3.7696e-04
1.9170e+03 3.7583e-04
1.9180e+03 3.7471e-04
1.9190e+03 3.7362e-04
1.9200e+03 3.7256e-04
1.9210e+03 3.7151e-04
1.9220e+03 3.7053e-04
1.9230e+03 3.6955e-04
1.9240e+03 3.6859e-04
1.9250e+03 3.6770e-04
1.9260e+03 3.6681e-04
1.9270e+03 3.6592e-04
1.9280e+03 3.6512e-04
1.9290e+03 3.6430e-04
1.9300e+03 3.6354e-04
1.9310e+03 3.6279e-04
1.9320e+03 3.6208e-04
1.9330e+03 3.6139e-04
1.9340e+03 3.6073e-04
1.9350e+03 3.6009e-04
1.9360e+03 3.5946e-04
1.9370e+03 3.5886e-04
1.9380e+03 3.5830e-04
1.9390e+03 3.5777e-04
1.9400e+03 3.5725e-04
1.9410e+03 3.5676e-04
1.9420e+03 3.5628e-04
1.9430e+03 3.5583e-04
1.9440e+03 3.5541e-04
1.9450e+03 3.5498e-04
1.9460e+03 3.5460e-04
1.9470e+03 3.5422e-04
1.9480e+03 3.5389e-04
1.9490e+03 3.5356e-04
1.9500e+03 3.5325e-04
1.9510e+03 3.5297e-04
1.9520e+03 3.5270e-04
1.9530e+03 3.5246e-04
1.9540e+03 3.5221e-04
1.9550e+03 3.5200e-04
1.9560e+03 3.5179e-04
1.9570e+03 3.5166e-04
1.9580e+03 3.5145e-04
1.9590e+03 3.5130e-04
1.9600e+03 3.5116e-04
1.9610e+03 3.5103e-04
1.9620e+03 3.5091e-04
1.9630e+03 3.5082e-04
1.9640e+03 3.5074e-04
1.9650e+03 3.5067e-04
1.9660e+03 3.5061e-04
1.9670e+03 3.5056e-04
1.9680e+03 3.5051e-04
1.9690e+03 3.5050e-04
1.9700e+03 3.5047e-04
1.9710e+03 3.5047e-04
1.9720e+03 3.5045e-04
1.9730e+03 3.5045e-04
1.9740e+03 3.5048e-04
1.9750e+03 3.5050e-04
1.9760e+03 3.5053e-04
1.9770e+03 3.5056e-04
1.9780e+03 3.5061e-04
1.9790e+03 3.5065e-04
1.9800e+03 3.5070e-04
1.9810e+03 3.5075e-04
1.9820e+03 3.5081e-04
1.9830e+03 3.5089e-04
1.9840e+03 3.5095e-04
1.9850e+03 3.5102e-04
1.9860e+03 3.5108e-04
1.9870e+03 3.5116e-04
1.9880e+03 3.5124e-04
1.9890e+03 3.5131e-04
1.9900e+03 3.5139e-04
1.9910e+03 3.5146e-04
1.9920e+03 3.5152e-04
1.9930e+03 3.5158e-04
1.9940e+03 3.5165e-04
1.9950e+03 3.5174e-04
1.9960e+03 3.5180e-04
1.9970e+03 3.5184e-04
1.9980e+03 3.5191e-04
1.9990e+03 3.5197e-04
2.0000e+03 3.5201e-04
2.0010e+03 3.5207e-04
2.0020e+03 3.5209e-04
2.0030e+03 3.5213e-04
2.0040e+03 3.5217e-04
2.0050e+03 3.5218e-04
2.0060e+03 3.5220e-04
2.0070e+03 3.5221e-04
2.0080e+03 3.5222e-04
2.0090e+03 3.5221e-04
2.0100e+03 3.5219e-04
2.0110e+03 3.5218e-04
2.0120e+03 3.5214e-04
2.0130e+03 3.5208e-04
2.0140e+03 3.5204e-04
2.0150e+03 3.5199e-04
2.0160e+03 3.5193e-04
2.0170e+03 3.5185e-04
2.0180e+03 3.5176e-04
2.0190e+03 3.5166e-04
2.0200e+03 3.5156e-04
2.0210e+03 3.5144e-04
2.0220e+03 3.5131e-04
2.0230e+03 3.5114e-04
2.0240e+03 3.5100e-04
2.0250e+03 3.5082e-04
2.0260e+03 3.5064e-04
2.0270e+03 3.5045e-04
2.0280e+03 3.5023e-04
2.0290e+03 3.5002e-04
2.0300e+03 3.4978e-04
2.0310e+03 3.4951e-04
2.0320e+03 3.4926e-04
2.0330e+03 3.4898e-04
2.0340e+03 3.4869e-04
2.0350e+03 3.4838e-04
2.0360e+03 3.4805e-04
2.0370e+03 3.4773e-04
2.0380e+03 3.4736e-04
2.0390e+03 3.4700e-04
2.0400e+03 3.4663e-04
2.0410e+03 3.4623e-04
2.0420e+03 3.4582e-04
2.0430e+03 3.4539e-04
2.0440e+03 3.4496e-04
2.0450e+03 3.4450e-04
2.0460e+03 3.4405e-04
2.0470e+03 3.4355e-04
2.0480e+03 3.4305e-04
2.0490e+03 3.4253e-04
2.0500e+03 3.4199e-04
2.0510e+03 3.4142e-04
2.0520e+03 3.4086e-04
2.0530e+03 3.4027e-04
2.0540e+03 3.3968e-04
2.0550e+03 3.3905e-04
2.0560e+03 3.3841e-04
2.0570e+03 3.3777e-04
2.0580e+03 3.3710e-04
2.0590e+03 3.3643e-04
2.0600e+03 3.3573e-04
2.0610e+03 3.3502e-04
2.0620e+03 3.3428e-04
2.0630e+03 3.3355e-04
2.0640e+03 3.3278e-04
2.0650e+03 3.3200e-04
2.0660e+03 3.3123e-04
2.0670e+03 3.3040e-04
2.0680e+03 3.2957e-04
2.0690e+03 3.2874e-04
2.0700e+03 3.2788e-04
2.0710e+03 3.2701e-04
2.0720e+03 3.2612e-04
2.0730e+03 3.2522e-04
2.0740e+03 3.2431e-04
2.0750e+03 3.2337e-04
2.0760e+03 3.2242e-04
2.0770e+03 3.2147e-04
2.0780e+03 3.2050e-04
2.0790e+03 3.1948e-04
2.0800e+03 3.1849e-04
2.0810e+03 3.1748e-04
2.0820e+03 3.1645e-04
2.0830e+03 3.1541e-04
2.0840e+03 3.1434e-04
2.0850e+03 3.1327e-04
2.0860e+03 3.1219e-04
2.0870e+03 3.1108e-04
2.0880e+03 3.0998e-04
2.0890e+03 3.0886e-04
2.0900e+03 3.0772e-04
2.0910e+03 3.0658e-04
2.0920e+03 3.0542e-04
2.0930e+03 3.0424e-04
2.0940e+03 3.0306e-04
2.0950e+03 3.0187e-04
2.0960e+03 3.0066e-04
2.0970e+03 2.9944e-04
2.0980e+03 2.9823e-04
2.0990e+03 2.9699e-04
2.1000e+03 2.9575e-04
2.1010e+03 2.9449e-04
2.1020e+03 2.9321e-04
2.1030e+03 2.9194e-04
2.1040e+03 2.9067e-04
2.1050e+03 2.8938e-04
2.1060e+03 2.8807e-04
2.1070e+03 2.8676e-04
2.1080e+03 2.8543e-04
2.1090e+03 2.8411e-04
2.1100e+03 2.8279e-04
2.1110e+03 2.8145e-04
2.1120e+03 2.8010e-04
2.1130e+03 2.7873e-04
2.1140e+03 2.7738e-04
2.1150e+03 2.7600e-04
2.1160e+03 2.7465e-04
2.1170e+03 2.7327e-04
2.1180e+03 2.7189e-04
2.1190e+03 2.7050e-04
2.1200e+03 2.6910e-04
2.1210e+03 2.6770e-04
2.1220e+03 2.6629e-04
2.1230e+03 2.6490e-04
2.1240e+03 2.6349e-04
2.1250e+03 2.6208e-04
2.1260e+03 2.6068e-04
2.1270e+03 2.5925e-04
2.1280e+03 2.5784e-04
2.1290e+03 2.5641e-04
2.1300e+03 2.5498e-04
2.1310e+03 2.5357e-04
2.1320e+03 2.5214e-04
2.1330e+03 2.5072e-04
2.1340e+03 2.4930e-04
2.1350e+03 2.4786e-04
2.1360e+03 2.4643e-04
2.1370e+03 2.4501e-04
2.1380e+03 2.4358e-04
2.1390e+03 2.4216e-04
2.1400e+03 2.4073e-04
2.1410e+03 2.3932e-04
2.1420e+03 2.3788e-04
2.1430e+03 2.3646e-04
2.1440e+03 2.3503e-04
2.1450e+03 2.3363e-04
2.1460e+03 2.3220e-04
2.1470e+03 2.3078e-04
2.1480e+03 2.2940e-04
2.1490e+03 2.2800e-04
2.1500e+03 2.2659e-04
2.1510e+03 2.2519e-04
2.1520e+03 2.2380e-04
2.1530e+03 2.2241e-04
2.1540e+03 2.2103e-04
2.1550e+03 2.1966e-04
2.1560e+03 2.1828e-04
2.1570e+03 2.1692e-04
2.1580e+03 2.1557e-04
2.1590e+03 2.1420e-04
2.1600e+03 2.1286e-04
2.1610e+03 2.1152e-04
2.1620e+03 2.1018e-04
2.1630e+03 2.0884e-04
2.1640e+03 2.0752e-04
2.1650e+03 2.0621e-04
2.1660e+03 2.0491e-04
2.1670e+03 2.0359e-04
2.1680e+03 2.0230e-04
2.1690e+03 2.0103e-04
2.1700e+03 1.9976e-04
2.1710e+03 1.9849e-04
2.1720e+03 1.9723e-04
2.1730e+03 1.9598e-04
2.1740e+03 1.9475e-04
2.1750e+03 1.9351e-04
2.1760e+03 1.9228e-04
2.1770e+03 1.9109e-04
2.1780e+03 1.8989e-04
2.1790e+03 1.8870e-04
2.1800e+03 1.8751e-04
2.1810e+03 1.8633e-04
2.1820e+03 1.8517e-04
2.1830e+03 1.8401e-04
2.1840e+03 1.8287e-04
2.1850e+03 1.8174e-04
2.1860e+03 1.8062e-04
2.1870e+03 1.7952e-04
2.1880e+03 1.7841e-04
2.1890e+03 1.7733e-04
2.1900e+03 1.7627e-04
2.1910e+03 1.7519e-04
2.1920e+03 1.7414e-04
2.1930e+03 1.7311e-04
2.1940e+03 1.7208e-04
2.1950e+03 1.7106e-04
2.1960e+03 1.7006e-04
2.1970e+03 1.6907e-04
2.1980e+03 1.6808e-04
2.1990e+03 1.6710e-04
2.2000e+03 1.6616e-04
2.2010e+03 1.6521e-04
2.2020e+03 1.6427e-04
2.2030e+03 1.6336e-04
2.2040e+03 1.6245e-04
2.2050e+03 1.6157e-04
2.2060e+03 1.6067e-04
2.2070e+03 1.5980e-04
2.2080e+03 1.5895e-04
2.2090e+03 1.5811e-04
2.2100e+03 1.5728e-04
2.2110e+03 1.5647e-04
2.2120e+03 1.5566e-04
2.2130e+03 1.5486e-04
2.2140e+03 1.5408e-04
2.2150e+03 1.5330e-04
2.2160e+03 1.5255e-04
2.2170e+03 1.5181e-04
2.2180e+03 1.5107e-04
2.2190e+03 1.5036e-04
2.2200e+03 1.4966e-04
2.2210e+03 1.4895e-04
2.2220e+03 1.4828e-04
2.2230e+03 1.4761e-04
2.2240e+03 1.4695e-04
2.2250e+03 1.4629e-04
2.2260e+03 1.4566e-04
2.2270e+03 1.4504e-04
2.2280e+03 1.4443e-04
2.2290e+03 1.4384e-04
2.2300e+03 1.4325e-04
2.2310e+03 1.4268e-04
2.2320e+03 1.4211e-04
2.2330e+03 1.4156e-04
2.2340e+03 1.4103e-04
2.2350e+03 1.4051e-04
2.2360e+03 1.4001e-04
2.2370e+03 1.3950e-04
2.2380e+03 1.3901e-04
2.2390e+03 1.3853e-04
2.2400e+03 1.3805e-04
2.2410e+03 1.3757e-04
2.2420e+03 1.3714e-04
2.2430e+03 1.3673e-04
2.2440e+03 1.3631e-04
2.2450e+03 1.3589e-04
2.2460e+03 1.3548e-04
2.2470e+03 1.3510e-04
2.2480e+03 1.3470e-04
2.2490e+03 1.3434e-04
2.2500e+03 1.3398e-04
2.2510e+03 1.3363e-04
2.2520e+03 1.3327e-04
2.2530e+03 1.3294e-04
2.2540e+03 1.3263e-04
2.2550e+03 1.3231e-04
2.2560e+03 1.3201e-04
2.2570e+03 1.3171e-04
2.2580e+03 1.3143e-04
2.2590e+03 1.3116e-04
2.2600e+03 1.3089e-04
2.2610e+03 1.3063e-04
2.2620e+03 1.3038e-04
2.2630e+03 1.3014e-04
2.2640e+03 1.2990e-04
2.2650e+03 1.2965e-04
2.2660e+03 1.2944e-04
2.2670e+03 1.2923e-04
2.2680e+03 1.2903e-04
2.2690e+03 1.2883e-04
2.2700e+03 1.2863e-04
2.2710e+03 1.2846e-04
2.2720e+03 1.2829e-04
2.2730e+03 1.2811e-04
2.2740e+03 1.2795e-04
2.2750e+03 1.2779e-04
2.2760e+03 1.2765e-04
2.2770e+03 1.2752e-04
2.2780e+03 1.2737e-04
2.2790e+03 1.2723e-04
2.2800e+03 1.2711e-04
2.2810e+03 1.2699e-04
2.2820e+03 1.2687e-04
2.2830e+03 1.2675e-04
2.2840e+03 1.2665e-04
2.2850e+03 1.2654e-04
2.2860e+03 1.2642e-04
2.2870e+03 1.2631e-04
2.2880e+03 1.2623e-04
2.2890e+03 1.2615e-04
2.2900e+03 1.2606e-04
2.2910e+03 1.2600e-04
2.2920e+03 1.2595e-04
2.2930e+03 1.2586e-04
2.2940e+03 1.2580e-04
2.2950e+03 1.2574e-04
2.2960e+03 1.2567e-04
2.2970e+03 1.2562e-04
2.2980e+03 1.2557e-04
2.2990e+03 1.2550e-04
2.3000e+03 1.2547e-04
2.3010e+03 1.2539e-04
2.3020e+03 1.2534e-04
2.3030e+03 1.2531e-04
2.3040e+03 1.2526e-04
2.3050e+03 1.2522e-04
2.3060e+03 1.2517e-04
2.3070e+03 1.2510e-04
2.3080e+03 1.2507e-04
2.3090e+03 1.2504e-04
2.3100e+03 1.2501e-04
2.3110e+03 1.2497e-04
2.3120e+03 1.2493e-04
2.3130e+03 1.2488e-04
2.3140e+03 1.2484e-04
2.3150e+03 1.2481e-04
2.3160e+03 1.2476e-04
2.3170e+03 1.2472e-04
2.3180e+03 1.2468e-04
2.3190e+03 1.2465e-04
2.3200e+03 1.2460e-04
2.3210e+03 1.2457e-04
2.3220e+03 1.2452e-04
2.3230e+03 1.2446e-04
2.3240e+03 1.2442e-04
2.3250e+03 1.2438e-04
2.3260e+03 1.2433e-04
2.3270e+03 1.2428e-04
2.3280e+03 1.2425e-04
2.3290e+03 1.2419e-04
2.3300e+03 1.2414e-04
2.3310e+03 1.2407e-04
2.3320e+03 1.2401e-04
2.3330e+03 1.2395e-04
2.3340e+03 1.2387e-04
2.3350e+03 1.2380e-04
2.3360e+03 1.2372e-04
2.3370e+03 1.2365e-04
2.3380e+03 1.2357e-04
2.3390e+03 1.2349e-04
2.3400e+03 1.2339e-04
2.3410e+03 1.2333e-04
2.3420e+03 1.2323e-04
2.3430e+03 1.2314e-04
2.3440e+03 1.2304e-04
2.3450e+03 1.2295e-04
2.3460e+03 1.2284e-04
2.3470e+03 1.2275e-04
2.3480e+03 1.2263e-04
2.3490e+03 1.2254e-04
2.3500e+03 1.2240e-04
2.3510e+03 1.2228e-04
2.3520e+03 1.2215e-04
2.3530e+03 1.2202e-04
2.3540e+03 1.2190e-04
2.3550e+03 1.2176e-04
2.3560e+03 1.2161e-04
2.3570e+03 1.2146e-04
2.3580e+03 1.2131e-04
2.3590e+03 1.2116e-04
2.3600e+03 1.2100e-04
2.3610e+03 1.2084e-04
2.3620e+03 1.2067e-04
2.3630e+03 1.2050e-04
2.3640e+03 1.2032e-04
2.3650e+03 1.2015e-04
2.3660e+03 1.1996e-04
2.3670e+03 1.1977e-04
2.3680e+03 1.1958e-04
2.3690e+03 1.1937e-04
2.3700e+03 1.1917e-04
2.3710e+03 1.1897e-04
2.3720e+03 1.1876e-04
2.3730e+03 1.1854e-04
2.3740e+03 1.1833e-04
2.3750e+03 1.1809e-04
2.3760e+03 1.1786e-04
2.3770e+03 1.1762e-04
2.3780e+03 1.1738e-04
2.3790e+03 1.1714e-04
2.3800e+03 1.1690e-04
2.3810e+03 1.1664e-04
2.3820e+03 1.1639e-04
2.3830e+03 1.1613e-04
2.3840e+03 1.1587e-04
2.3850e+03 1.1559e-04
2.3860e+03 1.1532e-04
2.3870e+03 1.1503e-04
2.3880e+03 1.1475e-04
2.3890e+03 1.1446e-04
2.3900e+03 1.1417e-04
2.3910e+03 1.1387e-04
2.3920e+03 1.1357e-04
2.3930e+03 1.1327e-04
2.3940e+03 1.1295e-04
2.3950e+03 1.1264e-04
2.3960e+03 1.1232e-04
2.3970e+03 1.1200e-04
2.3980e+03 1.1167e-04
2.3990e+03 1.1135e-04
2.4000e+03 1.1102e-04
2.4010e+03 1.1068e-04
2.4020e+03 1.1035e-04
2.4030e+03 1.0999e-04
2.4040e+03 1.0964e-04
2.4050e+03 1.0929e-04
2.4060e+03 1.0894e-04
2.4070e+03 1.0858e-04
2.4080e+03 1.0822e-04
2.4090e+03 1.0785e-04
2.4100e+03 1.0749e-04
2.4110e+03 1.0712e-04
2.4120e+03 1.0673e-04
2.4130e+03 1.0636e-04
2.4140e+03 1.0597e-04
2.4150e+03 1.0559e-04
2.4160e+03 1.0521e-04
2.4170e+03 1.0482e-04
2.4180e+03 1.0443e-04
2.4190e+03 1.0403e-04
2.4200e+03 1.0364e-04
2.4210e+03 1.0323e-04
2.4220e+03 1.0284e-04
2.4230e+03 1.0243e-04
2.4240e+03 1.0202e-04
2.4250e+03 1.0162e-04
2.4260e+03 1.0120e-04
2.4270e+03 1.0078e-04
2.4280e+03 1.0038e-04
2.4290e+03 9.9956e-05
2.4300e+03 9.9541e-05
2.4310e+03 9.9113e-05
2.4320e+03 9.8700e-05
2.4330e+03 9.8265e-05
2.4340e+03 9.7847e-05
2.4350e+03 9.7420e-05
2.4360e+03 9.6995e-05
2.4370e+03 9.6571e-05
2.4380e+03 9.6140e-05
2.4390e+03 9.5709e-05
2.4400e+03 9.5286e-05
2.4410e+03 9.4850e-05
2.4420e+03 9.4421e-05
2.4430e+03 9.3985e-05
2.4440e+03 9.3551e-05
2.4450e+03 9.3116e-05
2.4460e+03 9.2683e-05
2.4470e+03 9.2251e-05
2.4480e+03 9.1812e-05
2.4490e+03 9.1381e-05
2.4500e+03 9.0942e-05
2.4510e+03 9.0505e-05
2.4520e+03 9.0062e-05
2.4530e+03 8.9634e-05
2.4540e+03 8.9199e-05
2.4550e+03 8.8766e-05
2.4560e+03 8.8333e-05
2.4570e+03 8.7901e-05
2.4580e+03 8.7461e-05
2.4590e+03 8.7039e-05
2.4600e+03 8.6609e-05
2.4610e+03 8.6173e-05
2.4620e+03 8.5753e-05
2.4630e+03 8.5325e-05
2.4640e+03 8.4899e-05
2.4650e+03 8.4482e-05
2.4660e+03 8.4057e-05
2.4670e+03 8.3633e-05
2.4680e+03 8.3209e-05
2.4690e+03 8.2787e-05
2.4700e+03 8.2366e-05
2.4710e+03 8.1953e-05
2.4720e+03 8.1541e-05
2.4730e+03 8.1129e-05
2.4740e+03 8.0719e-05
2.4750e+03 8.0309e-05
2.4760e+03 7.9908e-05
2.4770e+03 7.9500e-05
2.4780e+03 7.9100e-05
2.4790e+03 7.8694e-05
2.4800e+03 7.8304e-05
2.4810e+03 7.7899e-05
2.4820e+03 7.7510e-05
2.4830e+03 7.7114e-05
2.4840e+03 7.6725e-05
2.4850e+03 7.6342e-05
2.4860e+03 7.5961e-05
2.4870e+03 7.5580e-05
2.4880e+03 7.5205e-05
2.4890e+03 7.4829e-05
2.4900e+03 7.4458e-05
2.4910e+03 7.4090e-05
2.4920e+03 7.3722e-05
2.4930e+03 7.3359e-05
2.4940e+03 7.3001e-05
2.4950e+03 7.2644e-05
2.4960e+03 7.2290e-05
2.4970e+03 7.1940e-05
2.4980e+03 7.1592e-05
2.4990e+03 7.1250e-05
2.5000e+03 7.0908e-05
2.5010e+03 7.0571e-05
2.5020e+03 7.0237e-05
2.5030e+03 6.9906e-05
2.5040e+03 6.9579e-05
2.5050e+03 6.9256e-05
2.5060e+03 6.8936e-05
2.5070e+03 6.8618e-05
2.5080e+03 6.8306e-05
2.5090e+03 6.7997e-05
2.5100e+03 6.7691e-05
2.5110e+03 6.7390e-05
2.5120e+03 6.7090e-05
2.5130e+03 6.6796e-05
2.5140e+03 6.6505e-05
2.5150e+03 6.6216e-05
2.5160e+03 6.5934e-05
2.5170e+03 6.5653e-05
2.5180e+03 6.5377e-05
2.5190e+03 6.5105e-05
2.5200e+03 6.4835e-05
2.5210e+03 6.4570e-05
2.5220e+03 6.4309e-05
2.5230e+03 6.4052e-05
2.5240e+03 6.3797e-05
2.5250e+03 6.3548e-05
2.5260e+03 6.3302e-05
2.5270e+03 6.3058e-05
2.5280e+03 6.2819e-05
2.5290e+03 6.2585e-05
2.5300e+03 6.2355e-05
2.5310e+03 6.2127e-05
2.5320e+03 6.1904e-05
2.5330e+03 6.1685e-05
2.5340e+03 6.1469e-05
2.5350e+03 6.1257e-05
2.5360e+03 6.1048e-05
2.5370e+03 6.0843e-05
2.5380e+03 6.0642e-05
2.5390e+03 6.0445e-05
2.5400e+03 6.0251e-05
2.5410e+03 6.0060e-05
2.5420e+03 5.9872e-05
2.5430e+03 5.9689e-05
2.5440e+03 5.9510e-05
2.5450e+03 5.9334e-05
2.5460e+03 5.9162e-05
2.5470e+03 5.8993e-05
2.5480e+03 5.8827e-05
2.5490e+03 5.8665e-05
2.5500e+03 5.8507e-05
2.5510e+03 5.8351e-05
2.5520e+03 5.8199e-05
2.5530e+03 5.8052e-05
2.5540e+03 5.7906e-05
2.5550e+03 5.7764e-05
2.5560e+03 5.7625e-05
2.5570e+03 5.7490e-05
2.5580e+03 5.7357e-05
2.5590e+03 5.7227e-05
2.5600e+03 5.7102e-05
2.5610e+03 5.6978e-05
2.5620e+03 5.6858e-05
2.5630e+03 5.6741e-05
2.5640e+03 5.6626e-05
2.5650e+03 5.6515e-05
2.5660e+03 5.6405e-05
2.5670e+03 5.6300e-05
2.5680e+03 5.6197e-05
2.5690e+03 5.6097e-05
2.5700e+03 5.5999e-05
2.5710e+03 5.5904e-05
2.5720e+03 5.5811e-05
2.5730e+03 5.5721e-05
2.5740e+03 5.5633e-05
2.5750e+03 5.5549e-05
2.5760e+03 5.5466e-05
2.5770e+03 5.5385e-05
2.5780e+03 5.5306e-05
2.5790e+03 5.5230e-05
2.5800e+03 5.5156e-05
2.5810e+03 5.5085e-05
2.5820e+03 5.5014e-05
2.5830e+03 5.4946e-05
2.5840e+03 5.4880e-05
2.5850e+03 5.4816e-05
2.5860e+03 5.4754e-05
2.5870e+03 5.4694e-05
2.5880e+03 5.4636e-05
2.5890e+03 5.4579e-05
2.5900e+03 5.4523e-05
2.5910e+03 5.4469e-05
2.5920e+03 5.4417e-05
2.5930e+03 5.4365e-05
2.5940e+03 5.4316e-05
2.5950e+03 5.4268e-05
2.5960e+03 5.4221e-05
2.5970e+03 5.4176e-05
2.5980e+03 5.4131e-05
2.5990e+03 5.4087e-05
2.6000e+03 5.4045e-05
2.6010e+03 5.4004e-05
2.6020e+03 5.3963e-05
2.6030e+03 5.3925e-05
2.6040e+03 5.3887e-05
2.6050e+03 5.3849e-05
2.6060e+03 5.3812e-05
2.6070e+03 5.3775e-05
2.6080e+03 5.3740e-05
2.6090e+03 5.3704e-05
2.6100e+03 5.3670e-05
2.6110e+03 5.3636e-05
2.6120e+03 5.3602e-05
2.6130e+03 5.3568e-05
2.6140e+03 5.3536e-05
2.6150e+03 5.3502e-05
2.6160e+03 5.3471e-05
2.6170e+03 5.3438e-05
2.6180e+03 5.3407e-05
2.6190e+03 5.3374e-05
2.6200e+03 5.3342e-05
2.6210e+03 5.3310e-05
2.6220e+03 5.3278e-05
2.6230e+03 5.3246e-05
2.6240e+03 5.3214e-05
2.6250e+03 5.3180e-05
2.6260e+03 5.3148e-05
2.6270e+03 5.3115e-05
2.6280e+03 5.3081e-05
2.6290e+03 5.3047e-05
2.6300e+03 5.3013e-05
2.6310e+03 5.2978e-05
2.6320e+03 5.2942e-05
2.6330e+03 5.2906e-05
2.6340e+03 5.2869e-05
2.6350e+03 5.2832e-05
2.6360e+03 5.2794e-05
2.6370e+03 5.2755e-05
2.6380e+03 5.2715e-05
2.6390e+03 5.2675e-05
2.6400e+03 5.2634e-05
2.6410e+03 5.2591e-05
2.6420e+03 5.2549e-05
2.6430e+03 5.2504e-05
2.6440e+03 5.2459e-05
2.6450e+03 5.2414e-05
2.6460e+03 5.2366e-05
2.6470e+03 5.2317e-05
2.6480e+03 5.2269e-05
2.6490e+03 5.2218e-05
2.6500e+03 5.2166e-05
2.6510e+03 5.2113e-05
2.6520e+03 5.2059e-05
2.6530e+03 5.2003e-05
2.6540e+03 5.1946e-05
2.6550e+03 5.1889e-05
2.6560e+03 5.1828e-05
2.6570e+03 5.1767e-05
2.6580e+03 5.1705e-05
2.6590e+03 5.1642e-05
2.6600e+03 5.1577e-05
2.6610e+03 5.1509e-05
2.6620e+03 5.1441e-05
2.6630e+03 5.1371e-05
2.6640e+03 5.1300e-05
2.6650e+03 5.1227e-05
2.6660e+03 5.1152e-05
2.6670e+03 5.1076e-05
2.6680e+03 5.0999e-05
2.6690e+03 5.0919e-05
2.6700e+03 5.0839e-05
2.6710e+03 5.0756e-05
2.6720e+03 5.0672e-05
2.6730e+03 5.0587e-05
2.6740e+03 5.0499e-05
2.6750e+03 5.0410e-05
2.6760e+03 5.0320e-05
2.6770e+03 5.0227e-05
2.6780e+03 5.0132e-05
2.6790e+03 5.0036e-05
2.6800e+03 4.9939e-05
2.6810e+03 4.9839e-05
2.6820e+03 4.9739e-05
2.6830e+03 4.9636e-05
2.6840e+03 4.9532e-05
2.6850e+03 4.9425e-05
2.6860e+03 4.9318e-05
2.6870e+03 4.9209e-05
2.6880e+03 4.9097e-05
2.6890e+03 4.8985e-05
2.6900e+03 4.8870e-05
2.6910e+03 4.8753e-05
2.6920e+03 4.8636e-05
2.6930e+03 4.8516e-05
2.6940e+03 4.8395e-05
2.6950e+03 4.8271e-05
2.6960e+03 4.8147e-05
2.6970e+03 4.8020e-05
2.6980e+03 4.7892e-05
2.6990e+03 4.7762e-05
2.7000e+03 4.7630e-05
2.7010e+03 4.7498e-05
2.7020e+03 4.7363e-05
2.7030e+03 4.7227e-05
2.7040e+03 4.7089e-05
2.7050e+03 4.6950e-05
2.7060e+03 4.6809e-05
2.7070e+03 4.6666e-05
2.7080e+03 4.6523e-05
2.7090e+03 4.6376e-05
2.7100e+03 4.6230e-05
2.7110e+03 4.6082e-05
2.7120e+03 4.5931e-05
2.7130e+03 4.5781e-05
2.7140e+03 4.5628e-05
2.7150e+03 4.5474e-05
2.7160e+03 4.5319e-05
2.7170e+03 4.5162e-05
2.7180e+03 4.5004e-05
2.7190e+03 4.4844e-05
2.7200e+03 4.4684e-05
2.7210e+03 4.4522e-05
2.7220e+03 4.4359e-05
2.7230e+03 4.4194e-05
2.7240e+03 4.4029e-05
2.7250e+03 4.3863e-05
2.7260e+03 4.3694e-05
2.7270e+03 4.3526e-05
2.7280e+03 4.3355e-05
2.7290e+03 4.3184e-05
2.7300e+03 4.3013e-05
2.7310e+03 4.2840e-05
2.7320e+03 4.2666e-05
2.7330e+03 4.2491e-05
2.7340e+03 4.2316e-05
2.7350e+03 4.2139e-05
2.7360e+03 4.1962e-05
2.7370e+03 4.1783e-05
2.7380e+03 4.1604e-05
2.7390e+03 4.1424e-05
2.7400e+03 4.1244e-05
2.7410e+03 4.1062e-05
2.7420e+03 4.0880e-05
2.7430e+03 4.0698e-05
2.7440e+03 4.0516e-05
2.7450e+03 4.0331e-05
2.7460e+03 4.0147e-05
2.7470e+03 3.9963e-05
2.7480e+03 3.9777e-05
2.7490e+03 3.9592e-05
2.7500e+03 3.9406e-05
2.7510e+03 3.9219e-05
2.7520e+03 3.9032e-05
2.7530e+03 3.8846e-05
2.7540e+03 3.8658e-05
2.7550e+03 3.8471e-05
2.7560e+03 3.8282e-05
2.7570e+03 3.8095e-05
2.7580e+03 3.7907e-05
2.7590e+03 3.7719e-05
2.7600e+03 3.7531e-05
2.7610e+03 3.7342e-05
2.7620e+03 3.7154e-05
2.7630e+03 3.6966e-05
2.7640e+03 3.6777e-05
2.7650e+03 3.6589e-05
2.7660e+03 3.6400e-05
2.7670e+03 3.6212e-05
2.7680e+03 3.6024e-05
2.7690e+03 3.5836e-05
2.7700e+03 3.5649e-05
2.7710e+03 3.5462e-05
2.7720e+03 3.5274e-05
2.7730e+03 3.5088e-05
2.7740e+03 3.4901e-05
2.7750e+03 3.4716e-05
2.7760e+03 3.4530e-05
2.7770e+03 3.4344e-05
2.7780e+03 3.4160e-05
2.7790e+03 3.3974e-05
2.7800e+03 3.3792e-05
2.7810e+03 3.3608e-05
2.7820e+03 3.3426e-05
2.7830e+03 3.3245e-05
2.7840e+03 3.3063e-05
2.7850e+03 3.2883e-05
2.7860e+03 3.2703e-05
2.7870e+03 3.2524e-05
2.7880e+03 3.2345e-05
2.7890e+03 3.2167e-05
2.7900e+03 3.1991e-05
2.7910e+03 3.1813e-05
2.7920e+03 3.1639e-05
2.7930e+03 3.1464e-05
2.7940e+03 3.1290e-05
2.7950e+03 3.1117e-05
2.7960e+03 3.0946e-05
2.7970e+03 3.0774e-05
2.7980e+03 3.0605e-05
2.7990e+03 3.0437e-05
2.8000e+03 3.0268e-05
2.8010e+03 3.0101e-05
2.8020e+03 2.9935e-05
2.8030e+03 2.9771e-05
2.8040e+03 2.9608e-05
2.8050e+03 2.9446e-05
2.8060e+03 2.9284e-05
2.8070e+03 2.9124e-05
2.8080e+03 2.8965e-05
2.8090e+03 2.8808e-05
2.8100e+03 2.8651e-05
2.8110e+03 2.8497e-05
2.8120e+03 2.8342e-05
2.8130e+03 2.8190e-05
2.8140e+03 2.8038e-05
2.8150e+03 2.7887e-05
2.8160e+03 2.7738e-05
2.8170e+03 2.7591e-05
2.8180e+03 2.7445e-05
2.8190e+03 2.7300e-05
2.8200e+03 2.7156e-05
2.8210e+03 2.7014e-05
2.8220e+03 2.6873e-05
2.8230e+03 2.6735e-05
2.8240e+03 2.6596e-05
2.8250e+03 2.6459e-05
2.8260e+03 2.6325e-05
2.8270e+03 2.6190e-05
2.8280e+03 2.6057e-05
2.8290e+03 2.5927e-05
2.8300e+03 2.5797e-05
2.8310e+03 2.5668e-05
2.8320e+03 2.5542e-05
2.8330e+03 2.5417e-05
2.8340e+03 2.5293e-05
2.8350e+03 2.5171e-05
2.8360e+03 2.5049e-05
2.8370e+03 2.4930e-05
2.8380e+03 2.4813e-05
2.8390e+03 2.4696e-05
2.8400e+03 2.4582e-05
2.8410e+03 2.4468e-05
2.8420e+03 2.4356e-05
2.8430e+03 2.4245e-05
2.8440e+03 2.4137e-05
2.8450e+03 2.4029e-05
2.8460e+03 2.3923e-05
2.8470e+03 2.3818e-05
2.8480e+03 2.3716e-05
2.8490e+03 2.3614e-05
2.8500e+03 2.3515e-05
2.8510e+03 2.3416e-05
2.8520e+03 2.3318e-05
2.8530e+03 2.3223e-05
2.8540e+03 2.3130e-05
2.8550e+03 2.3036e-05
2.8560e+03 2.2945e-05
2.8570e+03 2.2856e-05
2.8580e+03 2.2767e-05
2.8590e+03 2.2680e-05
2.8600e+03 2.2594e-05
2.8610e+03 2.2510e-05
2.8620e+03 2.2428e-05
2.8630e+03 2.2346e-05
2.8640e+03 2.2267e-05
2.8650e+03 2.2188e-05
2.8660e+03 2.2111e-05
2.8670e+03 2.2035e-05
2.8680e+03 2.1960e-05
2.8690e+03 2.1887e-05
2.8700e+03 2.1816e-05
2.8710e+03 2.1745e-05
2.8720e+03 2.1676e-05
2.8730e+03 2.1608e-05
2.8740e+03 2.1542e-05
2.8750e+03 2.1476e-05
2.8760e+03 2.1413e-05
2.8770e+03 2.1349e-05
2.8780e+03 2.1287e-05
2.8790e+03 2.1228e-05
2.8800e+03 2.1168e-05
2.8810e+03 2.1110e-05
2.8820e+03 2.1054e-05
2.8830e+03 2.0998e-05
2.8840e+03 2.0944e-05
2.8850e+03 2.0890e-05
2.8860e+03 2.0838e-05
2.8870e+03 2.0786e-05
2.8880e+03 2.0737e-05
2.8890e+03 2.0688e-05
2.8900e+03 2.0639e-05
2.8910e+03 2.0592e-05
2.8920e+03 2.0546e-05
2.8930e+03 2.0501e-05
2.8940e+03 2.0457e-05
2.8950e+03 2.0415e-05
2.8960e+03 2.0372e-05
2.8970e+03 2.0331e-05
2.8980e+03 2.0291e-05
2.8990e+03 2.0251e-05
2.9000e+03 2.0213e-05
2.9010e+03 2.0175e-05
2.9020e+03 2.0139e-05
2.9030e+03 2.0102e-05
2.9040e+03 2.0067e-05
2.9050e+03 2.0032e-05
2.9060e+03 1.9999e-05
2.9070e+03 1.9966e-05
2.9080e+03 1.9934e-05
2.9090e+03 1.9902e-05
2.9100e+03 1.9872e-05
2.9110e+03 1.9842e-05
2.9120e+03 1.9813e-05
2.9130e+03 1.9783e-05
2.9140e+03 1.9755e-05
2.9150e+03 1.9727e-05
2.9160e+03 1.9701e-05
2.9170e+03 1.9674e-05
2.9180e+03 1.9647e-05
2.9190e+03 1.9622e-05
2.9200e+03 1.9596e-05
2.9210e+03 1.9572e-05
2.9220e+03 1.9548e-05
2.9230e+03 1.9524e-05
2.9240e+03 1.9501e-05
2.9250e+03 1.9478e-05
2.9260e+03 1.9456e-05
2.9270e+03 1.9433e-05
2.9280e+03 1.9412e-05
2.9290e+03 1.9391e-05
2.9300e+03 1.9370e-05
2.9310e+03 1.9349e-05
2.9320e+03 1.9329e-05
2.9330e+03 1.9308e-05
2.9340e+03 1.9288e-05
2.9350e+03 1.9268e-05
2.9360e+03 1.9249e-05
2.9370e+03 1.9229e-05
2.9380e+03 1.9209e-05
2.9390e+03 1.9191e-05
2.9400e+03 1.9172e-05
2.9410e+03 1.9153e-05
2.9420e+03 1.9134e-05
2.9430e+03 1.9115e-05
2.9440e+03 1.9097e-05
2.9450e+03 1.9078e-05
2.9460e+03 1.9060e-05
2.9470e+03 1.9041e-05
2.9480e+03 1.9023e-05
2.9490e+03 1.9004e-05
2.9500e+03 1.8986e-05
2.9510e+03 1.8967e-05
2.9520e+03 1.8948e-05
2.9530e+03 1.8930e-05
2.9540e+03 1.8911e-05
2.9550e+03 1.8892e-05
2.9560e+03 1.8873e-05
2.9570e+03 1.8854e-05
2.9580e+03 1.8834e-05
2.9590e+03 1.8814e-05
2.9600e+03 1.8795e-05
2.9610e+03 1.8775e-05
2.9620e+03 1.8755e-05
2.9630e+03 1.8735e-05
2.9640e+03 1.8715e-05
2.9650e+03 1.8694e-05
2.9660e+03 1.8673e-05
2.9670e+03 1.8651e-05
2.9680e+03 1.8630e-05
2.9690e+03 1.8607e-05
2.9700e+03 1.8585e-05
2.9710e+03 1.8564e-05
2.9720e+03 1.8541e-05
2.9730e+03 1.8518e-05
2.9740e+03 1.8495e-05
2.9750e+03 1.8472e-05
2.9760e+03 1.8448e-05
2.9770e+03 1.8424e-05
2.9780e+03 1.8399e-05
2.9790e+03 1.8374e-05
2.9800e+03 1.8349e-05
2.9810e+03 1.8323e-05
2.9820e+03 1.8297e-05
2.9830e+03 1.8270e-05
2.9840e+03 1.8243e-05
2.9850e+03 1.8216e-05
2.9860e+03 1.8188e-05
2.9870e+03 1.8160e-05
2.9880e+03 1.8132e-05
2.9890e+03 1.8103e-05
2.9900e+03 1.8074e-05
2.9910e+03 1.8044e-05
2.9920e+03 1.8014e-05
2.9930e+03 1.7983e-05
2.9940e+03 1.7951e-05
2.9950e+03 1.7920e-05
2.9960e+03 1.7888e-05
2.9970e+03 1.7856e-05
2.9980e+03 1.7822e-05
2.9990e+03 1.7789e-05
3.0000e+03 1.7755e-05
3.0010e+03 1.7720e-05
3.0020e+03 1.7686e-05
3.0030e+03 1.7650e-05
3.0040e+03 1.7614e-05
3.0050e+03 1.7578e-05
3.0060e+03 1.7541e-05
3.0070e+03 1.7504e-05
3.0080e+03 1.7467e-05
3.0090e+03 1.7429e-05
3.0100e+03 1.7390e-05
3.0110e+03 1.7351e-05
3.0120e+03 1.7312e-05
3.0130e+03 1.7271e-05
3.0140e+03 1.7231e-05
3.0150e+03 1.7190e-05
3.0160e+03 1.7149e-05
3.0170e+03 1.7107e-05
3.0180e+03 1.7065e-05
3.0190e+03 1.7022e-05
3.0200e+03 1.6979e-05
3.0210e+03 1.6935e-05
3.0220e+03 1.6890e-05
3.0230e+03 1.6845e-05
3.0240e+03 1.6800e-05
3.0250e+03 1.6755e-05
3.0260e+03 1.6711e-05
3.0270e+03 1.6664e-05
3.0280e+03 1.6617e-05
3.0290e+03 1.6570e-05
3.0300e+03 1.6523e-05
3.0310e+03 1.6475e-05
3.0320e+03 1.6427e-05
3.0330e+03 1.6378e-05
3.0340e+03 1.6329e-05
3.0350e+03 1.6280e-05
3.0360e+03 1.6231e-05
3.0370e+03 1.6181e-05
3.0380e+03 1.6130e-05
3.0390e+03 1.6080e-05
3.0400e+03 1.6028e-05
3.0410e+03 1.5977e-05
3.0420e+03 1.5926e-05
3.0430e+03 1.5873e-05
3.0440e+03 1.5820e-05
3.0450e+03 1.5768e-05
3.0460e+03 1.5714e-05
3.0470e+03 1.5661e-05
3.0480e+03 1.5608e-05
3.0490e+03 1.5554e-05
3.0500e+03 1.5500e-05
3.0510e+03 1.5445e-05
3.0520e+03 1.5391e-05
3.0530e+03 1.5336e-05
3.0540e+03 1.5281e-05
3.0550e+03 1.5226e-05
3.0560e+03 1.5170e-05
3.0570e+03 1.5114e-05
3.0580e+03 1.5058e-05
3.0590e+03 1.5002e-05
3.0600e+03 1.4946e-05
3.0610e+03 1.4889e-05
3.0620e+03 1.4834e-05
3.0630e+03 1.4777e-05
3.0640e+03 1.4719e-05
3.0650e+03 1.4663e-05
3.0660e+03 1.4605e-05
3.0670e+03 1.4548e-05
3.0680e+03 1.4491e-05
3.0690e+03 1.4433e-05
3.0700e+03 1.4375e-05
3.0710e+03 1.4317e-05
3.0720e+03 1.4260e-05
3.0730e+03 1.4202e-05
3.0740e+03 1.4144e-05
3.0750e+03 1.4086e-05
3.0760e+03 1.4029e-05
3.0770e+03 1.3970e-05
3.0780e+03 1.3913e-05
3.0790e+03 1.3855e-05
3.0800e+03 1.3797e-05
3.0810e+03 1.3739e-05
3.0820e+03 1.3682e-05
3.0830e+03 1.3623e-05
3.0840e+03 1.3566e-05
3.0850e+03 1.3508e-05
3.0860e+03 1.3450e-05
3.0870e+03 1.3393e-05
3.0880e+03 1.3335e-05
3.0890e+03 1.3278e-05
3.0900e+03 1.3221e-05
3.0910e+03 1.3163e-05
3.0920e+03 1.3106e-05
3.0930e+03 1.3049e-05
3.0940e+03 1.2992e-05
3.0950e+03 1.2935e-05
3.0960e+03 1.2879e-05
3.0970e+03 1.2823e-05
3.0980e+03 1.2766e-05
3.0990e+03 1.2710e-05
3.1000e+03 1.2654e-05
3.1010e+03 1.2599e-05
3.1020e+03 1.2544e-05
3.1030e+03 1.2488e-05
3.1040e+03 1.2433e-05
3.1050e+03 1.2379e-05
3.1060e+03 1.2324e-05
3.1070e+03 1.2270e-05
3.1080e+03 1.2216e-05
3.1090e+03 1.2162e-05
3.1100e+03 1.2108e-05
3.1110e+03 1.2055e-05
3.1120e+03 1.2002e-05
3.1130e+03 1.1949e-05
3.1140e+03 1.1896e-05
3.1150e+03 1.1844e-05
3.1160e+03 1.1793e-05
3.1170e+03 1.1741e-05
3.1180e+03 1.1690e-05
3.1190e+03 1.1639e-05
3.1200e+03 1.1588e-05
3.1210e+03 1.1538e-05
3.1220e+03 1.1490e-05
3.1230e+03 1.1440e-05
3.1240e+03 1.1391e-05
3.1250e+03 1.1341e-05
3.1260e+03 1.1292e-05
3.1270e+03 1.1244e-05
3.1280e+03 1.1196e-05
3.1290e+03 1.1149e-05
3.1300e+03 1.1102e-05
3.1310e+03 1.1055e-05
3.1320e+03 1.1008e-05
3.1330e+03 1.0962e-05
3.1340e+03 1.0917e-05
3.1350e+03 1.0872e-05
3.1360e+03 1.0827e-05
3.1370e+03 1.0783e-05
3.1380e+03 1.0739e-05
3.1390e+03 1.0696e-05
3.1400e+03 1.0653e-05
3.1410e+03 1.0609e-05
3.1420e+03 1.0568e-05
3.1430e+03 1.0526e-05
3.1440e+03 1.0485e-05
3.1450e+03 1.0444e-05
3.1460e+03 1.0403e-05
3.1470e+03 1.0363e-05
3.1480e+03 1.0324e-05
3.1490e+03 1.0284e-05
3.1500e+03 1.0246e-05
3.1510e+03 1.0207e-05
3.1520e+03 1.0170e-05
3.1530e+03 1.0132e-05
3.1540e+03 1.0095e-05
3.1550e+03 1.0058e-05
3.1560e+03 1.0022e-05
3.1570e+03 9.9865e-06
3.1580e+03 9.9512e-06
3.1590e+03 9.9159e-06
3.1600e+03 9.8814e-06
3.1610e+03 9.8481e-06
3.1620e+03 9.8142e-06
3.1630e+03 9.7810e-06
3.1640e+03 9.7479e-06
3.1650e+03 9.7154e-06
3.1660e+03 9.6835e-06
3.1670e+03 9.6524e-06
3.1680e+03 9.6219e-06
3.1690e+03 9.5914e-06
3.1700e+03 9.5610e-06
3.1710e+03 9.5306e-06
3.1720e+03 9.5027e-06
3.1730e+03 9.4730e-06
3.1740e+03 9.4452e-06
3.1750e+03 9.4175e-06
3.1760e+03 9.3898e-06
3.1770e+03 9.3627e-06
3.1780e+03 9.3357e-06
3.1790e+03 9.3087e-06
3.1800e+03 9.2823e-06
3.1810e+03 9.2566e-06
3.1820e+03 9.2316e-06
3.1830e+03 9.2072e-06
3.1840e+03 9.1822e-06
3.1850e+03 9.1578e-06
3.1860e+03 9.1341e-06
3.1870e+03 9.1111e-06
3.1880e+03 9.0875e-06
3.1890e+03 9.0651e-06
3.1900e+03 9.0427e-06
3.1910e+03 9.0204e-06
3.1920e+03 8.9987e-06
3.1930e+03 8.9771e-06
3.1940e+03 8.9567e-06
3.1950e+03 8.9363e-06
3.1960e+03 8.9160e-06
3.1970e+03 8.8956e-06
3.1980e+03 8.8760e-06
3.1990e+03 8.8569e-06
3.2000e+03 8.8379e-06
