2.0000e+00 3.6133e-01
3.0000e+00 3.6134e-01
4.0000e+00 3.6136e-01
5.0000e+00 3.6137e-01
6.0000e+00 3.6139e-01
7.0000e+00 3.6141e-01
8.0000e+00 3.6144e-01
9.0000e+00 3.6147e-01
1.0000e+01 3.6150e-01
1.1000e+01 3.6153e-01
1.2000e+01 3.6157e-01
1.3000e+01 3.6161e-01
1.4000e+01 3.6166e-01
1.5000e+01 3.6171e-01
1.6000e+01 3.6176e-01
1.7000e+01 3.6181e-01
1.8000e+01 3.6187e-01
1.9000e+01 3.6193e-01
2.0000e+01 3.6199e-01
2.1000e+01 3.6206e-01
2.2000e+01 3.6213e-01
2.3000e+01 3.6220e-01
2.4000e+01 3.6228e-01
2.5000e+01 3.6236e-01
2.6000e+01 3.6244e-01
2.7000e+01 3.6253e-01
2.8000e+01 3.6262e-01
2.9000e+01 3.6271e-01
3.0000e+01 3.6281e-01
3.1000e+01 3.6291e-01
3.2000e+01 3.6301e-01
3.3000e+01 3.6312e-01
3.4000e+01 3.6322e-01
3.5000e+01 3.6334e-01
3.6000e+01 3.6345e-01
3.7000e+01 3.6357e-01
3.8000e+01 3.6369e-01
3.9000e+01 3.6382e-01
4.0000e+01 3.6395e-01
4.1000e+01 3.6408e-01
4.2000e+01 3.6421e-01
4.3000e+01 3.6435e-01
4.4000e+01 3.6449e-01
4.5000e+01 3.6464e-01
4.6000e+01 3.6478e-01
4.7000e+01 3.6494e-01
4.8000e+01 3.6509e-01
4.9000e+01 3.6525e-01
5.0000e+01 3.6541e-01
5.1000e+01 3.6557e-01
5.2000e+01 3.6574e-01
5.3000e+01 3.6591e-01
5.4000e+01 3.6609e-01
5.5000e+01 3.6626e-01
5.6000e+01 3.6645e-01
5.7000e+01 3.6663e-01
5.8000e+01 3.6682e-01
5.9000e+01 3.6701e-01
6.0000e+01 3.6720e-01
6.1000e+01 3.6740e-01
6.2000e+01 3.6760e-01
6.3000e+01 3.6781e-01
6.4000e+01 3.6801e-01
6.5000e+01 3.6822e-01
6.6000e+01 3.6844e-01
6.7000e+01 3.6866e-01
6.8000e+01 3.6888e-01
6.9000e+01 3.6910e-01
7.0000e+01 3.6933e-01
7.1000e+01 3.6956e-01
7.2000e+01 3.6980e-01
7.3000e+01 3.7003e-01
7.4000e+01 3.7028e-01
7.5000e+01 3.7052e-01
7.6000e+01 3.7077e-01
7.7000e+01 3.7102e-01
7.8000e+01 3.7128e-01
7.9000e+01 3.7154e-01
8.0000e+01 3.7180e-01
8.1000e+01 3.7206e-01
8.2000e+01 3.7233e-01
8.3000e+01 3.7261e-01
8.4000e+01 3.7288e-01
8.5000e+01 3.7316e-01
8.6000e+01 3.7344e-01
8.7000e+01 3.7373e-01
8.8000e+01 3.7402e-01
8.9000e+01 3.7431e-01
9.0000e+01 3.7461e-01
9.1000e+01 3.7491e-01
9.2000e+01 3.7522e-01
9.3000e+01 3.7552e-01
9.4000e+01 3.7584e-01
9.5000e+01 3.7615e-01
9.6000e+01 3.7647e-01
9.7000e+01 3.7679e-01
9.8000e+01 3.7712e-01
9.9000e+01 3.7745e-01
1.0000e+02 3.7778e-01
1.0100e+02 3.7812e-01
1.0200e+02 3.7846e-01
1.0300e+02 3.7880e-01
1.0400e+02 3.7915e-01
1.0500e+02 3.7950e-01
1.0600e+02 3.7986e-01
1.0700e+02 3.8021e-01
1.0800e+02 3.8058e-01
1.0900e+02 3.8094e-01
1.1000e+02 3.8131e-01
1.1100e+02 3.8169e-01
1.1200e+02 3.8206e-01
1.1300e+02 3.8244e-01
1.1400e+02 3.8283e-01
1.1500e+02 3.8322e-01
1.1600e+02 3.8361e-01
1.1700e+02 3.8401e-01
1.1800e+02 3.8441e-01
1.1900e+02 3.8481e-01
1.2000e+02 3.8522e-01
1.2100e+02 3.8563e-01
1.2200e+02 3.8604e-01
1.2300e+02 3.8646e-01
1.2400e+02 3.8688e-01
1.2500e+02 3.8731e-01
1.2600e+02 3.8774e-01
1.2700e+02 3.8818e-01
1.2800e+02 3.8862e-01
1.2900e+02 3.8906e-01
1.3000e+02 3.8950e-01
1.3100e+02 3.8995e-01
1.3200e+02 3.9041e-01
1.3300e+02 3.9087e-01
1.3400e+02 3.9133e-01
1.3500e+02 3.9180e-01
1.3600e+02 3.9227e-01
1.3700e+02 3.9274e-01
1.3800e+02 3.9322e-01
1.3900e+02 3.9370e-01
1.4000e+02 3.9419e-01
1.4100e+02 3.9468e-01
1.4200e+02 3.9517e-01
1.4300e+02 3.9567e-01
1.4400e+02 3.9617e-01
1.4500e+02 3.9668e-01
1.4600e+02 3.9719e-01
1.4700e+02 3.9771e-01
1.4800e+02 3.9823e-01
1.4900e+02 3.9875e-01
1.5000e+02 3.9928e-01
1.5100e+02 3.9981e-01
1.5200e+02 4.0035e-01
1.5300e+02 4.0089e-01
1.5400e+02 4.0143e-01
1.5500e+02 4.0198e-01
1.5600e+02 4.0253e-01
1.5700e+02 4.0309e-01
1.5800e+02 4.0365e-01
1.5900e+02 4.0422e-01
1.6000e+02 4.0479e-01
1.6100e+02 4.0537e-01
1.6200e+02 4.0595e-01
1.6300e+02 4.0653e-01
1.6400e+02 4.0712e-01
1.6500e+02 4.0771e-01
1.6600e+02 4.0831e-01
1.6700e+02 4.0891e-01
1.6800e+02 4.0952e-01
1.6900e+02 4.1013e-01
1.7000e+02 4.1074e-01
1.7100e+02 4.1136e-01
1.7200e+02 4.1199e-01
1.7300e+02 4.1262e-01
1.7400e+02 4.1325e-01
1.7500e+02 4.1389e-01
1.7600e+02 4.1453e-01
1.7700e+02 4.1518e-01
1.7800e+02 4.1583e-01
1.7900e+02 4.1649e-01
1.8000e+02 4.1715e-01
1.8100e+02 4.1782e-01
1.8200e+02 4.1849e-01
1.8300e+02 4.1917e-01
1.8400e+02 4.1985e-01
1.8500e+02 4.2053e-01
1.8600e+02 4.2122e-01
1.8700e+02 4.2192e-01
1.8800e+02 4.2262e-01
1.8900e+02 4.2332e-01
1.9000e+02 4.2403e-01
1.9100e+02 4.2475e-01
1.9200e+02 4.2547e-01
1.9300e+02 4.2619e-01
1.9400e+02 4.2692e-01
1.9500e+02 4.2766e-01
1.9600e+02 4.2840e-01
1.9700e+02 4.2914e-01
1.9800e+02 4.2989e-01
1.9900e+02 4.3065e-01
2.0000e+02 4.3141e-01
2.0100e+02 4.3217e-01
2.0200e+02 4.3294e-01
2.0300e+02 4.3372e-01
2.0400e+02 4.3450e-01
2.0500e+02 4.3529e-01
2.0600e+02 4.3608e-01
2.0700e+02 4.3688e-01
2.0800e+02 4.3768e-01
2.0900e+02 4.3849e-01
2.1000e+02 4.3930e-01
2.1100e+02 4.4012e-01
2.1200e+02 4.4094e-01
2.1300e+02 4.4177e-01
2.1400e+02 4.4260e-01
2.1500e+02 4.4344e-01
2.1600e+02 4.4429e-01
2.1700e+02 4.4514e-01
2.1800e+02 4.4600e-01
2.1900e+02 4.4686e-01
2.2000e+02 4.4773e-01
2.2100e+02 4.4860e-01
2.2200e+02 4.4948e-01
2.2300e+02 4.5037e-01
2.2400e+02 4.5126e-01
2.2500e+02 4.5215e-01
2.2600e+02 4.5305e-01
2.2700e+02 4.5396e-01
2.2800e+02 4.5488e-01
2.2900e+02 4.5580e-01
2.3000e+02 4.5672e-01
2.3100e+02 4.5765e-01
2.3200e+02 4.5859e-01
2.3300e+02 4.5953e-01
2.3400e+02 4.6048e-01
2.3500e+02 4.6144e-01
2.3600e+02 4.6240e-01
2.3700e+02 4.6337e-01
2.3800e+02 4.6434e-01
2.3900e+02 4.6532e-01
2.4000e+02 4.6631e-01
2.4100e+02 4.6730e-01
2.4200e+02 4.6830e-01
2.4300e+02 4.6930e-01
2.4400e+02 4.7031e-01
2.4500e+02 4.7133e-01
2.4600e+02 4.7235e-01
2.4700e+02 4.7339e-01
2.4800e+02 4.7442e-01
2.4900e+02 4.7546e-01
2.5000e+02 4.7651e-01
2.5100e+02 4.7757e-01
2.5200e+02 4.7863e-01
2.5300e+02 4.7970e-01
2.5400e+02 4.8078e-01
2.5500e+02 4.8186e-01
2.5600e+02 4.8295e-01
2.5700e+02 4.8405e-01
2.5800e+02 4.8515e-01
2.5900e+02 4.8626e-01
2.6000e+02 4.8737e-01
2.6100e+02 4.8850e-01
2.6200e+02 4.8963e-01
2.6300e+02 4.9076e-01
2.6400e+02 4.9191e-01
2.6500e+02 4.9306e-01
2.6600e+02 4.9422e-01
2.6700e+02 4.9538e-01
2.6800e+02 4.9656e-01
2.6900e+02 4.9774e-01
2.7000e+02 4.9892e-01
2.7100e+02 5.0012e-01
2.7200e+02 5.0132e-01
2.7300e+02 5.0253e-01
2.7400e+02 5.0374e-01
2.7500e+02 5.0496e-01
2.7600e+02 5.0620e-01
2.7700e+02 5.0743e-01
2.7800e+02 5.0868e-01
2.7900e+02 5.0993e-01
2.8000e+02 5.1119e-01
2.8100e+02 5.1246e-01
2.8200e+02 5.1374e-01
2.8300e+02 5.1502e-01
2.8400e+02 5.1631e-01
2.8500e+02 5.1761e-01
2.8600e+02 5.1892e-01
2.8700e+02 5.2024e-01
2.8800e+02 5.2156e-01
2.8900e+02 5.2289e-01
2.9000e+02 5.2423e-01
2.9100e+02 5.2558e-01
2.9200e+02 5.2693e-01
2.9300e+02 5.2830e-01
2.9400e+02 5.2967e-01
2.9500e+02 5.3105e-01
2.9600e+02 5.3244e-01
2.9700e+02 5.3383e-01
2.9800e+02 5.3524e-01
2.9900e+02 5.3665e-01
3.0000e+02 5.3807e-01
3.0100e+02 5.3950e-01
3.0200e+02 5.4094e-01
3.0300e+02 5.4239e-01
3.0400e+02 5.4384e-01
3.0500e+02 5.4531e-01
3.0600e+02 5.4678e-01
3.0700e+02 5.4827e-01
3.0800e+02 5.4976e-01
3.0900e+02 5.5126e-01
3.1000e+02 5.5277e-01
3.1100e+02 5.5429e-01
3.1200e+02 5.5581e-01
3.1300e+02 5.5735e-01
3.1400e+02 5.5890e-01
3.1500e+02 5.6045e-01
3.1600e+02 5.6201e-01
3.1700e+02 5.6359e-01
3.1800e+02 5.6517e-01
3.1900e+02 5.6676e-01
3.2000e+02 5.6836e-01
3.2100e+02 5.6998e-01
3.2200e+02 5.7160e-01
3.2300e+02 5.7323e-01
3.2400e+02 5.7487e-01
3.2500e+02 5.7652e-01
3.2600e+02 5.7818e-01
3.2700e+02 5.7985e-01
3.2800e+02 5.8153e-01
3.2900e+02 5.8322e-01
3.3000e+02 5.8492e-01
3.3100e+02 5.8663e-01
3.3200e+02 5.8835e-01
3.3300e+02 5.9008e-01
3.3400e+02 5.9182e-01
3.3500e+02 5.9357e-01
3.3600e+02 5.9533e-01
3.3700e+02 5.9711e-01
3.3800e+02 5.9889e-01
3.3900e+02 6.0068e-01
3.4000e+02 6.0249e-01
3.4100e+02 6.0430e-01
3.4200e+02 6.0613e-01
3.4300e+02 6.0796e-01
3.4400e+02 6.0981e-01
3.4500e+02 6.1167e-01
3.4600e+02 6.1354e-01
3.4700e+02 6.1542e-01
3.4800e+02 6.1731e-01
3.4900e+02 6.1921e-01
3.5000e+02 6.2113e-01
3.5100e+02 6.2305e-01
3.5200e+02 6.2499e-01
3.5300e+02 6.2694e-01
3.5400e+02 6.2890e-01
3.5500e+02 6.3087e-01
3.5600e+02 6.3286e-01
3.5700e+02 6.3485e-01
3.5800e+02 6.3686e-01
3.5900e+02 6.3888e-01
3.6000e+02 6.4091e-01
3.6100e+02 6.4296e-01
3.6200e+02 6.4501e-01
3.6300e+02 6.4708e-01
3.6400e+02 6.4916e-01
3.6500e+02 6.5125e-01
3.6600e+02 6.5336e-01
3.6700e+02 6.5548e-01
3.6800e+02 6.5761e-01
3.6900e+02 6.5975e-01
3.7000e+02 6.6191e-01
3.7100e+02 6.6408e-01
3.7200e+02 6.6626e-01
3.7300e+02 6.6846e-01
3.7400e+02 6.7066e-01
3.7500e+02 6.7289e-01
3.7600e+02 6.7512e-01
3.7700e+02 6.7737e-01
3.7800e+02 6.7963e-01
3.7900e+02 6.8191e-01
3.8000e+02 6.8420e-01
3.8100e+02 6.8650e-01
3.8200e+02 6.8882e-01
3.8300e+02 6.9115e-01
3.8400e+02 6.9349e-01
3.8500e+02 6.9585e-01
3.8600e+02 6.9822e-01
3.8700e+02 7.0061e-01
3.8800e+02 7.0301e-01
3.8900e+02 7.0543e-01
3.9000e+02 7.0786e-01
3.9100e+02 7.1031e-01
3.9200e+02 7.1277e-01
3.9300e+02 7.1524e-01
3.9400e+02 7.1773e-01
3.9500e+02 7.2024e-01
3.9600e+02 7.2276e-01
3.9700e+02 7.2529e-01
3.9800e+02 7.2784e-01
3.9900e+02 7.3041e-01
4.0000e+02 7.3299e-01
4.0100e+02 7.3559e-01
4.0200e+02 7.3820e-01
4.0300e+02 7.4083e-01
4.0400e+02 7.4347e-01
4.0500e+02 7.4613e-01
4.0600e+02 7.4881e-01
4.0700e+02 7.5150e-01
4.0800e+02 7.5421e-01
4.0900e+02 7.5694e-01
4.1000e+02 7.5968e-01
4.1100e+02 7.6244e-01
4.1200e+02 7.6521e-01
4.1300e+02 7.6801e-01
4.1400e+02 7.7081e-01
4.1500e+02 7.7364e-01
4.1600e+02 7.7648e-01
4.1700e+02 7.7935e-01
4.1800e+02 7.8222e-01
4.1900e+02 7.8512e-01
4.2000e+02 7.8803e-01
4.2100e+02 7.9097e-01
4.2200e+02 7.9392e-01
4.2300e+02 7.9688e-01
4.2400e+02 7.9987e-01
4.2500e+02 8.0287e-01
4.2600e+02 8.0589e-01
4.2700e+02 8.0894e-01
4.2800e+02 8.1200e-01
4.2900e+02 8.1507e-01
4.3000e+02 8.1817e-01
4.3100e+02 8.2129e-01
4.3200e+02 8.2442e-01
4.3300e+02 8.2758e-01
4.3400e+02 8.3075e-01
4.3500e+02 8.3394e-01
4.3600e+02 8.3716e-01
4.3700e+02 8.4039e-01
4.3800e+02 8.4364e-01
4.3900e+02 8.4692e-01
4.4000e+02 8.5021e-01
4.4100e+02 8.5352e-01
4.4200e+02 8.5686e-01
4.4300e+02 8.6021e-01
4.4400e+02 8.6359e-01
4.4500e+02 8.6698e-01
4.4600e+02 8.7040e-01
4.4700e+02 8.7384e-01
4.4800e+02 8.7730e-01
4.4900e+02 8.8078e-01
4.5000e+02 8.8428e-01
4.5100e+02 8.8780e-01
4.5200e+02 8.9135e-01
4.5300e+02 8.9492e-01
4.5400e+02 8.9851e-01
4.5500e+02 9.0212e-01
4.5600e+02 9.0576e-01
4.5700e+02 9.0942e-01
4.5800e+02 9.1310e-01
4.5900e+02 9.1680e-01
4.6000e+02 9.2053e-01
4.6100e+02 9.2428e-01
4.6200e+02 9.2805e-01
4.6300e+02 9.3185e-01
4.6400e+02 9.3567e-01
4.6500e+02 9.3952e-01
4.6600e+02 9.4339e-01
4.6700e+02 9.4728e-01
4.6800e+02 9.5120e-01
4.6900e+02 9.5514e-01
4.7000e+02 9.5911e-01
4.7100e+02 9.6310e-01
4.7200e+02 9.6712e-01
4.7300e+02 9.7116e-01
4.7400e+02 9.7523e-01
4.7500e+02 9.7933e-01
4.7600e+02 9.8345e-01
4.7700e+02 9.8759e-01
4.7800e+02 9.9176e-01
4.7900e+02 9.9596e-01
4.8000e+02 1.0002e+00
4.8100e+02 1.0044e+00
4.8200e+02 1.0087e+00
4.8300e+02 1.0130e+00
4.8400e+02 1.0174e+00
4.8500e+02 1.0217e+00
4.8600e+02 1.0261e+00
4.8700e+02 1.0305e+00
4.8800e+02 1.0350e+00
4.8900e+02 1.0394e+00
4.9000e+02 1.0439e+00
4.9100e+02 1.0485e+00
4.9200e+02 1.0530e+00
4.9300e+02 1.0576e+00
4.9400e+02 1.0622e+00
4.9500e+02 1.0669e+00
4.9600e+02 1.0716e+00
4.9700e+02 1.0763e+00
4.9800e+02 1.0810e+00
4.9900e+02 1.0858e+00
5.0000e+02 1.0906e+00
5.0100e+02 1.0954e+00
5.0200e+02 1.1003e+00
5.0300e+02 1.1052e+00
5.0400e+02 1.1101e+00
5.0500e+02 1.1150e+00
5.0600e+02 1.1200e+00
5.0700e+02 1.1251e+00
5.0800e+02 1.1301e+00
5.0900e+02 1.1352e+00
5.1000e+02 1.1403e+00
5.1100e+02 1.1455e+00
5.1200e+02 1.1506e+00
5.1300e+02 1.1559e+00
5.1400e+02 1.1611e+00
5.1500e+02 1.1664e+00
5.1600e+02 1.1717e+00
5.1700e+02 1.1771e+00
5.1800e+02 1.1825e+00
5.1900e+02 1.1879e+00
5.2000e+02 1.1933e+00
5.2100e+02 1.1988e+00
5.2200e+02 1.2044e+00
5.2300e+02 1.2099e+00
5.2400e+02 1.2156e+00
5.2500e+02 1.2212e+00
5.2600e+02 1.2269e+00
5.2700e+02 1.2326e+00
5.2800e+02 1.2383e+00
5.2900e+02 1.2441e+00
5.3000e+02 1.2500e+00
5.3100e+02 1.2558e+00
5.3200e+02 1.2617e+00
5.3300e+02 1.2677e+00
5.3400e+02 1.2737e+00
5.3500e+02 1.2797e+00
5.3600e+02 1.2858e+00
5.3700e+02 1.2919e+00
5.3800e+02 1.2980e+00
5.3900e+02 1.3042e+00
5.4000e+02 1.3104e+00
5.4100e+02 1.3167e+00
5.4200e+02 1.3230e+00
5.4300e+02 1.3293e+00
5.4400e+02 1.3357e+00
5.4500e+02 1.3422e+00
5.4600e+02 1.3487e+00
5.4700e+02 1.3552e+00
5.4800e+02 1.3617e+00
5.4900e+02 1.3683e+00
5.5000e+02 1.3750e+00
5.5100e+02 1.3817e+00
5.5200e+02 1.3884e+00
5.5300e+02 1.3952e+00
5.5400e+02 1.4021e+00
5.5500e+02 1.4089e+00
5.5600e+02 1.4159e+00
5.5700e+02 1.4228e+00
5.5800e+02 1.4299e+00
5.5900e+02 1.4369e+00
5.6000e+02 1.4440e+00
5.6100e+02 1.4512e+00
5.6200e+02 1.4584e+00
5.6300e+02 1.4657e+00
5.6400e+02 1.4730e+00
5.6500e+02 1.4803e+00
5.6600e+02 1.4878e+00
5.6700e+02 1.4952e+00
5.6800e+02 1.5027e+00
5.6900e+02 1.5103e+00
5.7000e+02 1.5179e+00
5.7100e+02 1.5256e+00
5.7200e+02 1.5333e+00
5.7300e+02 1.5410e+00
5.7400e+02 1.5489e+00
5.7500e+02 1.5567e+00
5.7600e+02 1.5647e+00
5.7700e+02 1.5727e+00
5.7800e+02 1.5807e+00
5.7900e+02 1.5888e+00
5.8000e+02 1.5969e+00
5.8100e+02 1.6051e+00
5.8200e+02 1.6134e+00
5.8300e+02 1.6217e+00
5.8400e+02 1.6301e+00
5.8500e+02 1.6385e+00
5.8600e+02 1.6470e+00
5.8700e+02 1.6556e+00
5.8800e+02 1.6642e+00
5.8900e+02 1.6728e+00
5.9000e+02 1.6816e+00
5.9100e+02 1.6904e+00
5.9200e+02 1.6992e+00
5.9300e+02 1.7081e+00
5.9400e+02 1.7171e+00
5.9500e+02 1.7261e+00
5.9600e+02 1.7352e+00
5.9700e+02 1.7444e+00
5.9800e+02 1.7536e+00
5.9900e+02 1.7629e+00
6.0000e+02 1.7722e+00
6.0100e+02 1.7817e+00
6.0200e+02 1.7912e+00
6.0300e+02 1.8007e+00
6.0400e+02 1.8103e+00
6.0500e+02 1.8200e+00
6.0600e+02 1.8298e+00
6.0700e+02 1.8396e+00
6.0800e+02 1.8495e+00
6.0900e+02 1.8594e+00
6.1000e+02 1.8695e+00
6.1100e+02 1.8796e+00
6.1200e+02 1.8897e+00
6.1300e+02 1.9000e+00
6.1400e+02 1.9103e+00
6.1500e+02 1.9207e+00
6.1600e+02 1.9312e+00
6.1700e+02 1.9417e+00
6.1800e+02 1.9523e+00
6.1900e+02 1.9630e+00
6.2000e+02 1.9738e+00
6.2100e+02 1.9846e+00
6.2200e+02 1.9955e+00
6.2300e+02 2.0065e+00
6.2400e+02 2.0176e+00
6.2500e+02 2.0287e+00
6.2600e+02 2.0400e+00
6.2700e+02 2.0513e+00
6.2800e+02 2.0627e+00
6.2900e+02 2.0742e+00
6.3000e+02 2.0857e+00
6.3100e+02 2.0973e+00
6.3200e+02 2.1091e+00
6.3300e+02 2.1209e+00
6.3400e+02 2.1328e+00
6.3500e+02 2.1448e+00
6.3600e+02 2.1568e+00
6.3700e+02 2.1690e+00
6.3800e+02 2.1812e+00
6.3900e+02 2.1935e+00
6.4000e+02 2.2060e+00
6.4100e+02 2.2185e+00
6.4200e+02 2.2311e+00
6.4300e+02 2.2437e+00
6.4400e+02 2.2565e+00
6.4500e+02 2.2694e+00
6.4600e+02 2.2824e+00
6.4700e+02 2.2954e+00
6.4800e+02 2.3086e+00
6.4900e+02 2.3218e+00
6.5000e+02 2.3352e+00
6.5100e+02 2.3486e+00
6.5200e+02 2.3622e+00
6.5300e+02 2.3758e+00
6.5400e+02 2.3896e+00
6.5500e+02 2.4034e+00
6.5600e+02 2.4174e+00
6.5700e+02 2.4314e+00
6.5800e+02 2.4456e+00
6.5900e+02 2.4598e+00
6.6000e+02 2.4742e+00
6.6100e+02 2.4886e+00
6.6200e+02 2.5032e+00
6.6300e+02 2.5179e+00
6.6400e+02 2.5327e+00
6.6500e+02 2.5476e+00
6.6600e+02 2.5626e+00
6.6700e+02 2.5777e+00
6.6800e+02 2.5929e+00
6.6900e+02 2.6083e+00
6.7000e+02 2.6237e+00
6.7100e+02 2.6393e+00
6.7200e+02 2.6550e+00
6.7300e+02 2.6708e+00
6.7400e+02 2.6867e+00
6.7500e+02 2.7028e+00
6.7600e+02 2.7189e+00
6.7700e+02 2.7352e+00
6.7800e+02 2.7516e+00
6.7900e+02 2.7682e+00
6.8000e+02 2.7848e+00
6.8100e+02 2.8016e+00
6.8200e+02 2.8185e+00
6.8300e+02 2.8355e+00
6.8400e+02 2.8527e+00
6.8500e+02 2.8700e+00
6.8600e+02 2.8874e+00
6.8700e+02 2.9049e+00
6.8800e+02 2.9226e+00
6.8900e+02 2.9404e+00
6.9000e+02 2.9584e+00
6.9100e+02 2.9765e+00
6.9200e+02 2.9947e+00
6.9300e+02 3.0130e+00
6.9400e+02 3.0315e+00
6.9500e+02 3.0502e+00
6.9600e+02 3.0690e+00
6.9700e+02 3.0879e+00
6.9800e+02 3.1070e+00
6.9900e+02 3.1262e+00
7.0000e+02 3.1455e+00
7.0100e+02 3.1650e+00
7.0200e+02 3.1847e+00
7.0300e+02 3.2045e+00
7.0400e+02 3.2245e+00
7.0500e+02 3.2446e+00
7.0600e+02 3.2648e+00
7.0700e+02 3.2853e+00
7.0800e+02 3.3059e+00
7.0900e+02 3.3266e+00
7.1000e+02 3.3475e+00
7.1100e+02 3.3685e+00
7.1200e+02 3.3898e+00
7.1300e+02 3.4111e+00
7.1400e+02 3.4327e+00
7.1500e+02 3.4544e+00
7.1600e+02 3.4763e+00
7.1700e+02 3.4983e+00
7.1800e+02 3.5206e+00
7.1900e+02 3.5430e+00
7.2000e+02 3.5655e+00
7.2100e+02 3.5883e+00
7.2200e+02 3.6112e+00
7.2300e+02 3.6343e+00
7.2400e+02 3.6576e+00
7.2500e+02 3.6811e+00
7.2600e+02 3.7047e+00
7.2700e+02 3.7285e+00
7.2800e+02 3.7526e+00
7.2900e+02 3.7768e+00
7.3000e+02 3.8012e+00
7.3100e+02 3.8257e+00
7.3200e+02 3.8505e+00
7.3300e+02 3.8755e+00
7.3400e+02 3.9007e+00
7.3500e+02 3.9260e+00
7.3600e+02 3.9516e+00
7.3700e+02 3.9774e+00
7.3800e+02 4.0033e+00
7.3900e+02 4.0295e+00
7.4000e+02 4.0559e+00
7.4100e+02 4.0825e+00
7.4200e+02 4.1093e+00
7.4300e+02 4.1363e+00
7.4400e+02 4.1636e+00
7.4500e+02 4.1910e+00
7.4600e+02 4.2187e+00
7.4700e+02 4.2466e+00
7.4800e+02 4.2747e+00
7.4900e+02 4.3030e+00
7.5000e+02 4.3316e+00
7.5100e+02 4.3603e+00
7.5200e+02 4.3894e+00
7.5300e+02 4.4186e+00
7.5400e+02 4.4481e+00
7.5500e+02 4.4778e+00
7.5600e+02 4.5078e+00
7.5700e+02 4.5380e+00
7.5800e+02 4.5684e+00
7.5900e+02 4.5991e+00
7.6000e+02 4.6300e+00
7.6100e+02 4.6612e+00
7.6200e+02 4.6926e+00
7.6300e+02 4.7243e+00
7.6400e+02 4.7563e+00
7.6500e+02 4.7885e+00
7.6600e+02 4.8209e+00
7.6700e+02 4.8536e+00
7.6800e+02 4.8866e+00
7.6900e+02 4.9199e+00
7.7000e+02 4.9534e+00
7.7100e+02 4.9872e+00
7.7200e+02 5.0213e+00
7.7300e+02 5.0556e+00
7.7400e+02 5.0903e+00
7.7500e+02 5.1252e+00
7.7600e+02 5.1604e+00
7.7700e+02 5.1959e+00
7.7800e+02 5.2316e+00
7.7900e+02 5.2677e+00
7.8000e+02 5.3041e+00
7.8100e+02 5.3407e+00
7.8200e+02 5.3777e+00
7.8300e+02 5.4150e+00
7.8400e+02 5.4525e+00
7.8500e+02 5.4904e+00
7.8600e+02 5.5286e+00
7.8700e+02 5.5671e+00
7.8800e+02 5.6060e+00
7.8900e+02 5.6451e+00
7.9000e+02 5.6846e+00
7.9100e+02 5.7244e+00
7.9200e+02 5.7645e+00
7.9300e+02 5.8050e+00
7.9400e+02 5.8458e+00
7.9500e+02 5.8869e+00
7.9600e+02 5.9284e+00
7.9700e+02 5.9702e+00
7.9800e+02 6.0124e+00
7.9900e+02 6.0549e+00
8.0000e+02 6.0977e+00
8.0100e+02 6.1410e+00
8.0200e+02 6.1846e+00
8.0300e+02 6.2285e+00
8.0400e+02 6.2729e+00
8.0500e+02 6.3176e+00
8.0600e+02 6.3626e+00
8.0700e+02 6.4081e+00
8.0800e+02 6.4539e+00
8.0900e+02 6.5001e+00
8.1000e+02 6.5467e+00
8.1100e+02 6.5937e+00
8.1200e+02 6.6411e+00
8.1300e+02 6.6889e+00
8.1400e+02 6.7371e+00
8.1500e+02 6.7857e+00
8.1600e+02 6.8347e+00
8.1700e+02 6.8841e+00
8.1800e+02 6.9340e+00
8.1900e+02 6.9843e+00
8.2000e+02 7.0349e+00
8.2100e+02 7.0861e+00
8.2200e+02 7.1376e+00
8.2300e+02 7.1896e+00
8.2400e+02 7.2421e+00
8.2500e+02 7.2950e+00
8.2600e+02 7.3483e+00
8.2700e+02 7.4021e+00
8.2800e+02 7.4564e+00
8.2900e+02 7.5111e+00
8.3000e+02 7.5663e+00
8.3100e+02 7.6219e+00
8.3200e+02 7.6781e+00
8.3300e+02 7.7347e+00
8.3400e+02 7.7918e+00
8.3500e+02 7.8494e+00
8.3600e+02 7.9075e+00
8.3700e+02 7.9661e+00
8.3800e+02 8.0252e+00
8.3900e+02 8.0848e+00
8.4000e+02 8.1449e+00
8.4100e+02 8.2055e+00
8.4200e+02 8.2667e+00
8.4300e+02 8.3284e+00
8.4400e+02 8.3906e+00
8.4500e+02 8.4534e+00
8.4600e+02 8.5167e+00
8.4700e+02 8.5805e+00
8.4800e+02 8.6450e+00
8.4900e+02 8.7099e+00
8.5000e+02 8.7755e+00
8.5100e+02 8.8416e+00
8.5200e+02 8.9083e+00
8.5300e+02 8.9756e+00
8.5400e+02 9.0434e+00
8.5500e+02 9.1119e+00
8.5600e+02 9.1809e+00
8.5700e+02 9.2506e+00
8.5800e+02 9.3209e+00
8.5900e+02 9.3917e+00
8.6000e+02 9.4633e+00
8.6100e+02 9.5354e+00
8.6200e+02 9.6082e+00
8.6300e+02 9.6816e+00
8.6400e+02 9.7556e+00
8.6500e+02 9.8303e+00
8.6600e+02 9.9057e+00
8.6700e+02 9.9818e+00
8.6800e+02 1.0058e+01
8.6900e+02 1.0136e+01
8.7000e+02 1.0214e+01
8.7100e+02 1.0293e+01
8.7200e+02 1.0372e+01
8.7300e+02 1.0452e+01
8.7400e+02 1.0533e+01
8.7500e+02 1.0615e+01
8.7600e+02 1.0697e+01
8.7700e+02 1.0780e+01
8.7800e+02 1.0864e+01
8.7900e+02 1.0949e+01
8.8000e+02 1.1034e+01
8.8100e+02 1.1120e+01
8.8200e+02 1.1207e+01
8.8300e+02 1.1294e+01
8.8400e+02 1.1383e+01
8.8500e+02 1.1472e+01
8.8600e+02 1.1562e+01
8.8700e+02 1.1653e+01
8.8800e+02 1.1744e+01
8.8900e+02 1.1837e+01
8.9000e+02 1.1930e+01
8.9100e+02 1.2024e+01
8.9200e+02 1.2119e+01
8.9300e+02 1.2215e+01
8.9400e+02 1.2312e+01
8.9500e+02 1.2409e+01
8.9600e+02 1.2508e+01
8.9700e+02 1.2607e+01
8.9800e+02 1.2707e+01
8.9900e+02 1.2809e+01
9.0000e+02 1.2911e+01
9.0100e+02 1.3014e+01
9.0200e+02 1.3118e+01
9.0300e+02 1.3223e+01
9.0400e+02 1.3328e+01
9.0500e+02 1.3435e+01
9.0600e+02 1.3543e+01
9.0700e+02 1.3652e+01
9.0800e+02 1.3761e+01
9.0900e+02 1.3872e+01
9.1000e+02 1.3984e+01
9.1100e+02 1.4097e+01
9.1200e+02 1.4211e+01
9.1300e+02 1.4326e+01
9.1400e+02 1.4442e+01
9.1500e+02 1.4559e+01
9.1600e+02 1.4677e+01
9.1700e+02 1.4796e+01
9.1800e+02 1.4916e+01
9.1900e+02 1.5038e+01
9.2000e+02 1.5160e+01
9.2100e+02 1.5284e+01
9.2200e+02 1.5409e+01
9.2300e+02 1.5534e+01
9.2400e+02 1.5662e+01
9.2500e+02 1.5790e+01
9.2600e+02 1.5919e+01
9.2700e+02 1.6050e+01
9.2800e+02 1.6182e+01
9.2900e+02 1.6315e+01
9.3000e+02 1.6449e+01
9.3100e+02 1.6585e+01
9.3200e+02 1.6722e+01
9.3300e+02 1.6860e+01
9.3400e+02 1.7000e+01
9.3500e+02 1.7140e+01
9.3600e+02 1.7282e+01
9.3700e+02 1.7426e+01
9.3800e+02 1.7571e+01
9.3900e+02 1.7717e+01
9.4000e+02 1.7864e+01
9.4100e+02 1.8013e+01
9.4200e+02 1.8163e+01
9.4300e+02 1.8315e+01
9.4400e+02 1.8468e+01
9.4500e+02 1.8623e+01
9.4600e+02 1.8779e+01
9.4700e+02 1.8936e+01
9.4800e+02 1.9095e+01
9.4900e+02 1.9256e+01
9.5000e+02 1.9418e+01
9.5100e+02 1.9581e+01
9.5200e+02 1.9747e+01
9.5300e+02 1.9913e+01
9.5400e+02 2.0082e+01
9.5500e+02 2.0251e+01
9.5600e+02 2.0423e+01
9.5700e+02 2.0596e+01
9.5800e+02 2.0771e+01
9.5900e+02 2.0947e+01
9.6000e+02 2.1125e+01
9.6100e+02 2.1305e+01
9.6200e+02 2.1487e+01
9.6300e+02 2.1670e+01
9.6400e+02 2.1855e+01
9.6500e+02 2.2042e+01
9.6600e+02 2.2230e+01
9.6700e+02 2.2421e+01
9.6800e+02 2.2613e+01
9.6900e+02 2.2807e+01
9.7000e+02 2.3003e+01
9.7100e+02 2.3201e+01
9.7200e+02 2.3401e+01
9.7300e+02 2.3602e+01
9.7400e+02 2.3806e+01
9.7500e+02 2.4012e+01
9.7600e+02 2.4219e+01
9.7700e+02 2.4429e+01
9.7800e+02 2.4640e+01
9.7900e+02 2.4854e+01
9.8000e+02 2.5070e+01
9.8100e+02 2.5288e+01
9.8200e+02 2.5508e+01
9.8300e+02 2.5730e+01
9.8400e+02 2.5954e+01
9.8500e+02 2.6180e+01
9.8600e+02 2.6409e+01
9.8700e+02 2.6640e+01
9.8800e+02 2.6873e+01
9.8900e+02 2.7109e+01
9.9000e+02 2.7346e+01
9.9100e+02 2.7586e+01
9.9200e+02 2.7829e+01
9.9300e+02 2.8074e+01
9.9400e+02 2.8321e+01
9.9500e+02 2.8571e+01
9.9600e+02 2.8823e+01
9.9700e+02 2.9077e+01
9.9800e+02 2.9334e+01
9.9900e+02 2.9594e+01
1.0000e+03 2.9856e+01
1.0010e+03 3.0121e+01
1.0020e+03 3.0388e+01
1.0030e+03 3.0658e+01
1.0040e+03 3.0931e+01
1.0050e+03 3.1206e+01
1.0060e+03 3.1484e+01
1.0070e+03 3.1765e+01
1.0080e+03 3.2049e+01
1.0090e+03 3.2335e+01
1.0100e+03 3.2625e+01
1.0110e+03 3.2917e+01
1.0120e+03 3.3212e+01
1.0130e+03 3.3510e+01
1.0140e+03 3.3811e+01
1.0150e+03 3.4115e+01
1.0160e+03 3.4422e+01
1.0170e+03 3.4732e+01
1.0180e+03 3.5046e+01
1.0190e+03 3.5362e+01
1.0200e+03 3.5682e+01
1.0210e+03 3.6004e+01
1.0220e+03 3.6330e+01
1.0230e+03 3.6660e+01
1.0240e+03 3.6992e+01
1.0250e+03 3.7328e+01
1.0260e+03 3.7668e+01
1.0270e+03 3.8010e+01
1.0280e+03 3.8357e+01
1.0290e+03 3.8706e+01
1.0300e+03 3.9059e+01
1.0310e+03 3.9416e+01
1.0320e+03 3.9777e+01
1.0330e+03 4.0141e+01
1.0340e+03 4.0509e+01
1.0350e+03 4.0880e+01
1.0360e+03 4.1255e+01
1.0370e+03 4.1634e+01
1.0380e+03 4.2017e+01
1.0390e+03 4.2404e+01
1.0400e+03 4.2795e+01
1.0410e+03 4.3190e+01
1.0420e+03 4.3588e+01
1.0430e+03 4.3991e+01
1.0440e+03 4.4398e+01
1.0450e+03 4.4809e+01
1.0460e+03 4.5224e+01
1.0470e+03 4.5644e+01
1.0480e+03 4.6068e+01
1.0490e+03 4.6496e+01
1.0500e+03 4.6929e+01
1.0510e+03 4.7366e+01
1.0520e+03 4.7807e+01
1.0530e+03 4.8253e+01
1.0540e+03 4.8704e+01
1.0550e+03 4.9159e+01
1.0560e+03 4.9619e+01
1.0570e+03 5.0084e+01
1.0580e+03 5.0554e+01
1.0590e+03 5.1028e+01
1.0600e+03 5.1507e+01
1.0610e+03 5.1992e+01
1.0620e+03 5.2481e+01
1.0630e+03 5.2975e+01
1.0640e+03 5.3475e+01
1.0650e+03 5.3979e+01
1.0660e+03 5.4489e+01
1.0670e+03 5.5004e+01
1.0680e+03 5.5525e+01
1.0690e+03 5.6051e+01
1.0700e+03 5.6582e+01
1.0710e+03 5.7119e+01
1.0720e+03 5.7662e+01
1.0730e+03 5.8210e+01
1.0740e+03 5.8764e+01
1.0750e+03 5.9324e+01
1.0760e+03 5.9890e+01
1.0770e+03 6.0462e+01
1.0780e+03 6.1039e+01
1.0790e+03 6.1623e+01
1.0800e+03 6.2213e+01
1.0810e+03 6.2809e+01
1.0820e+03 6.3411e+01
1.0830e+03 6.4019e+01
1.0840e+03 6.4634e+01
1.0850e+03 6.5256e+01
1.0860e+03 6.5884e+01
1.0870e+03 6.6519e+01
1.0880e+03 6.7160e+01
1.0890e+03 6.7808e+01
1.0900e+03 6.8463e+01
1.0910e+03 6.9125e+01
1.0920e+03 6.9794e+01
1.0930e+03 7.0470e+01
1.0940e+03 7.1154e+01
1.0950e+03 7.1844e+01
1.0960e+03 7.2542e+01
1.0970e+03 7.3247e+01
1.0980e+03 7.3960e+01
1.0990e+03 7.4680e+01
1.1000e+03 7.5408e+01
1.1010e+03 7.6144e+01
1.1020e+03 7.6888e+01
1.1030e+03 7.7640e+01
1.1040e+03 7.8399e+01
1.1050e+03 7.9167e+01
1.1060e+03 7.9943e+01
1.1070e+03 8.0728e+01
1.1080e+03 8.1520e+01
1.1090e+03 8.2322e+01
1.1100e+03 8.3132e+01
1.1110e+03 8.3950e+01
1.1120e+03 8.4778e+01
1.1130e+03 8.5614e+01
1.1140e+03 8.6459e+01
1.1150e+03 8.7314e+01
1.1160e+03 8.8177e+01
1.1170e+03 8.9050e+01
1.1180e+03 8.9933e+01
1.1190e+03 9.0825e+01
1.1200e+03 9.1726e+01
1.1210e+03 9.2638e+01
1.1220e+03 9.3559e+01
1.1230e+03 9.4490e+01
1.1240e+03 9.5432e+01
1.1250e+03 9.6383e+01
1.1260e+03 9.7345e+01
1.1270e+03 9.8318e+01
1.1280e+03 9.9301e+01
1.1290e+03 1.0029e+02
1.1300e+03 1.0130e+02
1.1310e+03 1.0231e+02
1.1320e+03 1.0334e+02
1.1330e+03 1.0438e+02
1.1340e+03 1.0543e+02
1.1350e+03 1.0649e+02
1.1360e+03 1.0756e+02
1.1370e+03 1.0865e+02
1.1380e+03 1.0974e+02
1.1390e+03 1.1085e+02
1.1400e+03 1.1197e+02
1.1410e+03 1.1310e+02
1.1420e+03 1.1425e+02
1.1430e+03 1.1540e+02
1.1440e+03 1.1658e+02
1.1450e+03 1.1776e+02
1.1460e+03 1.1895e+02
1.1470e+03 1.2016e+02
1.1480e+03 1.2139e+02
1.1490e+03 1.2262e+02
1.1500e+03 1.2387e+02
1.1510e+03 1.2514e+02
1.1520e+03 1.2642e+02
1.1530e+03 1.2771e+02
1.1540e+03 1.2901e+02
1.1550e+03 1.3033e+02
1.1560e+03 1.3167e+02
1.1570e+03 1.3302e+02
1.1580e+03 1.3439e+02
1.1590e+03 1.3577e+02
1.1600e+03 1.3716e+02
1.1610e+03 1.3858e+02
1.1620e+03 1.4000e+02
1.1630e+03 1.4145e+02
1.1640e+03 1.4291e+02
1.1650e+03 1.4438e+02
1.1660e+03 1.4587e+02
1.1670e+03 1.4738e+02
1.1680e+03 1.4891e+02
1.1690e+03 1.5045e+02
1.1700e+03 1.5201e+02
1.1710e+03 1.5359e+02
1.1720e+03 1.5519e+02
1.1730e+03 1.5680e+02
1.1740e+03 1.5843e+02
1.1750e+03 1.6008e+02
1.1760e+03 1.6175e+02
1.1770e+03 1.6344e+02
1.1780e+03 1.6515e+02
1.1790e+03 1.6687e+02
1.1800e+03 1.6862e+02
1.1810e+03 1.7039e+02
1.1820e+03 1.7217e+02
1.1830e+03 1.7398e+02
1.1840e+03 1.7580e+02
1.1850e+03 1.7765e+02
1.1860e+03 1.7952e+02
1.1870e+03 1.8141e+02
1.1880e+03 1.8332e+02
1.1890e+03 1.8525e+02
1.1900e+03 1.8721e+02
1.1910e+03 1.8918e+02
1.1920e+03 1.9118e+02
1.1930e+03 1.9320e+02
1.1940e+03 1.9525e+02
1.1950e+03 1.9732e+02
1.1960e+03 1.9941e+02
1.1970e+03 2.0153e+02
1.1980e+03 2.0367e+02
1.1990e+03 2.0583e+02
1.2000e+03 2.0802e+02
1.2010e+03 2.1024e+02
1.2020e+03 2.1248e+02
1.2030e+03 2.1475e+02
1.2040e+03 2.1704e+02
1.2050e+03 2.1936e+02
1.2060e+03 2.2170e+02
1.2070e+03 2.2408e+02
1.2080e+03 2.2648e+02
1.2090e+03 2.2890e+02
1.2100e+03 2.3136e+02
1.2110e+03 2.3384e+02
1.2120e+03 2.3636e+02
1.2130e+03 2.3890e+02
1.2140e+03 2.4147e+02
1.2150e+03 2.4407e+02
1.2160e+03 2.4671e+02
1.2170e+03 2.4937e+02
1.2180e+03 2.5206e+02
1.2190e+03 2.5479e+02
1.2200e+03 2.5754e+02
1.2210e+03 2.6033e+02
1.2220e+03 2.6315e+02
1.2230e+03 2.6601e+02
1.2240e+03 2.6889e+02
1.2250e+03 2.7181e+02
1.2260e+03 2.7477e+02
1.2270e+03 2.7776e+02
1.2280e+03 2.8078e+02
1.2290e+03 2.8384e+02
1.2300e+03 2.8694e+02
1.2310e+03 2.9007e+02
1.2320e+03 2.9324e+02
1.2330e+03 2.9645e+02
1.2340e+03 2.9969e+02
1.2350e+03 3.0297e+02
1.2360e+03 3.0629e+02
1.2370e+03 3.0965e+02
1.2380e+03 3.1305e+02
1.2390e+03 3.1649e+02
1.2400e+03 3.1997e+02
1.2410e+03 3.2350e+02
1.2420e+03 3.2706e+02
1.2430e+03 3.3066e+02
1.2440e+03 3.3431e+02
1.2450e+03 3.3800e+02
1.2460e+03 3.4174e+02
1.2470e+03 3.4552e+02
1.2480e+03 3.4934e+02
1.2490e+03 3.5321e+02
1.2500e+03 3.5713e+02
1.2510e+03 3.6109e+02
1.2520e+03 3.6510e+02
1.2530e+03 3.6916e+02
1.2540e+03 3.7326e+02
1.2550e+03 3.7742e+02
1.2560e+03 3.8162e+02
1.2570e+03 3.8587e+02
1.2580e+03 3.9018e+02
1.2590e+03 3.9454e+02
1.2600e+03 3.9895e+02
1.2610e+03 4.0341e+02
1.2620e+03 4.0792e+02
1.2630e+03 4.1249e+02
1.2640e+03 4.1712e+02
1.2650e+03 4.2180e+02
1.2660e+03 4.2653e+02
1.2670e+03 4.3133e+02
1.2680e+03 4.3618e+02
1.2690e+03 4.4109e+02
1.2700e+03 4.4605e+02
1.2710e+03 4.5108e+02
1.2720e+03 4.5617e+02
1.2730e+03 4.6132e+02
1.2740e+03 4.6654e+02
1.2750e+03 4.7181e+02
1.2760e+03 4.7715e+02
1.2770e+03 4.8256e+02
1.2780e+03 4.8803e+02
1.2790e+03 4.9356e+02
1.2800e+03 4.9917e+02
1.2810e+03 5.0484e+02
1.2820e+03 5.1058e+02
1.2830e+03 5.1639e+02
1.2840e+03 5.2227e+02
1.2850e+03 5.2822e+02
1.2860e+03 5.3425e+02
1.2870e+03 5.4035e+02
1.2880e+03 5.4652e+02
1.2890e+03 5.5277e+02
1.2900e+03 5.5910e+02
1.2910e+03 5.6550e+02
1.2920e+03 5.7198e+02
1.2930e+03 5.7854e+02
1.2940e+03 5.8518e+02
1.2950e+03 5.9190e+02
1.2960e+03 5.9871e+02
1.2970e+03 6.0559e+02
1.2980e+03 6.1257e+02
1.2990e+03 6.1963e+02
1.3000e+03 6.2677e+02
1.3010e+03 6.3401e+02
1.3020e+03 6.4133e+02
1.3030e+03 6.4874e+02
1.3040e+03 6.5625e+02
1.3050e+03 6.6384e+02
1.3060e+03 6.7153e+02
1.3070e+03 6.7932e+02
1.3080e+03 6.8720e+02
1.3090e+03 6.9518e+02
1.3100e+03 7.0326e+02
1.3110e+03 7.1144e+02
1.3120e+03 7.1972e+02
1.3130e+03 7.2810e+02
1.3140e+03 7.3659e+02
1.3150e+03 7.4518e+02
1.3160e+03 7.5388e+02
1.3170e+03 7.6269e+02
1.3180e+03 7.7161e+02
1.3190e+03 7.8064e+02
1.3200e+03 7.8978e+02
1.3210e+03 7.9903e+02
1.3220e+03 8.0841e+02
1.3230e+03 8.1789e+02
1.3240e+03 8.2750e+02
1.3250e+03 8.3723e+02
1.3260e+03 8.4708e+02
1.3270e+03 8.5705e+02
1.3280e+03 8.6715e+02
1.3290e+03 8.7737e+02
1.3300e+03 8.8772e+02
1.3310e+03 8.9821e+02
1.3320e+03 9.0882e+02
1.3330e+03 9.1957e+02
1.3340e+03 9.3045e+02
1.3350e+03 9.4147e+02
1.3360e+03 9.5263e+02
1.3370e+03 9.6393e+02
1.3380e+03 9.7538e+02
1.3390e+03 9.8696e+02
1.3400e+03 9.9870e+02
1.3410e+03 1.0106e+03
1.3420e+03 1.0226e+03
1.3430e+03 1.0348e+03
1.3440e+03 1.0471e+03
1.3450e+03 1.0596e+03
1.3460e+03 1.0723e+03
1.3470e+03 1.0851e+03
1.3480e+03 1.0981e+03
1.3490e+03 1.1112e+03
1.3500e+03 1.1245e+03
1.3510e+03 1.1380e+03
1.3520e+03 1.1517e+03
1.3530e+03 1.1655e+03
1.3540e+03 1.1795e+03
1.3550e+03 1.1937e+03
1.3560e+03 1.2080e+03
1.3570e+03 1.2226e+03
1.3580e+03 1.2373e+03
1.3590e+03 1.2522e+03
1.3600e+03 1.2673e+03
1.3610e+03 1.2826e+03
1.3620e+03 1.2981e+03
1.3630e+03 1.3138e+03
1.3640e+03 1.3297e+03
1.3650e+03 1.3459e+03
1.3660e+03 1.3622e+03
1.3670e+03 1.3787e+03
1.3680e+03 1.3954e+03
1.3690e+03 1.4124e+03
1.3700e+03 1.4295e+03
1.3710e+03 1.4469e+03
1.3720e+03 1.4646e+03
1.3730e+03 1.4824e+03
1.3740e+03 1.5005e+03
1.3750e+03 1.5188e+03
1.3760e+03 1.5373e+03
1.3770e+03 1.5561e+03
1.3780e+03 1.5751e+03
1.3790e+03 1.5944e+03
1.3800e+03 1.6139e+03
1.3810e+03 1.6337e+03
1.3820e+03 1.6537e+03
1.3830e+03 1.6740e+03
1.3840e+03 1.6946e+03
1.3850e+03 1.7154e+03
1.3860e+03 1.7365e+03
1.3870e+03 1.7579e+03
1.3880e+03 1.7796e+03
1.3890e+03 1.8015e+03
1.3900e+03 1.8237e+03
1.3910e+03 1.8462e+03
1.3920e+03 1.8690e+03
1.3930e+03 1.8921e+03
1.3940e+03 1.9155e+03
1.3950e+03 1.9393e+03
1.3960e+03 1.9633e+03
1.3970e+03 1.9876e+03
1.3980e+03 2.0123e+03
1.3990e+03 2.0373e+03
1.4000e+03 2.0626e+03
1.4010e+03 2.0882e+03
1.4020e+03 2.1142e+03
1.4030e+03 2.1405e+03
1.4040e+03 2.1672e+03
1.4050e+03 2.1942e+03
1.4060e+03 2.2216e+03
1.4070e+03 2.2493e+03
1.4080e+03 2.2775e+03
1.4090e+03 2.3059e+03
1.4100e+03 2.3348e+03
1.4110e+03 2.3640e+03
1.4120e+03 2.3937e+03
1.4130e+03 2.4237e+03
1.4140e+03 2.4541e+03
1.4150e+03 2.4849e+03
1.4160e+03 2.5161e+03
1.4170e+03 2.5478e+03
1.4180e+03 2.5798e+03
1.4190e+03 2.6123e+03
1.4200e+03 2.6453e+03
1.4210e+03 2.6786e+03
1.4220e+03 2.7124e+03
1.4230e+03 2.7467e+03
1.4240e+03 2.7814e+03
1.4250e+03 2.8166e+03
1.4260e+03 2.8522e+03
1.4270e+03 2.8883e+03
1.4280e+03 2.9250e+03
1.4290e+03 2.9621e+03
1.4300e+03 2.9996e+03
1.4310e+03 3.0377e+03
1.4320e+03 3.0764e+03
1.4330e+03 3.1155e+03
1.4340e+03 3.1551e+03
1.4350e+03 3.1953e+03
1.4360e+03 3.2361e+03
1.4370e+03 3.2773e+03
1.4380e+03 3.3192e+03
1.4390e+03 3.3616e+03
1.4400e+03 3.4045e+03
1.4410e+03 3.4481e+03
1.4420e+03 3.4922e+03
1.4430e+03 3.5369e+03
1.4440e+03 3.5823e+03
1.4450e+03 3.6282e+03
1.4460e+03 3.6748e+03
1.4470e+03 3.7220e+03
1.4480e+03 3.7698e+03
1.4490e+03 3.8183e+03
1.4500e+03 3.8675e+03
1.4510e+03 3.9173e+03
1.4520e+03 3.9678e+03
1.4530e+03 4.0189e+03
1.4540e+03 4.0708e+03
1.4550e+03 4.1234e+03
1.4560e+03 4.1767e+03
1.4570e+03 4.2307e+03
1.4580e+03 4.2855e+03
1.4590e+03 4.3410e+03
1.4600e+03 4.3972e+03
1.4610e+03 4.4542e+03
1.4620e+03 4.5121e+03
1.4630e+03 4.5706e+03
1.4640e+03 4.6300e+03
1.4650e+03 4.6903e+03
1.4660e+03 4.7513e+03
1.4670e+03 4.8132e+03
1.4680e+03 4.8759e+03
1.4690e+03 4.9395e+03
1.4700e+03 5.0039e+03
1.4710e+03 5.0693e+03
1.4720e+03 5.1355e+03
1.4730e+03 5.2027e+03
1.4740e+03 5.2708e+03
1.4750e+03 5.3398e+03
1.4760e+03 5.4098e+03
1.4770e+03 5.4807e+03
1.4780e+03 5.5526e+03
1.4790e+03 5.6255e+03
1.4800e+03 5.6994e+03
1.4810e+03 5.7744e+03
1.4820e+03 5.8503e+03
1.4830e+03 5.9274e+03
1.4840e+03 6.0054e+03
1.4850e+03 6.0846e+03
1.4860e+03 6.1649e+03
1.4870e+03 6.2463e+03
1.4880e+03 6.3288e+03
1.4890e+03 6.4125e+03
1.4900e+03 6.4973e+03
1.4910e+03 6.5833e+03
1.4920e+03 6.6705e+03
1.4930e+03 6.7589e+03
1.4940e+03 6.8486e+03
1.4950e+03 6.9395e+03
1.4960e+03 7.0316e+03
1.4970e+03 7.1251e+03
1.4980e+03 7.2199e+03
1.4990e+03 7.3159e+03
1.5000e+03 7.4134e+03
1.5010e+03 7.5122e+03
1.5020e+03 7.6124e+03
1.5030e+03 7.7139e+03
1.5040e+03 7.8169e+03
1.5050e+03 7.9214e+03
1.5060e+03 8.0273e+03
1.5070e+03 8.1347e+03
1.5080e+03 8.2436e+03
1.5090e+03 8.3541e+03
1.5100e+03 8.4661e+03
1.5110e+03 8.5797e+03
1.5120e+03 8.6949e+03
1.5130e+03 8.8117e+03
1.5140e+03 8.9301e+03
1.5150e+03 9.0503e+03
1.5160e+03 9.1721e+03
1.5170e+03 9.2956e+03
1.5180e+03 9.4209e+03
1.5190e+03 9.5480e+03
1.5200e+03 9.6768e+03
1.5210e+03 9.8075e+03
1.5220e+03 9.9401e+03
1.5230e+03 1.0075e+04
1.5240e+03 1.0211e+04
1.5250e+03 1.0349e+04
1.5260e+03 1.0489e+04
1.5270e+03 1.0632e+04
1.5280e+03 1.0776e+04
1.5290e+03 1.0922e+04
1.5300e+03 1.1071e+04
1.5310e+03 1.1221e+04
1.5320e+03 1.1374e+04
1.5330e+03 1.1528e+04
1.5340e+03 1.1686e+04
1.5350e+03 1.1845e+04
1.5360e+03 1.2006e+04
1.5370e+03 1.2170e+04
1.5380e+03 1.2336e+04
1.5390e+03 1.2505e+04
1.5400e+03 1.2676e+04
1.5410e+03 1.2850e+04
1.5420e+03 1.3025e+04
1.5430e+03 1.3204e+04
1.5440e+03 1.3385e+04
1.5450e+03 1.3569e+04
1.5460e+03 1.3755e+04
1.5470e+03 1.3944e+04
1.5480e+03 1.4136e+04
1.5490e+03 1.4330e+04
1.5500e+03 1.4527e+04
1.5510e+03 1.4727e+04
1.5520e+03 1.4930e+04
1.5530e+03 1.5136e+04
1.5540e+03 1.5345e+04
1.5550e+03 1.5557e+04
1.5560e+03 1.5772e+04
1.5570e+03 1.5990e+04
1.5580e+03 1.6211e+04
1.5590e+03 1.6436e+04
1.5600e+03 1.6663e+04
1.5610e+03 1.6894e+04
1.5620e+03 1.7129e+04
1.5630e+03 1.7367e+04
1.5640e+03 1.7608e+04
1.5650e+03 1.7853e+04
1.5660e+03 1.8101e+04
1.5670e+03 1.8353e+04
1.5680e+03 1.8608e+04
1.5690e+03 1.8868e+04
1.5700e+03 1.9131e+04
1.5710e+03 1.9398e+04
1.5720e+03 1.9668e+04
1.5730e+03 1.9943e+04
1.5740e+03 2.0222e+04
1.5750e+03 2.0505e+04
1.5760e+03 2.0792e+04
1.5770e+03 2.1083e+04
1.5780e+03 2.1379e+04
1.5790e+03 2.1678e+04
1.5800e+03 2.1983e+04
1.5810e+03 2.2291e+04
1.5820e+03 2.2605e+04
1.5830e+03 2.2922e+04
1.5840e+03 2.3245e+04
1.5850e+03 2.3572e+04
1.5860e+03 2.3904e+04
1.5870e+03 2.4241e+04
1.5880e+03 2.4583e+04
1.5890e+03 2.4930e+04
1.5900e+03 2.5282e+04
1.5910e+03 2.5639e+04
1.5920e+03 2.6002e+04
1.5930e+03 2.6370e+04
1.5940e+03 2.6743e+04
1.5950e+03 2.7122e+04
1.5960e+03 2.7506e+04
1.5970e+03 2.7897e+04
1.5980e+03 2.8293e+04
1.5990e+03 2.8694e+04
1.6000e+03 2.9102e+04
1.6010e+03 2.9516e+04
1.6020e+03 2.9936e+04
1.6030e+03 3.0362e+04
1.6040e+03 3.0795e+04
1.6050e+03 3.1234e+04
1.6060e+03 3.1680e+04
1.6070e+03 3.2132e+04
1.6080e+03 3.2591e+04
1.6090e+03 3.3057e+04
1.6100e+03 3.3529e+04
1.6110e+03 3.4009e+04
1.6120e+03 3.4496e+04
1.6130e+03 3.4990e+04
1.6140e+03 3.5492e+04
1.6150e+03 3.6001e+04
1.6160e+03 3.6518e+04
1.6170e+03 3.7043e+04
1.6180e+03 3.7575e+04
1.6190e+03 3.8115e+04
1.6200e+03 3.8664e+04
1.6210e+03 3.9221e+04
1.6220e+03 3.9786e+04
1.6230e+03 4.0359e+04
1.6240e+03 4.0942e+04
1.6250e+03 4.1533e+04
1.6260e+03 4.2133e+04
1.6270e+03 4.2741e+04
1.6280e+03 4.3360e+04
1.6290e+03 4.3987e+04
1.6300e+03 4.4624e+04
1.6310e+03 4.5271e+04
1.6320e+03 4.5927e+04
1.6330e+03 4.6593e+04
1.6340e+03 4.7270e+04
1.6350e+03 4.7956e+04
1.6360e+03 4.8653e+04
1.6370e+03 4.9361e+04
1.6380e+03 5.0079e+04
1.6390e+03 5.0808e+04
1.6400e+03 5.1548e+04
1.6410e+03 5.2300e+04
1.6420e+03 5.3063e+04
1.6430e+03 5.3837e+04
1.6440e+03 5.4624e+04
1.6450e+03 5.5422e+04
1.6460e+03 5.6233e+04
1.6470e+03 5.7055e+04
1.6480e+03 5.7891e+04
1.6490e+03 5.8739e+04
1.6500e+03 5.9600e+04
1.6510e+03 6.0474e+04
1.6520e+03 6.1362e+04
1.6530e+03 6.2263e+04
1.6540e+03 6.3178e+04
1.6550e+03 6.4107e+04
1.6560e+03 6.5050e+04
1.6570e+03 6.6008e+04
1.6580e+03 6.6980e+04
1.6590e+03 6.7967e+04
1.6600e+03 6.8970e+04
1.6610e+03 6.9988e+04
1.6620e+03 7.1021e+04
1.6630e+03 7.2070e+04
1.6640e+03 7.3136e+04
1.6650e+03 7.4218e+04
1.6660e+03 7.5317e+04
1.6670e+03 7.6432e+04
1.6680e+03 7.7565e+04
1.6690e+03 7.8715e+04
1.6700e+03 7.9883e+04
1.6710e+03 8.1069e+04
1.6720e+03 8.2273e+04
1.6730e+03 8.3496e+04
1.6740e+03 8.4738e+04
1.6750e+03 8.6000e+04
1.6760e+03 8.7280e+04
1.6770e+03 8.8581e+04
1.6780e+03 8.9902e+04
1.6790e+03 9.1243e+04
1.6800e+03 9.2605e+04
1.6810e+03 9.3988e+04
1.6820e+03 9.5393e+04
1.6830e+03 9.6819e+04
1.6840e+03 9.8268e+04
1.6850e+03 9.9739e+04
1.6860e+03 1.0123e+05
1.6870e+03 1.0275e+05
1.6880e+03 1.0429e+05
1.6890e+03 1.0586e+05
1.6900e+03 1.0745e+05
1.6910e+03 1.0906e+05
1.6920e+03 1.1070e+05
1.6930e+03 1.1237e+05
1.6940e+03 1.1406e+05
1.6950e+03 1.1578e+05
1.6960e+03 1.1752e+05
1.6970e+03 1.1929e+05
1.6980e+03 1.2109e+05
1.6990e+03 1.2292e+05
1.7000e+03 1.2478e+05
1.7010e+03 1.2666e+05
1.7020e+03 1.2858e+05
1.7030e+03 1.3053e+05
1.7040e+03 1.3250e+05
1.7050e+03 1.3451e+05
1.7060e+03 1.3655e+05
1.7070e+03 1.3862e+05
1.7080e+03 1.4073e+05
1.7090e+03 1.4286e+05
1.7100e+03 1.4503e+05
1.7110e+03 1.4724e+05
1.7120e+03 1.4948e+05
1.7130e+03 1.5175e+05
1.7140e+03 1.5407e+05
1.7150e+03 1.5641e+05
1.7160e+03 1.5880e+05
1.7170e+03 1.6122e+05
1.7180e+03 1.6368e+05
1.7190e+03 1.6619e+05
1.7200e+03 1.6873e+05
1.7210e+03 1.7131e+05
1.7220e+03 1.7393e+05
1.7230e+03 1.7659e+05
1.7240e+03 1.7930e+05
1.7250e+03 1.8205e+05
1.7260e+03 1.8484e+05
1.7270e+03 1.8767e+05
1.7280e+03 1.9056e+05
1.7290e+03 1.9349e+05
1.7300e+03 1.9646e+05
1.7310e+03 1.9948e+05
1.7320e+03 2.0255e+05
1.7330e+03 2.0567e+05
1.7340e+03 2.0884e+05
1.7350e+03 2.1206e+05
1.7360e+03 2.1534e+05
1.7370e+03 2.1866e+05
1.7380e+03 2.2204e+05
1.7390e+03 2.2547e+05
1.7400e+03 2.2896e+05
1.7410e+03 2.3250e+05
1.7420e+03 2.3610e+05
1.7430e+03 2.3976e+05
1.7440e+03 2.4347e+05
1.7450e+03 2.4725e+05
1.7460e+03 2.5109e+05
1.7470e+03 2.5498e+05
1.7480e+03 2.5895e+05
1.7490e+03 2.6297e+05
1.7500e+03 2.6706e+05
1.7510e+03 2.7122e+05
1.7520e+03 2.7544e+05
1.7530e+03 2.7973e+05
1.7540e+03 2.8410e+05
1.7550e+03 2.8853e+05
1.7560e+03 2.9303e+05
1.7570e+03 2.9761e+05
1.7580e+03 3.0226e+05
1.7590e+03 3.0698e+05
1.7600e+03 3.1179e+05
1.7610e+03 3.1667e+05
1.7620e+03 3.2163e+05
1.7630e+03 3.2667e+05
1.7640e+03 3.3179e+05
1.7650e+03 3.3699e+05
1.7660e+03 3.4228e+05
1.7670e+03 3.4766e+05
1.7680e+03 3.5312e+05
1.7690e+03 3.5868e+05
1.7700e+03 3.6432e+05
1.7710e+03 3.7005e+05
1.7720e+03 3.7588e+05
1.7730e+03 3.8181e+05
1.7740e+03 3.8783e+05
1.7750e+03 3.9395e+05
1.7760e+03 4.0017e+05
1.7770e+03 4.0649e+05
1.7780e+03 4.1291e+05
1.7790e+03 4.1944e+05
1.7800e+03 4.2608e+05
1.7810e+03 4.3283e+05
1.7820e+03 4.3968e+05
1.7830e+03 4.4665e+05
1.7840e+03 4.5374e+05
1.7850e+03 4.6094e+05
1.7860e+03 4.6825e+05
1.7870e+03 4.7569e+05
1.7880e+03 4.8325e+05
1.7890e+03 4.9094e+05
1.7900e+03 4.9875e+05
1.7910e+03 5.0669e+05
1.7920e+03 5.1476e+05
1.7930e+03 5.2297e+05
1.7940e+03 5.3131e+05
1.7950e+03 5.3979e+05
1.7960e+03 5.4841e+05
1.7970e+03 5.5717e+05
1.7980e+03 5.6608e+05
1.7990e+03 5.7513e+05
1.8000e+03 5.8433e+05
1.8010e+03 5.9369e+05
1.8020e+03 6.0320e+05
1.8030e+03 6.1287e+05
1.8040e+03 6.2270e+05
1.8050e+03 6.3269e+05
1.8060e+03 6.4285e+05
1.8070e+03 6.5318e+05
1.8080e+03 6.6368e+05
1.8090e+03 6.7435e+05
1.8100e+03 6.8520e+05
1.8110e+03 6.9623e+05
1.8120e+03 7.0745e+05
1.8130e+03 7.1885e+05
1.8140e+03 7.3045e+05
1.8150e+03 7.4224e+05
1.8160e+03 7.5422e+05
1.8170e+03 7.6640e+05
1.8180e+03 7.7879e+05
1.8190e+03 7.9139e+05
1.8200e+03 8.0419e+05
1.8210e+03 8.1721e+05
1.8220e+03 8.3045e+05
1.8230e+03 8.4391e+05
1.8240e+03 8.5760e+05
1.8250e+03 8.7151e+05
1.8260e+03 8.8566e+05
1.8270e+03 9.0005e+05
1.8280e+03 9.1468e+05
1.8290e+03 9.2956e+05
1.8300e+03 9.4468e+05
1.8310e+03 9.6006e+05
1.8320e+03 9.7570e+05
1.8330e+03 9.9160e+05
1.8340e+03 1.0078e+06
1.8350e+03 1.0242e+06
1.8360e+03 1.0409e+06
1.8370e+03 1.0579e+06
1.8380e+03 1.0752e+06
1.8390e+03 1.0928e+06
1.8400e+03 1.1107e+06
1.8410e+03 1.1289e+06
1.8420e+03 1.1474e+06
1.8430e+03 1.1662e+06
1.8440e+03 1.1853e+06
1.8450e+03 1.2047e+06
1.8460e+03 1.2245e+06
1.8470e+03 1.2446e+06
1.8480e+03 1.2651e+06
1.8490e+03 1.2859e+06
1.8500e+03 1.3070e+06
1.8510e+03 1.3285e+06
1.8520e+03 1.3504e+06
1.8530e+03 1.3727e+06
1.8540e+03 1.3953e+06
1.8550e+03 1.4183e+06
1.8560e+03 1.4417e+06
1.8570e+03 1.4655e+06
1.8580e+03 1.4897e+06
1.8590e+03 1.5144e+06
1.8600e+03 1.5394e+06
1.8610e+03 1.5649e+06
1.8620e+03 1.5908e+06
1.8630e+03 1.6172e+06
1.8640e+03 1.6440e+06
1.8650e+03 1.6712e+06
1.8660e+03 1.6990e+06
1.8670e+03 1.7272e+06
1.8680e+03 1.7559e+06
1.8690e+03 1.7851e+06
1.8700e+03 1.8147e+06
1.8710e+03 1.8449e+06
1.8720e+03 1.8756e+06
1.8730e+03 1.9069e+06
1.8740e+03 1.9387e+06
1.8750e+03 1.9710e+06
1.8760e+03 2.0039e+06
1.8770e+03 2.0373e+06
1.8780e+03 2.0714e+06
1.8790e+03 2.1060e+06
1.8800e+03 2.1412e+06
1.8810e+03 2.1770e+06
1.8820e+03 2.2134e+06
1.8830e+03 2.2505e+06
1.8840e+03 2.2882e+06
1.8850e+03 2.3266e+06
1.8860e+03 2.3656e+06
1.8870e+03 2.4053e+06
1.8880e+03 2.4457e+06
1.8890e+03 2.4868e+06
1.8900e+03 2.5286e+06
1.8910e+03 2.5711e+06
1.8920e+03 2.6144e+06
1.8930e+03 2.6584e+06
1.8940e+03 2.7032e+06
1.8950e+03 2.7487e+06
1.8960e+03 2.7951e+06
1.8970e+03 2.8422e+06
1.8980e+03 2.8902e+06
1.8990e+03 2.9390e+06
1.9000e+03 2.9887e+06
1.9010e+03 3.0392e+06
1.9020e+03 3.0907e+06
1.9030e+03 3.1430e+06
1.9040e+03 3.1962e+06
1.9050e+03 3.2503e+06
1.9060e+03 3.3055e+06
1.9070e+03 3.3615e+06
1.9080e+03 3.4186e+06
1.9090e+03 3.4766e+06
1.9100e+03 3.5357e+06
1.9110e+03 3.5958e+06
1.9120e+03 3.6569e+06
1.9130e+03 3.7192e+06
1.9140e+03 3.7825e+06
1.9150e+03 3.8469e+06
1.9160e+03 3.9125e+06
1.9170e+03 3.9792e+06
1.9180e+03 4.0471e+06
1.9190e+03 4.1161e+06
1.9200e+03 4.1864e+06
1.9210e+03 4.2580e+06
1.9220e+03 4.3308e+06
1.9230e+03 4.4048e+06
1.9240e+03 4.4802e+06
1.9250e+03 4.5569e+06
1.9260e+03 4.6350e+06
1.9270e+03 4.7145e+06
1.9280e+03 4.7953e+06
1.9290e+03 4.8776e+06
1.9300e+03 4.9613e+06
1.9310e+03 5.0466e+06
1.9320e+03 5.1333e+06
1.9330e+03 5.2216e+06
1.9340e+03 5.3114e+06
1.9350e+03 5.4028e+06
1.9360e+03 5.4959e+06
1.9370e+03 5.5906e+06
1.9380e+03 5.6870e+06
1.9390e+03 5.7850e+06
1.9400e+03 5.8849e+06
1.9410e+03 5.9865e+06
1.9420e+03 6.0899e+06
1.9430e+03 6.1952e+06
1.9440e+03 6.3023e+06
1.9450e+03 6.4114e+06
1.9460e+03 6.5224e+06
1.9470e+03 6.6353e+06
1.9480e+03 6.7503e+06
1.9490e+03 6.8674e+06
1.9500e+03 6.9865e+06
1.9510e+03 7.1078e+06
1.9520e+03 7.2312e+06
1.9530e+03 7.3568e+06
1.9540e+03 7.4847e+06
1.9550e+03 7.6149e+06
1.9560e+03 7.7474e+06
1.9570e+03 7.8823e+06
1.9580e+03 8.0196e+06
1.9590e+03 8.1594e+06
1.9600e+03 8.3016e+06
1.9610e+03 8.4465e+06
1.9620e+03 8.5939e+06
1.9630e+03 8.7440e+06
1.9640e+03 8.8968e+06
1.9650e+03 9.0523e+06
1.9660e+03 9.2106e+06
1.9670e+03 9.3718e+06
1.9680e+03 9.5359e+06
1.9690e+03 9.7030e+06
1.9700e+03 9.8730e+06
1.9710e+03 1.0046e+07
1.9720e+03 1.0222e+07
1.9730e+03 1.0402e+07
1.9740e+03 1.0585e+07
1.9750e+03 1.0771e+07
1.9760e+03 1.0960e+07
1.9770e+03 1.1153e+07
1.9780e+03 1.1349e+07
1.9790e+03 1.1549e+07
1.9800e+03 1.1752e+07
1.9810e+03 1.1959e+07
1.9820e+03 1.2170e+07
1.9830e+03 1.2385e+07
1.9840e+03 1.2604e+07
1.9850e+03 1.2826e+07
1.9860e+03 1.3053e+07
1.9870e+03 1.3284e+07
1.9880e+03 1.3519e+07
1.9890e+03 1.3758e+07
1.9900e+03 1.4001e+07
1.9910e+03 1.4250e+07
1.9920e+03 1.4502e+07
1.9930e+03 1.4759e+07
1.9940e+03 1.5021e+07
1.9950e+03 1.5288e+07
1.9960e+03 1.5559e+07
1.9970e+03 1.5836e+07
1.9980e+03 1.6117e+07
1.9990e+03 1.6404e+07
2.0000e+03 1.6696e+07
2.0010e+03 1.6993e+07
2.0020e+03 1.7296e+07
2.0030e+03 1.7604e+07
2.0040e+03 1.7918e+07
2.0050e+03 1.8238e+07
2.0060e+03 1.8563e+07
2.0070e+03 1.8895e+07
2.0080e+03 1.9233e+07
2.0090e+03 1.9576e+07
2.0100e+03 1.9926e+07
2.0110e+03 2.0283e+07
2.0120e+03 2.0646e+07
2.0130e+03 2.1016e+07
2.0140e+03 2.1393e+07
2.0150e+03 2.1776e+07
2.0160e+03 2.2167e+07
2.0170e+03 2.2565e+07
2.0180e+03 2.2970e+07
2.0190e+03 2.3383e+07
2.0200e+03 2.3803e+07
2.0210e+03 2.4231e+07
2.0220e+03 2.4667e+07
2.0230e+03 2.5111e+07
2.0240e+03 2.5564e+07
2.0250e+03 2.6024e+07
2.0260e+03 2.6493e+07
2.0270e+03 2.6971e+07
2.0280e+03 2.7458e+07
2.0290e+03 2.7954e+07
2.0300e+03 2.8459e+07
2.0310e+03 2.8973e+07
2.0320e+03 2.9497e+07
2.0330e+03 3.0031e+07
2.0340e+03 3.0575e+07
2.0350e+03 3.1128e+07
2.0360e+03 3.1692e+07
2.0370e+03 3.2267e+07
2.0380e+03 3.2852e+07
2.0390e+03 3.3448e+07
2.0400e+03 3.4056e+07
2.0410e+03 3.4674e+07
2.0420e+03 3.5304e+07
2.0430e+03 3.5946e+07
2.0440e+03 3.6600e+07
2.0450e+03 3.7266e+07
2.0460e+03 3.7945e+07
2.0470e+03 3.8636e+07
2.0480e+03 3.9340e+07
2.0490e+03 4.0058e+07
2.0500e+03 4.0789e+07
2.0510e+03 4.1533e+07
2.0520e+03 4.2292e+07
2.0530e+03 4.3064e+07
2.0540e+03 4.3852e+07
2.0550e+03 4.4654e+07
2.0560e+03 4.5471e+07
2.0570e+03 4.6303e+07
2.0580e+03 4.7152e+07
2.0590e+03 4.8016e+07
2.0600e+03 4.8896e+07
2.0610e+03 4.9793e+07
2.0620e+03 5.0707e+07
2.0630e+03 5.1638e+07
2.0640e+03 5.2587e+07
2.0650e+03 5.3553e+07
2.0660e+03 5.4538e+07
2.0670e+03 5.5541e+07
2.0680e+03 5.6564e+07
2.0690e+03 5.7605e+07
2.0700e+03 5.8667e+07
2.0710e+03 5.9748e+07
2.0720e+03 6.0850e+07
2.0730e+03 6.1973e+07
2.0740e+03 6.3117e+07
2.0750e+03 6.4283e+07
2.0760e+03 6.5471e+07
2.0770e+03 6.6681e+07
2.0780e+03 6.7914e+07
2.0790e+03 6.9171e+07
2.0800e+03 7.0452e+07
2.0810e+03 7.1757e+07
2.0820e+03 7.3087e+07
2.0830e+03 7.4442e+07
2.0840e+03 7.5823e+07
2.0850e+03 7.7230e+07
2.0860e+03 7.8664e+07
2.0870e+03 8.0126e+07
2.0880e+03 8.1615e+07
2.0890e+03 8.3132e+07
2.0900e+03 8.4679e+07
2.0910e+03 8.6255e+07
2.0920e+03 8.7862e+07
2.0930e+03 8.9499e+07
2.0940e+03 9.1167e+07
2.0950e+03 9.2867e+07
2.0960e+03 9.4600e+07
2.0970e+03 9.6366e+07
2.0980e+03 9.8166e+07
2.0990e+03 1.0000e+08
2.1000e+03 1.0187e+08
2.1010e+03 1.0377e+08
2.1020e+03 1.0572e+08
2.1030e+03 1.0770e+08
2.1040e+03 1.0971e+08
2.1050e+03 1.1177e+08
2.1060e+03 1.1386e+08
2.1070e+03 1.1600e+08
2.1080e+03 1.1818e+08
2.1090e+03 1.2040e+08
2.1100e+03 1.2266e+08
2.1110e+03 1.2496e+08
2.1120e+03 1.2731e+08
2.1130e+03 1.2971e+08
2.1140e+03 1.3215e+08
2.1150e+03 1.3464e+08
2.1160e+03 1.3717e+08
2.1170e+03 1.3976e+08
2.1180e+03 1.4239e+08
2.1190e+03 1.4508e+08
2.1200e+03 1.4782e+08
2.1210e+03 1.5061e+08
2.1220e+03 1.5345e+08
2.1230e+03 1.5635e+08
2.1240e+03 1.5931e+08
2.1250e+03 1.6233e+08
2.1260e+03 1.6540e+08
2.1270e+03 1.6853e+08
2.1280e+03 1.7172e+08
2.1290e+03 1.7498e+08
2.1300e+03 1.7830e+08
2.1310e+03 1.8168e+08
2.1320e+03 1.8513e+08
2.1330e+03 1.8864e+08
2.1340e+03 1.9223e+08
2.1350e+03 1.9588e+08
2.1360e+03 1.9961e+08
2.1370e+03 2.0340e+08
2.1380e+03 2.0728e+08
2.1390e+03 2.1122e+08
2.1400e+03 2.1525e+08
2.1410e+03 2.1935e+08
2.1420e+03 2.2354e+08
2.1430e+03 2.2780e+08
2.1440e+03 2.3215e+08
2.1450e+03 2.3658e+08
2.1460e+03 2.4110e+08
2.1470e+03 2.4571e+08
2.1480e+03 2.5041e+08
2.1490e+03 2.5520e+08
2.1500e+03 2.6009e+08
2.1510e+03 2.6507e+08
2.1520e+03 2.7015e+08
2.1530e+03 2.7533e+08
2.1540e+03 2.8061e+08
2.1550e+03 2.8599e+08
2.1560e+03 2.9149e+08
2.1570e+03 2.9708e+08
2.1580e+03 3.0279e+08
2.1590e+03 3.0861e+08
2.1600e+03 3.1455e+08
2.1610e+03 3.2060e+08
2.1620e+03 3.2677e+08
2.1630e+03 3.3307e+08
2.1640e+03 3.3949e+08
2.1650e+03 3.4603e+08
2.1660e+03 3.5271e+08
2.1670e+03 3.5951e+08
2.1680e+03 3.6645e+08
2.1690e+03 3.7353e+08
2.1700e+03 3.8075e+08
2.1710e+03 3.8811e+08
2.1720e+03 3.9561e+08
2.1730e+03 4.0327e+08
2.1740e+03 4.1108e+08
2.1750e+03 4.1904e+08
2.1760e+03 4.2716e+08
2.1770e+03 4.3544e+08
2.1780e+03 4.4389e+08
2.1790e+03 4.5250e+08
2.1800e+03 4.6128e+08
2.1810e+03 4.7024e+08
2.1820e+03 4.7938e+08
2.1830e+03 4.8870e+08
2.1840e+03 4.9820e+08
2.1850e+03 5.0790e+08
2.1860e+03 5.1779e+08
2.1870e+03 5.2787e+08
2.1880e+03 5.3816e+08
2.1890e+03 5.4865e+08
2.1900e+03 5.5935e+08
2.1910e+03 5.7026e+08
2.1920e+03 5.8140e+08
2.1930e+03 5.9275e+08
2.1940e+03 6.0433e+08
2.1950e+03 6.1615e+08
2.1960e+03 6.2820e+08
2.1970e+03 6.4049e+08
2.1980e+03 6.5302e+08
2.1990e+03 6.6581e+08
2.2000e+03 6.7886e+08
2.2010e+03 6.9217e+08
2.2020e+03 7.0574e+08
2.2030e+03 7.1959e+08
2.2040e+03 7.3371e+08
2.2050e+03 7.4812e+08
2.2060e+03 7.6282e+08
2.2070e+03 7.7781e+08
2.2080e+03 7.9311e+08
2.2090e+03 8.0871e+08
2.2100e+03 8.2463e+08
2.2110e+03 8.4087e+08
2.2120e+03 8.5744e+08
2.2130e+03 8.7434e+08
2.2140e+03 8.9158e+08
2.2150e+03 9.0917e+08
2.2160e+03 9.2711e+08
2.2170e+03 9.4542e+08
2.2180e+03 9.6410e+08
2.2190e+03 9.8315e+08
2.2200e+03 1.0026e+09
2.2210e+03 1.0224e+09
2.2220e+03 1.0427e+09
2.2230e+03 1.0633e+09
2.2240e+03 1.0844e+09
2.2250e+03 1.1059e+09
2.2260e+03 1.1278e+09
2.2270e+03 1.1502e+09
2.2280e+03 1.1730e+09
2.2290e+03 1.1963e+09
2.2300e+03 1.2200e+09
2.2310e+03 1.2443e+09
2.2320e+03 1.2690e+09
2.2330e+03 1.2943e+09
2.2340e+03 1.3200e+09
2.2350e+03 1.3463e+09
2.2360e+03 1.3731e+09
2.2370e+03 1.4005e+09
2.2380e+03 1.4284e+09
2.2390e+03 1.4569e+09
2.2400e+03 1.4859e+09
2.2410e+03 1.5156e+09
2.2420e+03 1.5459e+09
2.2430e+03 1.5768e+09
2.2440e+03 1.6083e+09
2.2450e+03 1.6404e+09
2.2460e+03 1.6733e+09
2.2470e+03 1.7067e+09
2.2480e+03 1.7409e+09
2.2490e+03 1.7758e+09
2.2500e+03 1.8114e+09
2.2510e+03 1.8477e+09
2.2520e+03 1.8848e+09
2.2530e+03 1.9226e+09
2.2540e+03 1.9612e+09
2.2550e+03 2.0006e+09
2.2560e+03 2.0408e+09
2.2570e+03 2.0818e+09
2.2580e+03 2.1237e+09
2.2590e+03 2.1665e+09
2.2600e+03 2.2101e+09
2.2610e+03 2.2546e+09
2.2620e+03 2.3000e+09
2.2630e+03 2.3464e+09
2.2640e+03 2.3937e+09
2.2650e+03 2.4420e+09
2.2660e+03 2.4913e+09
2.2670e+03 2.5416e+09
2.2680e+03 2.5930e+09
2.2690e+03 2.6454e+09
2.2700e+03 2.6989e+09
2.2710e+03 2.7535e+09
2.2720e+03 2.8092e+09
2.2730e+03 2.8661e+09
2.2740e+03 2.9242e+09
2.2750e+03 2.9835e+09
2.2760e+03 3.0440e+09
2.2770e+03 3.1057e+09
2.2780e+03 3.1687e+09
2.2790e+03 3.2331e+09
2.2800e+03 3.2987e+09
2.2810e+03 3.3658e+09
2.2820e+03 3.4342e+09
2.2830e+03 3.5041e+09
2.2840e+03 3.5754e+09
2.2850e+03 3.6482e+09
2.2860e+03 3.7225e+09
2.2870e+03 3.7983e+09
2.2880e+03 3.8757e+09
2.2890e+03 3.9548e+09
2.2900e+03 4.0355e+09
2.2910e+03 4.1178e+09
2.2920e+03 4.2019e+09
2.2930e+03 4.2878e+09
2.2940e+03 4.3754e+09
2.2950e+03 4.4649e+09
2.2960e+03 4.5562e+09
2.2970e+03 4.6495e+09
2.2980e+03 4.7447e+09
2.2990e+03 4.8418e+09
2.3000e+03 4.9411e+09
2.3010e+03 5.0424e+09
2.3020e+03 5.1458e+09
2.3030e+03 5.2514e+09
2.3040e+03 5.3592e+09
2.3050e+03 5.4693e+09
2.3060e+03 5.5816e+09
2.3070e+03 5.6964e+09
2.3080e+03 5.8135e+09
2.3090e+03 5.9331e+09
2.3100e+03 6.0552e+09
2.3110e+03 6.1799e+09
2.3120e+03 6.3072e+09
2.3130e+03 6.4372e+09
2.3140e+03 6.5700e+09
2.3150e+03 6.7055e+09
2.3160e+03 6.8439e+09
2.3170e+03 6.9852e+09
2.3180e+03 7.1295e+09
2.3190e+03 7.2768e+09
2.3200e+03 7.4272e+09
2.3210e+03 7.5808e+09
2.3220e+03 7.7377e+09
2.3230e+03 7.8978e+09
2.3240e+03 8.0614e+09
2.3250e+03 8.2284e+09
2.3260e+03 8.3990e+09
2.3270e+03 8.5731e+09
2.3280e+03 8.7510e+09
2.3290e+03 8.9326e+09
2.3300e+03 9.1181e+09
2.3310e+03 9.3075e+09
2.3320e+03 9.5009e+09
2.3330e+03 9.6984e+09
2.3340e+03 9.9001e+09
2.3350e+03 1.0106e+10
2.3360e+03 1.0317e+10
2.3370e+03 1.0531e+10
2.3380e+03 1.0751e+10
2.3390e+03 1.0975e+10
2.3400e+03 1.1204e+10
2.3410e+03 1.1437e+10
2.3420e+03 1.1676e+10
2.3430e+03 1.1920e+10
2.3440e+03 1.2169e+10
2.3450e+03 1.2423e+10
2.3460e+03 1.2683e+10
2.3470e+03 1.2948e+10
2.3480e+03 1.3219e+10
2.3490e+03 1.3496e+10
2.3500e+03 1.3779e+10
2.3510e+03 1.4067e+10
2.3520e+03 1.4362e+10
2.3530e+03 1.4663e+10
2.3540e+03 1.4971e+10
2.3550e+03 1.5285e+10
2.3560e+03 1.5606e+10
2.3570e+03 1.5934e+10
2.3580e+03 1.6269e+10
2.3590e+03 1.6611e+10
2.3600e+03 1.6960e+10
2.3610e+03 1.7317e+10
2.3620e+03 1.7682e+10
2.3630e+03 1.8054e+10
2.3640e+03 1.8434e+10
2.3650e+03 1.8823e+10
2.3660e+03 1.9220e+10
2.3670e+03 1.9625e+10
2.3680e+03 2.0040e+10
2.3690e+03 2.0463e+10
2.3700e+03 2.0895e+10
2.3710e+03 2.1336e+10
2.3720e+03 2.1788e+10
2.3730e+03 2.2248e+10
2.3740e+03 2.2719e+10
2.3750e+03 2.3200e+10
2.3760e+03 2.3691e+10
2.3770e+03 2.4193e+10
2.3780e+03 2.4706e+10
2.3790e+03 2.5230e+10
2.3800e+03 2.5765e+10
2.3810e+03 2.6312e+10
2.3820e+03 2.6871e+10
2.3830e+03 2.7441e+10
2.3840e+03 2.8024e+10
2.3850e+03 2.8620e+10
2.3860e+03 2.9229e+10
2.3870e+03 2.9851e+10
2.3880e+03 3.0486e+10
2.3890e+03 3.1135e+10
2.3900e+03 3.1799e+10
2.3910e+03 3.2476e+10
2.3920e+03 3.3169e+10
2.3930e+03 3.3876e+10
2.3940e+03 3.4599e+10
2.3950e+03 3.5338e+10
2.3960e+03 3.6093e+10
2.3970e+03 3.6864e+10
2.3980e+03 3.7652e+10
2.3990e+03 3.8457e+10
2.4000e+03 3.9280e+10
2.4010e+03 4.0120e+10
2.4020e+03 4.0979e+10
2.4030e+03 4.1857e+10
2.4040e+03 4.2754e+10
2.4050e+03 4.3671e+10
2.4060e+03 4.4607e+10
2.4070e+03 4.5564e+10
2.4080e+03 4.6542e+10
2.4090e+03 4.7542e+10
2.4100e+03 4.8563e+10
2.4110e+03 4.9607e+10
2.4120e+03 5.0674e+10
2.4130e+03 5.1764e+10
2.4140e+03 5.2878e+10
2.4150e+03 5.4016e+10
2.4160e+03 5.5179e+10
2.4170e+03 5.6368e+10
2.4180e+03 5.7583e+10
2.4190e+03 5.8825e+10
2.4200e+03 6.0094e+10
2.4210e+03 6.1391e+10
2.4220e+03 6.2717e+10
2.4230e+03 6.4071e+10
2.4240e+03 6.5456e+10
2.4250e+03 6.6871e+10
2.4260e+03 6.8317e+10
2.4270e+03 6.9795e+10
2.4280e+03 7.1306e+10
2.4290e+03 7.2850e+10
2.4300e+03 7.4429e+10
2.4310e+03 7.6042e+10
2.4320e+03 7.7690e+10
2.4330e+03 7.9375e+10
2.4340e+03 8.1098e+10
2.4350e+03 8.2858e+10
2.4360e+03 8.4658e+10
2.4370e+03 8.6497e+10
2.4380e+03 8.8377e+10
2.4390e+03 9.0299e+10
2.4400e+03 9.2263e+10
2.4410e+03 9.4271e+10
2.4420e+03 9.6324e+10
2.4430e+03 9.8422e+10
2.4440e+03 1.0057e+11
2.4450e+03 1.0276e+11
2.4460e+03 1.0500e+11
2.4470e+03 1.0729e+11
2.4480e+03 1.0963e+11
2.4490e+03 1.1203e+11
2.4500e+03 1.1447e+11
2.4510e+03 1.1697e+11
2.4520e+03 1.1953e+11
2.4530e+03 1.2215e+11
2.4540e+03 1.2482e+11
2.4550e+03 1.2755e+11
2.4560e+03 1.3034e+11
2.4570e+03 1.3320e+11
2.4580e+03 1.3612e+11
2.4590e+03 1.3910e+11
2.4600e+03 1.4215e+11
2.4610e+03 1.4527e+11
2.4620e+03 1.4846e+11
2.4630e+03 1.5172e+11
2.4640e+03 1.5506e+11
2.4650e+03 1.5846e+11
2.4660e+03 1.6195e+11
2.4670e+03 1.6551e+11
2.4680e+03 1.6915e+11
2.4690e+03 1.7288e+11
2.4700e+03 1.7668e+11
2.4710e+03 1.8058e+11
2.4720e+03 1.8456e+11
2.4730e+03 1.8863e+11
2.4740e+03 1.9279e+11
2.4750e+03 1.9704e+11
2.4760e+03 2.0139e+11
2.4770e+03 2.0584e+11
2.4780e+03 2.1039e+11
2.4790e+03 2.1504e+11
2.4800e+03 2.1980e+11
2.4810e+03 2.2466e+11
2.4820e+03 2.2963e+11
2.4830e+03 2.3472e+11
2.4840e+03 2.3992e+11
2.4850e+03 2.4523e+11
2.4860e+03 2.5067e+11
2.4870e+03 2.5623e+11
2.4880e+03 2.6191e+11
2.4890e+03 2.6773e+11
2.4900e+03 2.7367e+11
2.4910e+03 2.7975e+11
2.4920e+03 2.8597e+11
2.4930e+03 2.9232e+11
2.4940e+03 2.9883e+11
2.4950e+03 3.0547e+11
2.4960e+03 3.1227e+11
2.4970e+03 3.1923e+11
2.4980e+03 3.2634e+11
2.4990e+03 3.3361e+11
2.5000e+03 3.4105e+11
2.5010e+03 3.4866e+11
2.5020e+03 3.5643e+11
2.5030e+03 3.6439e+11
2.5040e+03 3.7253e+11
2.5050e+03 3.8085e+11
2.5060e+03 3.8936e+11
2.5070e+03 3.9807e+11
2.5080e+03 4.0697e+11
2.5090e+03 4.1608e+11
2.5100e+03 4.2539e+11
2.5110e+03 4.3492e+11
2.5120e+03 4.4466e+11
2.5130e+03 4.5463e+11
2.5140e+03 4.6482e+11
2.5150e+03 4.7525e+11
2.5160e+03 4.8591e+11
2.5170e+03 4.9682e+11
2.5180e+03 5.0797e+11
2.5190e+03 5.1939e+11
2.5200e+03 5.3106e+11
2.5210e+03 5.4300e+11
2.5220e+03 5.5521e+11
2.5230e+03 5.6771e+11
2.5240e+03 5.8049e+11
2.5250e+03 5.9356e+11
2.5260e+03 6.0693e+11
2.5270e+03 6.2061e+11
2.5280e+03 6.3460e+11
2.5290e+03 6.4892e+11
2.5300e+03 6.6356e+11
2.5310e+03 6.7854e+11
2.5320e+03 6.9386e+11
2.5330e+03 7.0954e+11
2.5340e+03 7.2558e+11
2.5350e+03 7.4198e+11
2.5360e+03 7.5876e+11
2.5370e+03 7.7593e+11
2.5380e+03 7.9350e+11
2.5390e+03 8.1147e+11
2.5400e+03 8.2985e+11
2.5410e+03 8.4866e+11
2.5420e+03 8.6790e+11
2.5430e+03 8.8759e+11
2.5440e+03 9.0773e+11
2.5450e+03 9.2834e+11
2.5460e+03 9.4942e+11
2.5470e+03 9.7099e+11
2.5480e+03 9.9306e+11
2.5490e+03 1.0156e+12
2.5500e+03 1.0387e+12
2.5510e+03 1.0624e+12
2.5520e+03 1.0866e+12
2.5530e+03 1.1113e+12
2.5540e+03 1.1366e+12
2.5550e+03 1.1625e+12
2.5560e+03 1.1890e+12
2.5570e+03 1.2161e+12
2.5580e+03 1.2439e+12
2.5590e+03 1.2723e+12
2.5600e+03 1.3013e+12
2.5610e+03 1.3311e+12
2.5620e+03 1.3615e+12
2.5630e+03 1.3926e+12
2.5640e+03 1.4245e+12
2.5650e+03 1.4571e+12
2.5660e+03 1.4904e+12
2.5670e+03 1.5245e+12
2.5680e+03 1.5595e+12
2.5690e+03 1.5952e+12
2.5700e+03 1.6318e+12
2.5710e+03 1.6692e+12
2.5720e+03 1.7075e+12
2.5730e+03 1.7467e+12
2.5740e+03 1.7868e+12
2.5750e+03 1.8279e+12
2.5760e+03 1.8699e+12
2.5770e+03 1.9128e+12
2.5780e+03 1.9568e+12
2.5790e+03 2.0019e+12
2.5800e+03 2.0479e+12
2.5810e+03 2.0951e+12
2.5820e+03 2.1433e+12
2.5830e+03 2.1927e+12
2.5840e+03 2.2433e+12
2.5850e+03 2.2950e+12
2.5860e+03 2.3480e+12
2.5870e+03 2.4022e+12
2.5880e+03 2.4576e+12
2.5890e+03 2.5144e+12
2.5900e+03 2.5725e+12
2.5910e+03 2.6319e+12
2.5920e+03 2.6928e+12
2.5930e+03 2.7551e+12
2.5940e+03 2.8189e+12
2.5950e+03 2.8841e+12
2.5960e+03 2.9509e+12
2.5970e+03 3.0193e+12
2.5980e+03 3.0893e+12
2.5990e+03 3.1609e+12
2.6000e+03 3.2342e+12
2.6010e+03 3.3093e+12
2.6020e+03 3.3861e+12
2.6030e+03 3.4647e+12
2.6040e+03 3.5452e+12
2.6050e+03 3.6276e+12
2.6060e+03 3.7120e+12
2.6070e+03 3.7983e+12
2.6080e+03 3.8867e+12
2.6090e+03 3.9772e+12
2.6100e+03 4.0698e+12
2.6110e+03 4.1646e+12
2.6120e+03 4.2617e+12
2.6130e+03 4.3610e+12
2.6140e+03 4.4627e+12
2.6150e+03 4.5669e+12
2.6160e+03 4.6735e+12
2.6170e+03 4.7826e+12
2.6180e+03 4.8943e+12
2.6190e+03 5.0087e+12
2.6200e+03 5.1258e+12
2.6210e+03 5.2456e+12
2.6220e+03 5.3684e+12
2.6230e+03 5.4940e+12
2.6240e+03 5.6226e+12
2.6250e+03 5.7543e+12
2.6260e+03 5.8892e+12
2.6270e+03 6.0272e+12
2.6280e+03 6.1685e+12
2.6290e+03 6.3132e+12
2.6300e+03 6.4614e+12
2.6310e+03 6.6131e+12
2.6320e+03 6.7684e+12
2.6330e+03 6.9274e+12
2.6340e+03 7.0902e+12
2.6350e+03 7.2569e+12
2.6360e+03 7.4276e+12
2.6370e+03 7.6024e+12
2.6380e+03 7.7814e+12
2.6390e+03 7.9646e+12
2.6400e+03 8.1523e+12
2.6410e+03 8.3444e+12
2.6420e+03 8.5411e+12
2.6430e+03 8.7425e+12
2.6440e+03 8.9488e+12
2.6450e+03 9.1600e+12
2.6460e+03 9.3763e+12
2.6470e+03 9.5978e+12
2.6480e+03 9.8246e+12
2.6490e+03 1.0057e+13
2.6500e+03 1.0295e+13
2.6510e+03 1.0538e+13
2.6520e+03 1.0788e+13
2.6530e+03 1.1043e+13
2.6540e+03 1.1305e+13
2.6550e+03 1.1572e+13
2.6560e+03 1.1847e+13
2.6570e+03 1.2128e+13
2.6580e+03 1.2415e+13
2.6590e+03 1.2710e+13
2.6600e+03 1.3012e+13
2.6610e+03 1.3321e+13
2.6620e+03 1.3637e+13
2.6630e+03 1.3961e+13
2.6640e+03 1.4293e+13
2.6650e+03 1.4633e+13
2.6660e+03 1.4981e+13
2.6670e+03 1.5338e+13
2.6680e+03 1.5703e+13
2.6690e+03 1.6077e+13
2.6700e+03 1.6460e+13
2.6710e+03 1.6852e+13
2.6720e+03 1.7254e+13
2.6730e+03 1.7666e+13
2.6740e+03 1.8087e+13
2.6750e+03 1.8519e+13
2.6760e+03 1.8962e+13
2.6770e+03 1.9415e+13
2.6780e+03 1.9879e+13
2.6790e+03 2.0354e+13
2.6800e+03 2.0841e+13
2.6810e+03 2.1339e+13
2.6820e+03 2.1850e+13
2.6830e+03 2.2373e+13
2.6840e+03 2.2909e+13
2.6850e+03 2.3458e+13
2.6860e+03 2.4021e+13
2.6870e+03 2.4597e+13
2.6880e+03 2.5187e+13
2.6890e+03 2.5791e+13
2.6900e+03 2.6411e+13
2.6910e+03 2.7045e+13
2.6920e+03 2.7695e+13
2.6930e+03 2.8361e+13
2.6940e+03 2.9042e+13
2.6950e+03 2.9741e+13
2.6960e+03 3.0457e+13
2.6970e+03 3.1190e+13
2.6980e+03 3.1941e+13
2.6990e+03 3.2711e+13
2.7000e+03 3.3499e+13
2.7010e+03 3.4306e+13
2.7020e+03 3.5134e+13
2.7030e+03 3.5981e+13
2.7040e+03 3.6850e+13
2.7050e+03 3.7740e+13
2.7060e+03 3.8651e+13
2.7070e+03 3.9585e+13
2.7080e+03 4.0542e+13
2.7090e+03 4.1522e+13
2.7100e+03 4.2527e+13
2.7110e+03 4.3556e+13
2.7120e+03 4.4610e+13
2.7130e+03 4.5691e+13
2.7140e+03 4.6797e+13
2.7150e+03 4.7932e+13
2.7160e+03 4.9094e+13
2.7170e+03 5.0284e+13
2.7180e+03 5.1504e+13
2.7190e+03 5.2754e+13
2.7200e+03 5.4035e+13
2.7210e+03 5.5348e+13
2.7220e+03 5.6693e+13
2.7230e+03 5.8071e+13
2.7240e+03 5.9483e+13
2.7250e+03 6.0930e+13
2.7260e+03 6.2412e+13
2.7270e+03 6.3932e+13
2.7280e+03 6.5489e+13
2.7290e+03 6.7084e+13
2.7300e+03 6.8719e+13
2.7310e+03 7.0394e+13
2.7320e+03 7.2111e+13
2.7330e+03 7.3870e+13
2.7340e+03 7.5673e+13
2.7350e+03 7.7521e+13
2.7360e+03 7.9414e+13
2.7370e+03 8.1355e+13
2.7380e+03 8.3343e+13
2.7390e+03 8.5381e+13
2.7400e+03 8.7470e+13
2.7410e+03 8.9610e+13
2.7420e+03 9.1804e+13
2.7430e+03 9.4052e+13
2.7440e+03 9.6356e+13
2.7450e+03 9.8717e+13
2.7460e+03 1.0114e+14
2.7470e+03 1.0362e+14
2.7480e+03 1.0616e+14
2.7490e+03 1.0877e+14
2.7500e+03 1.1144e+14
2.7510e+03 1.1417e+14
2.7520e+03 1.1698e+14
2.7530e+03 1.1985e+14
2.7540e+03 1.2280e+14
2.7550e+03 1.2582e+14
2.7560e+03 1.2892e+14
2.7570e+03 1.3209e+14
2.7580e+03 1.3534e+14
2.7590e+03 1.3868e+14
2.7600e+03 1.4209e+14
2.7610e+03 1.4560e+14
2.7620e+03 1.4919e+14
2.7630e+03 1.5287e+14
2.7640e+03 1.5664e+14
2.7650e+03 1.6050e+14
2.7660e+03 1.6447e+14
2.7670e+03 1.6853e+14
2.7680e+03 1.7270e+14
2.7690e+03 1.7697e+14
2.7700e+03 1.8134e+14
2.7710e+03 1.8583e+14
2.7720e+03 1.9043e+14
2.7730e+03 1.9514e+14
2.7740e+03 1.9998e+14
2.7750e+03 2.0493e+14
2.7760e+03 2.1001e+14
2.7770e+03 2.1522e+14
2.7780e+03 2.2056e+14
2.7790e+03 2.2603e+14
2.7800e+03 2.3164e+14
2.7810e+03 2.3739e+14
2.7820e+03 2.4329e+14
2.7830e+03 2.4934e+14
2.7840e+03 2.5553e+14
2.7850e+03 2.6189e+14
2.7860e+03 2.6840e+14
2.7870e+03 2.7508e+14
2.7880e+03 2.8193e+14
2.7890e+03 2.8895e+14
2.7900e+03 2.9615e+14
2.7910e+03 3.0353e+14
2.7920e+03 3.1110e+14
2.7930e+03 3.1886e+14
2.7940e+03 3.2681e+14
2.7950e+03 3.3497e+14
2.7960e+03 3.4333e+14
2.7970e+03 3.5191e+14
2.7980e+03 3.6070e+14
2.7990e+03 3.6972e+14
2.8000e+03 3.7896e+14
2.8010e+03 3.8844e+14
2.8020e+03 3.9816e+14
2.8030e+03 4.0812e+14
2.8040e+03 4.1834e+14
2.8050e+03 4.2882e+14
2.8060e+03 4.3957e+14
2.8070e+03 4.5058e+14
2.8080e+03 4.6188e+14
2.8090e+03 4.7347e+14
2.8100e+03 4.8535e+14
2.8110e+03 4.9753e+14
2.8120e+03 5.1003e+14
2.8130e+03 5.2284e+14
2.8140e+03 5.3598e+14
2.8150e+03 5.4945e+14
2.8160e+03 5.6327e+14
2.8170e+03 5.7744e+14
2.8180e+03 5.9197e+14
2.8190e+03 6.0688e+14
2.8200e+03 6.2216e+14
2.8210e+03 6.3783e+14
2.8220e+03 6.5391e+14
2.8230e+03 6.7039e+14
2.8240e+03 6.8730e+14
2.8250e+03 7.0464e+14
2.8260e+03 7.2243e+14
2.8270e+03 7.4067e+14
2.8280e+03 7.5937e+14
2.8290e+03 7.7856e+14
2.8300e+03 7.9824e+14
2.8310e+03 8.1842e+14
2.8320e+03 8.3912e+14
2.8330e+03 8.6035e+14
2.8340e+03 8.8212e+14
2.8350e+03 9.0446e+14
2.8360e+03 9.2737e+14
2.8370e+03 9.5087e+14
2.8380e+03 9.7497e+14
2.8390e+03 9.9969e+14
2.8400e+03 1.0250e+15
2.8410e+03 1.0511e+15
2.8420e+03 1.0777e+15
2.8430e+03 1.1051e+15
2.8440e+03 1.1332e+15
2.8450e+03 1.1620e+15
2.8460e+03 1.1915e+15
2.8470e+03 1.2218e+15
2.8480e+03 1.2529e+15
2.8490e+03 1.2848e+15
2.8500e+03 1.3175e+15
2.8510e+03 1.3510e+15
2.8520e+03 1.3854e+15
2.8530e+03 1.4207e+15
2.8540e+03 1.4569e+15
2.8550e+03 1.4941e+15
2.8560e+03 1.5322e+15
2.8570e+03 1.5713e+15
2.8580e+03 1.6114e+15
2.8590e+03 1.6526e+15
2.8600e+03 1.6948e+15
2.8610e+03 1.7381e+15
2.8620e+03 1.7825e+15
2.8630e+03 1.8281e+15
2.8640e+03 1.8749e+15
2.8650e+03 1.9229e+15
2.8660e+03 1.9721e+15
2.8670e+03 2.0226e+15
2.8680e+03 2.0744e+15
2.8690e+03 2.1276e+15
2.8700e+03 2.1821e+15
2.8710e+03 2.2381e+15
2.8720e+03 2.2955e+15
2.8730e+03 2.3544e+15
2.8740e+03 2.4148e+15
2.8750e+03 2.4769e+15
2.8760e+03 2.5405e+15
2.8770e+03 2.6058e+15
2.8780e+03 2.6728e+15
2.8790e+03 2.7415e+15
2.8800e+03 2.8120e+15
2.8810e+03 2.8844e+15
2.8820e+03 2.9587e+15
2.8830e+03 3.0349e+15
2.8840e+03 3.1131e+15
2.8850e+03 3.1933e+15
2.8860e+03 3.2756e+15
2.8870e+03 3.3601e+15
2.8880e+03 3.4468e+15
2.8890e+03 3.5357e+15
2.8900e+03 3.6270e+15
2.8910e+03 3.7207e+15
2.8920e+03 3.8168e+15
2.8930e+03 3.9155e+15
2.8940e+03 4.0167e+15
2.8950e+03 4.1206e+15
2.8960e+03 4.2272e+15
2.8970e+03 4.3366e+15
2.8980e+03 4.4488e+15
2.8990e+03 4.5641e+15
2.9000e+03 4.6823e+15
2.9010e+03 4.8037e+15
2.9020e+03 4.9282e+15
2.9030e+03 5.0560e+15
2.9040e+03 5.1872e+15
2.9050e+03 5.3218e+15
2.9060e+03 5.4600e+15
2.9070e+03 5.6018e+15
2.9080e+03 5.7473e+15
2.9090e+03 5.8967e+15
2.9100e+03 6.0500e+15
2.9110e+03 6.2073e+15
2.9120e+03 6.3688e+15
2.9130e+03 6.5346e+15
2.9140e+03 6.7047e+15
2.9150e+03 6.8793e+15
2.9160e+03 7.0585e+15
2.9170e+03 7.2425e+15
2.9180e+03 7.4313e+15
2.9190e+03 7.6251e+15
2.9200e+03 7.8240e+15
2.9210e+03 8.0282e+15
2.9220e+03 8.2378e+15
2.9230e+03 8.4529e+15
2.9240e+03 8.6738e+15
2.9250e+03 8.9005e+15
2.9260e+03 9.1331e+15
2.9270e+03 9.3720e+15
2.9280e+03 9.6172e+15
2.9290e+03 9.8689e+15
2.9300e+03 1.0127e+16
2.9310e+03 1.0392e+16
2.9320e+03 1.0665e+16
2.9330e+03 1.0944e+16
2.9340e+03 1.1231e+16
2.9350e+03 1.1526e+16
2.9360e+03 1.1828e+16
2.9370e+03 1.2138e+16
2.9380e+03 1.2457e+16
2.9390e+03 1.2784e+16
2.9400e+03 1.3120e+16
2.9410e+03 1.3465e+16
2.9420e+03 1.3819e+16
2.9430e+03 1.4182e+16
2.9440e+03 1.4555e+16
2.9450e+03 1.4938e+16
2.9460e+03 1.5331e+16
2.9470e+03 1.5735e+16
2.9480e+03 1.6150e+16
2.9490e+03 1.6575e+16
2.9500e+03 1.7012e+16
2.9510e+03 1.7461e+16
2.9520e+03 1.7921e+16
2.9530e+03 1.8394e+16
2.9540e+03 1.8880e+16
2.9550e+03 1.9378e+16
2.9560e+03 1.9890e+16
2.9570e+03 2.0416e+16
2.9580e+03 2.0955e+16
2.9590e+03 2.1509e+16
2.9600e+03 2.2078e+16
2.9610e+03 2.2663e+16
2.9620e+03 2.3262e+16
2.9630e+03 2.3878e+16
2.9640e+03 2.4511e+16
2.9650e+03 2.5160e+16
2.9660e+03 2.5827e+16
2.9670e+03 2.6512e+16
2.9680e+03 2.7215e+16
2.9690e+03 2.7937e+16
2.9700e+03 2.8679e+16
2.9710e+03 2.9440e+16
2.9720e+03 3.0222e+16
2.9730e+03 3.1025e+16
2.9740e+03 3.1850e+16
2.9750e+03 3.2696e+16
2.9760e+03 3.3566e+16
2.9770e+03 3.4459e+16
2.9780e+03 3.5376e+16
2.9790e+03 3.6318e+16
2.9800e+03 3.7285e+16
2.9810e+03 3.8278e+16
2.9820e+03 3.9298e+16
2.9830e+03 4.0346e+16
2.9840e+03 4.1422e+16
2.9850e+03 4.2527e+16
2.9860e+03 4.3662e+16
2.9870e+03 4.4827e+16
2.9880e+03 4.6025e+16
2.9890e+03 4.7254e+16
2.9900e+03 4.8517e+16
2.9910e+03 4.9814e+16
2.9920e+03 5.1146e+16
2.9930e+03 5.2514e+16
2.9940e+03 5.3919e+16
2.9950e+03 5.5362e+16
2.9960e+03 5.6845e+16
2.9970e+03 5.8367e+16
2.9980e+03 5.9931e+16
2.9990e+03 6.1538e+16
3.0000e+03 6.3188e+16
3.0010e+03 6.4882e+16
3.0020e+03 6.6623e+16
3.0030e+03 6.8412e+16
3.0040e+03 7.0248e+16
3.0050e+03 7.2135e+16
3.0060e+03 7.4073e+16
3.0070e+03 7.6064e+16
3.0080e+03 7.8109e+16
3.0090e+03 8.0210e+16
3.0100e+03 8.2368e+16
3.0110e+03 8.4584e+16
3.0120e+03 8.6861e+16
3.0130e+03 8.9201e+16
3.0140e+03 9.1604e+16
3.0150e+03 9.4072e+16
3.0160e+03 9.6608e+16
3.0170e+03 9.9214e+16
3.0180e+03 1.0189e+17
3.0190e+03 1.0464e+17
3.0200e+03 1.0746e+17
3.0210e+03 1.1037e+17
3.0220e+03 1.1335e+17
3.0230e+03 1.1641e+17
3.0240e+03 1.1956e+17
3.0250e+03 1.2279e+17
3.0260e+03 1.2611e+17
3.0270e+03 1.2952e+17
3.0280e+03 1.3303e+17
3.0290e+03 1.3663e+17
3.0300e+03 1.4033e+17
3.0310e+03 1.4413e+17
3.0320e+03 1.4804e+17
3.0330e+03 1.5205e+17
3.0340e+03 1.5618e+17
3.0350e+03 1.6041e+17
3.0360e+03 1.6477e+17
3.0370e+03 1.6924e+17
3.0380e+03 1.7384e+17
3.0390e+03 1.7856e+17
3.0400e+03 1.8341e+17
3.0410e+03 1.8840e+17
3.0420e+03 1.9352e+17
3.0430e+03 1.9878e+17
3.0440e+03 2.0419e+17
3.0450e+03 2.0975e+17
3.0460e+03 2.1546e+17
3.0470e+03 2.2133e+17
3.0480e+03 2.2736e+17
3.0490e+03 2.3356e+17
3.0500e+03 2.3993e+17
3.0510e+03 2.4647e+17
3.0520e+03 2.5320e+17
3.0530e+03 2.6011e+17
3.0540e+03 2.6721e+17
3.0550e+03 2.7451e+17
3.0560e+03 2.8201e+17
3.0570e+03 2.8971e+17
3.0580e+03 2.9763e+17
3.0590e+03 3.0577e+17
3.0600e+03 3.1414e+17
3.0610e+03 3.2274e+17
3.0620e+03 3.3157e+17
3.0630e+03 3.4065e+17
3.0640e+03 3.4998e+17
3.0650e+03 3.5957e+17
3.0660e+03 3.6943e+17
3.0670e+03 3.7956e+17
3.0680e+03 3.8997e+17
3.0690e+03 4.0067e+17
3.0700e+03 4.1166e+17
3.0710e+03 4.2297e+17
3.0720e+03 4.3458e+17
3.0730e+03 4.4652e+17
3.0740e+03 4.5880e+17
3.0750e+03 4.7141e+17
3.0760e+03 4.8437e+17
3.0770e+03 4.9770e+17
3.0780e+03 5.1140e+17
3.0790e+03 5.2547e+17
3.0800e+03 5.3994e+17
3.0810e+03 5.5482e+17
3.0820e+03 5.7011e+17
3.0830e+03 5.8582e+17
3.0840e+03 6.0197e+17
3.0850e+03 6.1858e+17
3.0860e+03 6.3565e+17
3.0870e+03 6.5319e+17
3.0880e+03 6.7123e+17
3.0890e+03 6.8977e+17
3.0900e+03 7.0882e+17
3.0910e+03 7.2841e+17
3.0920e+03 7.4855e+17
3.0930e+03 7.6925e+17
3.0940e+03 7.9053e+17
3.0950e+03 8.1241e+17
3.0960e+03 8.3490e+17
3.0970e+03 8.5802e+17
3.0980e+03 8.8179e+17
3.0990e+03 9.0622e+17
3.1000e+03 9.3134e+17
3.1010e+03 9.5717e+17
3.1020e+03 9.8371e+17
3.1030e+03 1.0110e+18
3.1040e+03 1.0391e+18
3.1050e+03 1.0679e+18
3.1060e+03 1.0976e+18
3.1070e+03 1.1281e+18
3.1080e+03 1.1594e+18
3.1090e+03 1.1917e+18
3.1100e+03 1.2248e+18
3.1110e+03 1.2589e+18
3.1120e+03 1.2939e+18
3.1130e+03 1.3299e+18
3.1140e+03 1.3669e+18
3.1150e+03 1.4050e+18
3.1160e+03 1.4442e+18
3.1170e+03 1.4844e+18
3.1180e+03 1.5258e+18
3.1190e+03 1.5684e+18
3.1200e+03 1.6121e+18
3.1210e+03 1.6571e+18
3.1220e+03 1.7034e+18
3.1230e+03 1.7510e+18
3.1240e+03 1.7999e+18
3.1250e+03 1.8502e+18
3.1260e+03 1.9019e+18
3.1270e+03 1.9551e+18
3.1280e+03 2.0098e+18
3.1290e+03 2.0660e+18
3.1300e+03 2.1238e+18
3.1310e+03 2.1833e+18
3.1320e+03 2.2445e+18
3.1330e+03 2.3073e+18
3.1340e+03 2.3720e+18
3.1350e+03 2.4385e+18
3.1360e+03 2.5069e+18
3.1370e+03 2.5772e+18
3.1380e+03 2.6496e+18
3.1390e+03 2.7239e+18
3.1400e+03 2.8004e+18
3.1410e+03 2.8791e+18
3.1420e+03 2.9600e+18
3.1430e+03 3.0432e+18
3.1440e+03 3.1288e+18
3.1450e+03 3.2168e+18
3.1460e+03 3.3073e+18
3.1470e+03 3.4004e+18
3.1480e+03 3.4961e+18
3.1490e+03 3.5946e+18
3.1500e+03 3.6958e+18
3.1510e+03 3.8000e+18
3.1520e+03 3.9071e+18
3.1530e+03 4.0173e+18
3.1540e+03 4.1306e+18
3.1550e+03 4.2472e+18
3.1560e+03 4.3670e+18
3.1570e+03 4.4903e+18
3.1580e+03 4.6172e+18
3.1590e+03 4.7476e+18
3.1600e+03 4.8818e+18
3.1610e+03 5.0198e+18
3.1620e+03 5.1618e+18
3.1630e+03 5.3078e+18
3.1640e+03 5.4580e+18
3.1650e+03 5.6125e+18
3.1660e+03 5.7715e+18
3.1670e+03 5.9350e+18
3.1680e+03 6.1031e+18
3.1690e+03 6.2761e+18
3.1700e+03 6.4541e+18
3.1710e+03 6.6371e+18
3.1720e+03 6.8254e+18
3.1730e+03 7.0191e+18
3.1740e+03 7.2184e+18
3.1750e+03 7.4234e+18
3.1760e+03 7.6343e+18
3.1770e+03 7.8512e+18
3.1780e+03 8.0744e+18
3.1790e+03 8.3040e+18
3.1800e+03 8.5402e+18
3.1810e+03 8.7832e+18
3.1820e+03 9.0332e+18
3.1830e+03 9.2904e+18
3.1840e+03 9.5550e+18
3.1850e+03 9.8272e+18
3.1860e+03 1.0107e+19
3.1870e+03 1.0395e+19
3.1880e+03 1.0692e+19
3.1890e+03 1.0997e+19
3.1900e+03 1.1311e+19
3.1910e+03 1.1634e+19
3.1920e+03 1.1966e+19
3.1930e+03 1.2307e+19
3.1940e+03 1.2659e+19
3.1950e+03 1.3021e+19
3.1960e+03 1.3393e+19
3.1970e+03 1.3776e+19
3.1980e+03 1.4170e+19
3.1990e+03 1.4576e+19
3.2000e+03 1.4993e+19
